4028.04 2.56436585149896 5.67818299725747 5.15225522810761
4197.24 100 55.5574132377945 7.1100088895646
4342.17 12.0057914510909 7.85353247948167 6.75025592458769
4351.92 6.95453141489587 4.75674841242524 7.70420984917655
4459.77 5.14366991595403 6.9546761323423 4.98791257238918
4634.84 10.6465148163196 7.22836160801779 16.7042419334057
4677.64 7.88538815621184 5.57225560894367 8.07757141823731
4752.32 4.78264062306204 4.40139597851073 7.42242100665044
4828.85 3.04810846176055 3.75121557744856 5.52102119475967
4848.43 3.70388098111318 4.87730900115339 5.30892444800429
4878.71 2.59866512810524 3.59806343940546 6.3171568438438
4948.58 3.77176386496065 6.16043350152286 7.14229300385523
5014.16 2.47539842554318 4.71376969924709 8.2264712034912
5026.03 3.5398657895197 6.83479967965169 6.78785249909652
5131.06 3.04210023750786 4.10213521117941 5.95596853695952
5253.52 45.9306707027674 32.3626871234968 8.92830106288602
5280.09 5.18564355254801 3.55401944772765 9.86140147971855
5470.99 3.39122184332348 5.14331464047305 6.14388286517988
5689.46 1.99083406508186 4.12612872839295 5.56282061500406
5770.38 1.31637150892401 3.31698141141683 1.94058250335183
5804.76 2.64279295010957 7.23393637820767 11.3513471466367
6003.56 67.1031148708926 38.3139873017422 9.04431566832682
6101.96 14.3900989090766 5.77103448252979 8.89503355765191
6116.7 50.154873946474 20.7201956544863 9.13797941111898
6217.4 11.9992437457895 5.95122344048985 8.37103346482036
6336.47 51.3436719462817 41.936714457791 10.1524207465081
6375.76 3.18645559004999 3.05816821976838 9.23661545089999
6569.08 29.60769865519 29.1447765236289 9.53015531192159
6794.01 36.3392066388749 26.828568602621 9.93562129336533
7116.84 4.44222688506936 5.28088748639522 11.2398946127651
7179.11 10.1678047642632 9.83304927709929 11.5267944150701
7195.31 13.1807790577147 12.9478245828051 11.3916933955497
7587.82 2.04842610035912 3.6927371414028 8.83718417335876
7740.95 40.4198252576809 31.9906589015084 11.9563000061908
7839.01 9.44833845798299 6.90971411088745 11.9890903388896
8020.61 2.8067211114252 3.5117193723341 10.8787082814488
8083.09 4.4438154734278 8.09754854032502 11.2934363324975
8287.99 2.56822075517487 7.42379477477133 12.9219941792799
8309.28 2.20746003932433 6.33542345913139 10.0637127468926
8410.55 1.0168281280613 3.12419694591723 5.3770694268278
8417.08 1.01637230725448 3.16251701617039 4.00393620810246
8787.23 3.44939458410402 8.41004403267346 13.6262778048786
8825.5 1.87755825847159 3.88204606611796 14.1927152983135
8904.67 10.4837629207286 18.4411041384738 13.3125141241399
9032.83 2.07992295784323 3.47653223682628 14.9601651548364
9136.45 5.02380765815762 10.2171279099478 13.5105317949819
9461.64 11.5674438573846 21.6026605300683 15.6085772039714
9861.47 2.61654757253003 7.86627033310539 15.0276704827193
9897.65 3.59885934574747 10.417435051914 17.0042239852537
10098.89 1.40819116055398 3.65095977742427 12.6848961784926
10242.05 2.02274797641542 5.73294517905483 19.4887079189211
10367.17 0.978897125212262 3.07440830827253 12.6708229920478
10450.28 1.80323576641289 6.45772868497824 13.9852759040314
10929.61 0.471521384570083 3.27506197948753 3.16983676915697
11110.95 1.57981025502686 10.4118425039984 17.250112249214
11135.63 0.505216524322784 3.2880423877549 1.70395611546701
11336.88 0.572988097895202 3.87274955457219 9.33666078797069
11771.66 0.256199147640812 3.48435649631651 0.544148994511488
11923.05 0.254963142165684 4.73269345473522 0.950047532580356
11931.08 0.240438670276476 4.52648610400793 2.37433779246203
11937.36 0.249361309392241 4.74856980976596 1.56914046133716
11943.43 0.28988921965533 5.58413824452751 1.73716001280627
11985.03 0.19772625701778 4.11949086491694 0.619984805452987
