4025.78 22.1363297552365 14.1325725132282 5.53849816486854
4195.06 97.2498474669118 34.0877336202295 7.23543900599088
4279.27 24.6380385250172 5.96853300010095 6.13807333882232
4296.43 23.0417221001747 5.37442788579592 5.93431134074217
4338.97 25.3344454884476 6.09116834488037 5.88226093357116
4403.64 28.9788962985379 9.08053175362287 5.62046202578949
4457.15 20.8016675207296 9.4706497593639 6.03652252803477
4623.29 35.2555911581222 8.66965510811457 6.70744635066603
4635.35 32.4628854867569 7.62957169984108 8.65754134096733
4676.23 16.5897698050892 4.10076394073367 9.39702703805051
4846.1 3.85089492906858 3.50482350092352 4.09771444526905
4894.22 7.6130126123627 5.65906858567692 6.05056845806575
4948.32 25.9526519775822 15.7620650794679 6.51899431349284
5022.21 30.8881356195289 16.0117680459884 6.27682196692331
5128.4 17.6324720311638 8.78181237363972 6.13481052007774
5250.7 63.0432111498201 24.0637665392989 8.54570049793801
5465.91 20.9957364676251 16.5096563988221 6.65761107922935
5580.63 22.6429467376968 15.1556519238261 7.19515134064022
5770.66 6.2617323931429 5.74138659807476 10.0338621594956
5977.37 8.50504420881852 3.20989798636003 10.8734169813606
6000.99 64.6125384056699 21.2895773250575 8.85087044426291
6100.8 18.7460456067765 3.9836234710499 9.42088355030046
6113.95 59.6567839556973 12.5225763246022 9.09028756617681
6333.09 100 30.8783743527385 9.37840833236078
6441.04 4.90542315443633 3.07870527682779 9.3534300822439
6566.99 17.8906275789474 14.6327071477466 9.72347703035666
6658.25 8.08855027301366 4.12747322989925 8.73461275525187
6679.31 6.85934893262174 3.26962837670449 7.5605463679085
6790.83 29.084517547465 12.2129297603549 11.0474292345552
7112.5 31.7781959193373 6.90720239276662 10.1612852048938
7175.38 80.1543175809234 15.2219730941393 10.3174000050776
7191.26 84.5982468057779 16.6060628123836 10.8342868091768
7584.31 15.7655488050629 9.30965997718558 10.4970867885477
7737.25 53.5677408751143 28.6956472688242 11.2003405940886
7833.83 9.49494983931785 5.4993062403499 10.2142256246898
7920.53 9.5759348322224 6.31193262585776 11.5266504145457
8018.97 8.85977862010096 7.22099044807668 10.2295052645022
8079.48 4.12193062784879 4.0382488346889 8.25757844892451
8284.34 22.8069725032719 23.4773698440405 11.0168113411855
8783.48 23.9091212065142 14.1786445088067 12.6906368743639
8817.98 23.7555288727588 12.0949270240272 13.9033578750805
8901.23 26.0551936987949 10.5071179494015 12.7051466401208
9026.1 33.558725138013 12.2710832338362 12.6134498306565
9132.63 25.8357559011424 10.663338964955 12.3916850782389
9458.29 49.6033569586068 15.3299209174173 13.6324822875795
9484.07 25.7595277590078 8.01235441593557 17.1411756406524
9893.51 4.22209271520058 4.7583258523035 14.343926319807
9989.36 5.46327246652271 4.49848177052325 13.1529220312568
10093.8 27.2027695192149 18.9283721697587 14.2616426000623
10236.2 21.2834547883466 14.1209628426932 14.54442456988
10448.25 12.1356849872398 10.9449236482835 14.344113226949
10580.99 3.34104828285013 4.1745652719386 13.3880714502302
10920.38 3.24303550030072 10.5887998821039 14.2960649852903
11103.93 12.0545776181747 33.9821146400728 16.487568823688
11143.23 1.64455686712317 4.21149998653405 3.02206139395457
11327.68 12.0194099262368 22.0688403092778 16.3652714740019
11364.66 1.8875147456859 3.27029057450479 5.0096066727674
11699.11 3.18174365875505 7.23205615639411 25.1744447805813
