4197.36 100 33.4228005517804 7.63513876528668
4339.83 10.5015678967746 4.26765792500903 6.74140863479988
4406 5.70596708141927 3.67036067215681 6.22778745683627
4460.27 5.74938284090789 5.53251652434718 5.35505514037322
4592.11 7.55447331092041 3.58213909402473 6.97445654517378
4636.37 18.5047648292381 6.72475947143367 9.28370613890729
4678.15 16.187542080776 5.95013555945682 8.17806027257029
4950.15 9.54902601934405 8.13128465988637 6.8494881612005
5023.53 6.70912814868732 5.3241914721726 5.49734305039055
5253.52 43.982530924894 22.0976287456755 9.46266494436895
5280.5 6.60331223351401 3.33024050017532 9.59107867855619
5469.34 5.4319085763517 5.8538965301035 5.1267236845606
5584.65 4.06012497359253 4.36591156395501 5.1468646372241
5772.49 1.74363864517979 3.10137871694255 2.9459291389594
5793.2 1.57134217269283 3.07717555269169 1.25417134408508
5808.15 1.8516170313208 3.91343545745319 1.09633327849951
5814.36 1.5859848513081 3.24527913009875 1.01676875803241
6003.42 46.7092459263675 21.6356135493944 9.5196136709601
6116.84 37.3516004221093 12.0347964070218 9.50570342659103
6336.18 34.2226247608265 21.0896361399537 9.63276336893705
6569.98 8.34048344812751 9.57587998737314 9.61796102291373
6764.16 15.5041536751026 7.67600447645482 13.1841247315942
6793.26 16.8808305959747 8.67888912553732 13.9581387891913
7027.2 6.11213594575313 3.49313259447834 7.77011088486233
7114.82 12.1951959720616 5.55080908420661 9.91331530859134
7178.18 21.3636187650936 8.59403057865979 10.1227013586276
7194.22 23.7070921553893 9.92388526454837 12.66860857349
7215.57 7.35570721187916 3.10765391364263 26.2927063574143
7589.25 5.95514263895957 7.36124852602105 8.39790976491622
7609.06 2.74207403768798 3.20309911899954 4.27087818723885
7740.15 24.8841754883141 22.2953061896817 10.6734723437694
7837.23 5.62555765841449 4.89262188913348 9.40663940709055
7925.74 4.05016735983051 3.95512762867979 9.05878848453995
8024.21 3.29503076401337 4.06251305496148 10.801374372546
8081.45 2.12338108431199 3.08636721932893 8.86642659600511
8288.99 3.60518993075462 5.55581183592417 7.79447467110367
8312.94 3.05673594266841 4.57069497418948 10.9837655143947
8326.42 2.17270103172958 3.1808380812014 5.11759064845137
8454.27 1.92626773813471 3.23301521476139 5.88184761122102
8467.86 2.19252587422614 3.78604327277728 13.6019821816953
8598.37 1.4522978246723 3.14422616559291 1.61790456198287
8785.35 6.33579998810385 7.49536535520042 12.7412144419359
8827.72 4.79515564909212 4.85470650057 14.6473313556799
8908.45 9.74229836999157 8.55639848479627 11.7917558898298
9032.14 7.58812489642288 6.35222683206505 13.4585297628764
9138.02 6.7475787809404 6.33372924939964 12.6229003803983
9462.53 13.7603495886301 10.5538548499362 13.0533726175217
9487.43 6.46195435976101 5.0085729350062 18.6413678436111
9863.27 2.43531783900709 5.61041632485008 8.64025875482548
9902.34 3.31572798509298 6.47969120832659 9.33714997527022
10099.25 7.14377898628477 8.6547224924482 14.9913588167146
10242.42 4.58376837601657 5.43292447573349 14.7376504089698
10451.57 2.89185318258292 4.81745208457056 9.54840470429554
10585.07 1.70274189997141 3.72894968591197 13.3004623671568
10921.7 0.800058675831029 3.2070794542438 1.38333140079885
10937.52 0.783650775532009 3.20426991017666 1.11679303988421
11113.23 2.69422850603168 9.26634623151008 11.9457997885638
11125.95 1.12268437461433 3.75466507871105 4.31916997854569
11138.29 1.05037512546016 3.44223577449233 4.91385848265782
11339.17 2.39908248721844 6.55411955968995 13.3227883781092
11345.49 1.5879943105963 4.29009887037334 3.45868460770907
11353.35 1.33161017057138 3.57741298981088 7.45529663855268
11565.62 0.998486857565168 3.12128281563737 1.0191007448957
11718.93 0.870393431614255 3.6919313576443 1.15229585994712
11730.98 0.725393297646952 3.16309327804126 0.897530647423991
11771.08 0.676733235674698 3.30471501346257 0.717802077806482
11778.09 0.671173756111503 3.34783683756041 1.23698162413712
11800.5 0.56377547186466 3.01088868050536 1.30558942798052
11850.67 0.532344247456324 3.22275122810818 1.92873407467232
11919.33 0.496210248918601 3.47830118029594 0.61820569383417
11952.45 0.444683885717502 3.37144800519595 0.841612112802977
11990.53 0.448002198413556 3.75150474057553 0.782234591206361
11997.6 0.358845336455894 3.06121778364835 0.304956887697699
