4026.85 17.9804579749916 7.75679178534237 6.69024130553589
4196.76 100 27.9125809117473 7.95722358436069
4280.74 20.9021456571628 4.17914695532104 6.56490748940632
4298.64 18.8919542644471 3.64129426636107 6.41565558630737
4342.17 22.9839061067221 4.47205054752506 7.36641306773618
4405 24.495700081455 6.15359333374697 6.45182060367279
4459.27 17.956727656851 6.68869554361027 5.64192217609434
4638.02 33.2645279016147 6.21940008698109 19.0743970012982
4676.49 24.3007317655026 4.71286310070774 9.5890243717904
4846.61 4.79090750316839 3.78989449320599 5.69847942804608
4896.69 6.09822107420996 3.506327413627 5.74026068683816
4950.94 40.116504091428 17.9754279636148 6.90043835744655
5024.45 27.3423191723262 10.567080490233 7.39613367648235
5131.86 15.5848264771425 6.19420190692831 5.6357042618547
5252.31 69.2980381957957 21.5055633644843 9.25914809383175
5469.06 20.6647485448247 11.8086422422546 6.66458951612003
5583.54 20.0375846831865 10.6820476650907 8.26781652889349
5774.32 7.18407306996166 6.76092582940917 8.25733648826281
5979.8 9.7470080166224 3.04399650941655 11.1510235172282
6003.42 68.0425954632498 18.2712709307578 9.58077677648271
6116.41 66.8893030271968 11.6088202827149 9.48469447479511
6335.89 79.6979590667068 22.1122867087188 9.81663340521845
6570.13 17.4240374046692 13.3294091076704 9.20288842482933
6662.61 7.70319458237793 3.56061575089223 10.3500653461033
6682.92 7.10170298688988 3.05391820240557 7.45941007006968
6793.56 26.9462660309735 10.0716785232143 15.020234452415
7114.98 30.5794736889031 5.53281943061036 10.8026054298789
7178.96 78.024988360024 12.4247639840137 10.7105807652388
7195 76.3522821519922 12.7417013153725 12.5657431158388
7587.18 13.6685853870852 8.23672766885155 10.4132099189464
7740.63 46.9923713401449 23.3468632336192 11.4229319565711
7840.31 8.83888609133283 4.45915855394534 11.0805345088947
7924.6 9.79328620374616 5.60395577952795 10.6998853021905
8022.9 8.84207855133627 6.32939337140687 10.6478392632207
8083.09 3.91298724778322 3.36290428870178 8.27544376997957
8287.16 19.1801319901677 16.0657791430319 12.4067523461181
8466.51 3.49075506506386 3.27867203163654 24.9819318433129
8787.91 22.0956837381489 11.8565457059896 13.4047879614318
8822.08 19.4000550526373 8.92530077229587 14.3676128048446
8904.32 24.6049469784084 9.00371821558202 14.1119920698984
9030.76 30.8149836629302 10.1299099682769 13.1094277652282
9136.45 21.8113982717634 7.95639758259532 13.6928749753206
9463.41 42.7392648860607 12.9609664223978 13.8451291891615
9487.25 25.1793512947728 7.64013025048406 19.6836883445903
9859.49 3.06812326234309 3.44424291569436 12.2069635847329
9896.57 5.30112631957114 4.82546335496192 13.2185925996982
10099.43 42.1061578219956 20.7143413072187 13.4879246315013
10242.23 19.5955214558632 9.25665092783929 16.7575084432829
10451.94 11.2919762037242 7.90131586940878 14.6303780639719
10586.37 3.5275003183811 3.57851444752703 14.3358813179966
10922.07 2.89928080385874 8.15250706334443 13.1217212313568
11110.76 12.5926140545414 28.3266233597199 15.6014257099541
11145.7 2.02371781803568 4.09864149663605 4.99384779210595
11334.58 11.4517909051652 16.9994216329667 17.7355340514241
11702.99 3.39084030296447 7.01546407060502 19.3671065432536
11726.7 1.47606884249792 3.20479906895771 2.43969296240721
