4027.8 9.43080310624973 6.19397356324145 5.03945780560343
4197.36 100 33.2348457605524 7.53222411098614
4282.33 13.3318467437636 3.89056537528985 5.84686467508163
4342.29 17.7444173802644 5.96287991504558 6.08411779600647
4404.88 11.5457432403801 5.5232402467818 5.61873139520139
4459.89 11.5600213531088 8.21830148030534 6.38712574502642
4636.88 24.9580686223123 6.17863927231749 12.1399524409271
4677.89 23.8812354641728 6.0842395618096 8.31739700566413
4949.5 11.2262112997504 7.94652455348442 6.5672542308057
5023.53 14.6757599004946 9.91679202852173 6.48557898766194
5132 6.52384035562419 3.9916296300619 6.53747104388094
5253.52 52.1544990511487 23.1317473710037 8.57857626241548
5278.74 6.79426748238393 3.00705825657948 6.77552903287051
5470.16 8.56501881365353 6.62591684484013 6.39171056912437
5584.65 10.007890961336 7.27081903981578 7.25945888935894
5773.06 3.14728321591064 3.82027060260716 4.42043572434886
6003.99 55.1390256914518 21.0922912023518 9.06398517713751
6102.68 16.6615241564566 4.37554191719273 8.68484423138034
6116.84 51.1080126232073 13.6264561919091 9.33180278441159
6216.81 11.3024085553334 3.24963898784151 9.3250872445451
6337.06 65.0772019671651 28.2194493556081 10.1392009019328
6569.83 18.2163635082967 13.6979133695671 9.45588953846709
6793.26 23.934626464874 12.2463428152601 12.815746230709
7115.6 21.1839272394203 6.73260299802093 10.0103109610036
7179.27 38.2638119868138 10.6218981051996 12.5152034817411
7195.46 38.9753923837456 11.2800931859174 14.6735593786434
7588.46 8.00046069427349 7.27259392068669 10.6933649698412
7741.27 40.6699950909417 27.7267290210713 11.8522366968991
7838.85 8.45542748044326 5.62228750413104 11.4950185809212
7926.56 6.47627917237898 4.77996266520015 12.5714955417416
8022.9 5.56257310097368 5.05313463475536 12.0296947231618
8082.27 4.26416634013424 4.5783378493365 9.04302427936454
8290.49 10.3356114196057 13.7481479895567 10.6435771215783
8307.11 4.42667825958153 5.83265840060593 10.7552701500917
8326.09 2.3659883485199 3.06231380676266 5.30464473072243
8464.84 2.24051268081496 3.77572717886151 8.60242625421051
8789.11 11.8638539509277 10.5085589636146 14.623380599236
8822.59 9.5326804794001 7.36985834311796 15.4984170225798
8904.67 16.181243268725 10.4463717227502 13.0295692809377
9029.9 12.384151316619 7.65777029628837 13.9784955572632
9137.67 13.1910315856373 9.43493789858754 13.7583849223611
9463.06 26.3395220544691 14.2803513071151 15.3629058381848
9861.11 2.31574246838624 3.61260830949406 11.8577301182668
9898.01 3.86340382754969 5.43648955722125 14.2339759995593
10100.16 8.94288251621497 8.92774133332988 15.6229583229069
10241.68 9.75268735203471 9.97618956620259 15.9368772030575
10451.57 4.97654177633185 6.79763880395517 14.590562720663
10583.96 1.87131117763685 3.17833526871285 12.7796181497815
10925.27 1.84062099400457 5.60847162783685 6.9705760067809
11110 5.26685369733564 14.5599017923284 16.2295530760803
11147.22 1.17126239980172 3.07760877592891 3.76208406277874
11334.39 4.59208537184353 11.4948094246115 16.3302579302508
11706.49 1.177986255286 4.44566059658175 4.10193583929504
11714.26 0.954794226753832 3.66245505993436 2.32184299430082
11723.01 0.811174277411108 3.17380983570017 5.29345380889572
11751.8 0.720047896888547 3.04440633584584 5.24605262557452
11874.71 0.519653267088716 3.05141756205995 1.23944492216106
11895.25 0.514918742467282 3.16786284121385 1.08710720613635
11909.54 0.522499113020185 3.32518684965085 1.24408324096112
11935.98 0.544339811509844 3.69935335182911 1.62940807953782
