4196.76 100 27.3724781851203 9.18974487483229
4340.45 13.9478351866361 3.92514007370884 7.46426867673017
4353.15 16.6013546773083 4.80902549928161 10.0932102682673
4634.97 13.4787378900487 4.80029033101486 17.6991013524967
4675.08 8.62871407256697 3.2742651364074 7.82253660065544
4948.71 10.5316031611074 5.60462224273079 8.43544743862094
5019.97 9.30981833032197 5.05208341462593 7.59788038825354
5130.26 5.17858223649181 3.01039924966313 6.77060739911303
5252.45 51.5007644880403 22.4445239514931 10.689001746975
5466.73 7.42124006905082 4.81470127628374 5.80312347629751
5579.52 5.82287904946769 3.6638219520585 7.98168732579779
5603.37 5.10333153998733 3.25892348707675 8.52554077405784
5812.38 2.45726453788208 3.0696079473304 2.23997417133887
6002.28 58.1262804931625 26.6753047456987 10.8075441471001
6114.24 47.3515774887099 13.7916092150081 10.6614546045721
6214.92 9.93645020899982 3.06102992439066 7.22812157285716
6333.53 47.9087998696127 21.417157759045 11.0784577407503
6566.69 14.087900133851 10.0231755921206 11.5694770429691
6793.1 19.0037094994191 13.9264678084335 12.804775460073
7113.12 10.9153416314317 6.48724730614252 10.7422580505263
7175.69 24.7939059390686 11.6337968388398 11.4602552116203
7192.35 24.3631163195054 11.5508948767984 13.680509100961
7585.42 6.23010424349299 7.21075242879427 9.67867568388738
7737.09 25.2586341276319 22.5917956271746 11.9552729437528
7834.47 7.15694292053406 5.9907336916586 11.5441806752333
7920.53 3.72016368892781 3.13689276891623 5.48309727697506
8021.91 3.72075299006516 3.57047169640767 11.4292350111882
8081.12 4.14326802635553 4.43166344049259 12.6934385026016
8284.84 6.03401463966788 7.74162866812093 11.4809052670607
8306.95 3.44184791443051 4.4121337985538 7.8087379828321
8465.68 1.89303794348169 3.07846285185047 4.29375273403093
8782.11 7.2853102271541 8.48129565860567 12.5746474661137
8815.41 5.27247792856694 5.53466602764338 11.5878740987337
8900.2 10.2184937432624 9.22102268154029 14.4430669078538
9027.82 7.16714555774382 6.22626366886369 12.4792319325843
9133.15 6.81878151270833 6.68565792538215 14.1657863864675
9459.35 13.511515432338 11.8446977206682 14.1318372104615
9857.52 2.86483455076344 4.33389128763266 14.0759430258695
9895.67 3.54050055581824 5.26060526530448 14.3017355973407
10095.07 4.553217715152 6.21072484379765 17.0572046307898
10237.66 6.16748199046071 8.76996007191404 12.8341049134215
10447.88 3.3356066201412 6.01095632657496 15.4681861335666
11103.93 2.55847559719032 6.97923560303249 19.6014995709738
11122.34 1.34792625685123 3.61857980918614 4.3589425986047
11326.15 2.34631255869867 6.0455644229881 11.5572090822079
11340.13 1.2646697964515 3.21375944507837 2.30468621801083
11662.81 0.925196323937252 3.54833662409816 1.29926246633659
11751.8 0.715913852886229 3.45479793150855 1.36891878032293
11795.44 0.562788589431714 3.10642311902353 1.86632055500559
11809.48 0.556871359652632 3.22718062844959 2.17334565674355
11819.62 0.502458629893232 3.0170844555964 0.797468937591475
11895.05 0.423228019494241 3.00113590575843 0.276012776670541
11976.98 0.467550017181799 4.12817407231546 0.601622548731029
