4157.29 29.7745861079911 4.50036828657821 10.8510306981252
4218.26 100 13.5981649450017 11.4472382900422
4375.39 19.4171730175282 3.37861943703988 10.2277155152997
4596.67 18.628879623933 3.10949001372059 12.0698689087858
4639.67 26.4315495545949 3.67678817621584 10.8594876380557
4682.1 32.8554367684777 4.78039238090881 13.8293377947421
4954.09 17.0723934440963 4.56267482116147 11.1782378416792
4987.83 17.0700109714574 4.21939274465948 11.1938889537751
5065.7 59.5702291469872 15.2330373428827 13.1904006261793
5259.32 43.3435000668505 7.60754095003696 15.3191966271497
5289.69 34.6181804645474 5.91948594192017 17.5513573400303
5388.63 26.4509167523032 5.47512059640396 14.6572497093466
5620.73 9.72576896969756 4.01362998562685 14.3565366701032
5823.12 7.0328302305104 4.44232645967995 12.0116081578517
5940.23 11.3379062780375 8.33536735863376 14.3662636027275
6013.03 21.3354830335095 8.67839389013299 14.2514625600534
6151.43 41.9272567713762 4.47641849338033 28.1862464538135
6284.27 37.190894106796 3.4172649029644 15.647417232829
6343.97 26.4919498966071 3.06316441003284 25.2686480116508
6580.89 13.1215157883742 4.45459322382948 15.0626270940911
6796.75 55.9825509390558 7.241880167684 20.0601326545266
7608.74 58.1747072862548 10.1106839619424 32.5086321296476
8033.22 9.6624990361132 3.04878940279226 21.5070882122482
8435.83 3.87822779186407 3.03649655935628 15.7311036367664
8510.2 4.0931384877633 4.36045757746168 26.4505173871803
8527.7 3.85439352789292 4.4261360601846 3.695671732552
8827.72 14.8721075511541 5.46965255716278 26.4938012871262
9075.57 21.222562519575 4.42860356008564 28.5515013493714
11146.27 2.95787915524499 3.98683670572383 31.077472155901
11182.6 2.35399407839242 3.05780733322771 6.4344698568475
11714.26 1.74558762907645 3.7312462014382 13.5341886862152
11732.15 1.3836659484674 3.05524167072589 3.7025788484043
11874.32 0.908338225732847 3.05108510371395 1.8525178815471
11975.02 0.783386188821858 3.56118020639048 1.42226138017577
