4154.76 36.2605100428792 5.47541939047783 9.93299032154937
4201.25 33.1497154876377 4.74273763800683 8.8867325692454
4215.95 100 14.3634997300275 9.06140190570022
4372.92 15.7302788471342 3.62995353342823 7.7217752679262
4425.75 11.8130963884934 3.45532927370928 6.29060424035015
4497.04 9.34393487000468 3.40898805644911 8.65474173988969
4638.53 22.0660944797526 4.28062505280237 9.10305802837411
4681.34 25.667993781548 5.20370568458001 11.5646732199739
4899.17 9.08334103965287 3.21644555912682 9.05789037751128
4953.56 13.441179819586 4.21206945312331 9.47307316006027
4985.59 15.0059054865864 4.38159824244732 9.86655222361787
5061.99 44.1269969410421 13.6927984320272 10.9870410570838
5257.97 36.7335845032189 9.47478070221998 11.7795070138227
5288.47 26.475915137527 6.75739264040041 14.9277643648529
5387.41 28.3393102425609 9.08827833992378 11.7065146738814
5621.43 10.4053896209392 6.81787790064844 11.8300586097894
5820.86 7.48888301051029 5.40408301695706 11.2631266497883
5936.24 10.5391322354337 8.69821126347255 10.4795192394431
6007.72 15.8896550082009 8.3114214686512 11.288649976088
6149.69 36.5496597328502 4.79598035787208 24.8143083245186
6280.46 32.458893171278 3.87663057787661 12.3922062968304
6342.35 19.4625908037483 3.00844942938462 12.9914930416535
6578.05 9.80169888247626 4.25017452773513 11.9532503477994
6795.38 52.7011451740999 9.89277005094619 14.693067115034
7157.34 22.8927067628973 3.04852931271939 16.0905439313292
7185.03 33.4359500450257 4.23435414410494 27.7036355519194
7606.5 36.9620372947783 8.83273816343908 27.3346179320524
8030.1 8.18829835474961 4.03332749115107 19.5282308386368
8297.47 3.96865698321163 3.25762721543531 13.1351012767009
8429.3 2.68658735170626 3.08081792476118 2.84634301587539
8434.99 2.77524535619953 3.25104578742755 6.33465525150132
8506.5 3.82752576429752 5.65194104845156 14.0179278587857
8523.66 2.4525914211916 3.66613656049396 8.12594854832423
8532.41 2.56510091872744 3.9420003057939 7.56957722258267
8573.55 1.811293983681 3.05807206371782 2.20314132983913
8825.33 12.7994121294369 6.87479979150604 21.8584549375137
9070.37 16.3448811561232 5.23844270434382 21.7954179109984
9562.85 14.512596669967 3.30376314367037 24.0918882691312
10041.33 3.78642220363126 3.2714572806672 17.6319214128816
11116.83 1.90498130183798 3.27401411811723 3.06774261487044
11133.35 2.01501662373945 3.45477375493305 19.2668933158511
11143.04 2.07560604292794 3.55807518911447 22.7763060452307
11695.61 1.30188090314729 3.52046303297811 5.70943617336525
11703.38 1.43162249447769 3.98390095094092 16.8736503276377
11719.51 1.34384228814343 3.89160594103224 4.62821212793096
