4155.84 36.4630162493202 3.16746685773112 11.717085264363
4217.29 100 8.13129211197024 12.4193964608749
4641.2 22.1992555406724 3.70771755499856 10.4425264623278
4681.59 28.3688425213995 5.08195238868927 11.1994437057492
5064.37 51.3020306588211 10.283666347597 25.7446737222326
5259.45 41.7835326653854 7.76422903338872 14.0644116630674
5290.23 32.2533153513211 5.76397907295126 17.2611539806876
5390.27 21.5539815430543 4.30597814321376 16.2160870706966
5619.48 7.84215753512798 3.76025672236329 18.8325256175785
5821.14 6.82523603995313 3.18545403204199 3.55192513927705
5938.09 9.92433560048357 3.81087373621603 13.5667252606954
6011.74 20.2784412402118 5.25708702080608 15.002771815186
6151.14 40.5143595051149 4.2186744657512 30.3632625688797
6579.84 11.1081733478266 3.35633553559876 14.1984482182779
6797.96 48.5335154136299 5.64981106209625 25.3196430610305
7607.14 47.2246104219183 7.86353225375689 50.2878717324393
8826.7 13.6525738277268 6.36045226328821 24.0202850774276
9075.4 13.7642015785349 4.74340619608823 26.7523423645216
9909.91 3.82663543954689 3.21151860358795 26.8352903489504
10591.2 2.6798159191242 3.18426133087476 23.8659627052057
11144.18 2.29070800310474 3.59962602483446 29.5972373453023
11704.16 1.27748212462248 3.26643832074817 5.14447173695589
11714.26 1.25497181163935 3.31146378594638 8.89169675790254
11886.25 0.685740125015162 3.15984782709336 2.44042809488383
