4157.54 32.7399803521121 4.36578475176088 8.79933083343985
4199.79 27.4813179798932 3.42843678499482 8.9330938649091
4217.16 100 12.2144691961378 9.70518861049459
4375.27 44.2303743016967 5.06253518650633 8.24932165917562
4428.99 35.0814068479557 4.17318895096862 6.06783478156285
4599.07 27.3850428112538 3.10652777774704 11.2274564491145
4637.9 29.3872507931223 3.13671665034039 13.5915275465777
4679.68 26.4761952961981 3.11042424665503 8.91964121275032
4952.78 23.6868823761145 3.72697611304893 9.93081311596052
4988.88 27.556351475681 4.06192640674763 9.68971400421469
5063.84 70.5345184214901 10.9384107883045 11.1894310644484
5259.45 62.0313304854436 8.06445774801508 12.1796289865324
5288.06 37.4029177915982 4.74717831950034 16.2376580899463
5388.77 32.2291134726325 5.17932732349866 12.262690892715
5624.21 16.0688629706179 3.97525366765598 7.25668973674328
5775.03 10.7831246722354 3.22476762822143 3.20899443399321
5822.41 10.9031413202102 3.43473654473836 3.17648426362484
5939.38 20.3140723360137 5.54528543699552 8.79269443384692
6012.6 30.1137563179947 5.0284936610253 10.2331372117451
6152.59 64.4044230998401 3.93623705335558 25.9862205902409
6281.78 62.8351119270347 3.9036664614454 11.9437830443749
6581.04 17.7106598997605 4.10017587140049 11.2051179580685
6798.26 64.3523794902615 8.0013139652472 14.8384260476932
7159.99 47.6343306402628 3.55140345183553 15.4379755180198
7185.34 60.9394978170499 4.30261705496261 27.3185253226457
7604.91 50.9973784641333 8.6008085254431 28.7083081170003
7633.05 27.843235155848 4.41489402044982 20.2032631613984
8025.84 14.6800888132481 3.39539625502526 16.2016943993185
8297.3 12.8113398377012 4.32645550260275 5.79628181704356
8302.46 10.7751643134457 3.63200476875622 2.77227473859966
8308.28 9.07361879015468 3.05186440399741 5.00599356810017
8509.02 9.17723726977956 4.96211269044021 9.33611702677626
8827.72 22.2906556635363 5.47133454127362 21.2187453663682
9071.76 38.4348062726013 5.30542245057232 24.1886910887406
9396.09 30.152572071538 3.01300493017157 34.8755930463776
9904.68 6.2689813582151 3.04882944399742 2.6482559004271
10167.53 9.72257169482381 3.17114203986737 11.6096245718327
10228.33 10.181955110262 3.50938985366048 12.6800390645913
10591.02 5.66493247605042 3.18654993410588 7.03039229305978
11120.82 6.23385541370384 4.00636405134593 4.33747132982717
11126.52 5.97313189347642 3.82082926386033 3.43773946723195
11146.65 6.14980996081248 3.95337536085137 5.57655169889222
11165.48 4.75664548498026 3.0168543987277 8.08255073654436
11688.04 3.44863084296361 3.41739142921985 7.11168470140365
11703.96 4.49751535444701 4.70772039316304 7.22519596605889
11712.9 4.66261155059549 4.99428033137706 6.02579571999559
