4158.02 65.3127348062736 4.08867541281518 14.0580389804945
4219.11 97.6257181920024 5.77942793061821 14.7372692034342
4683.77 27.9024205623609 3.82302866189875 16.8281705097324
4904.13 16.5737120415627 3.4097195461369 12.6414194184154
4956.58 21.6953254810172 4.24543507851196 13.6840012503199
5065.04 52.4127375147406 10.0948334181024 24.7803695635757
5260.4 38.261950794053 5.44570828220337 18.1145269530607
5291.44 30.3973572642182 4.06349918428695 23.2852661661918
5390.68 51.6165344431614 7.67464517900159 20.0302793683777
5623.65 12.1254937643132 4.9218699675578 17.4124340621265
5825.95 11.0619951321595 4.0832749802679 17.0566196255304
5940.8 12.6737168196633 4.38360923460572 16.6233131621475
6012.74 20.187546718718 5.22623390896518 17.6498560613181
6164.48 34.8115420421619 3.05571307928288 31.1579217249282
6800.09 100 7.78040558408584 27.5946110470059
7611.14 43.5910982389421 6.90852770871402 48.5965129542783
8507.34 4.76619840476232 3.12898707396204 26.7410037982572
8827.55 15.4250117922607 5.95785200724215 30.7344136245556
9077.82 14.7920943495612 3.28584728776711 33.1675461515806
9568.7 17.4334391094578 3.30123040817069 37.7116305894288
