4155.6 28.3017600779244 6.08092076631088 9.22469691509741
4201.98 28.9353922816494 5.46511114379603 9.72628317394538
4216.92 100 18.3387184749487 9.68562056824612
4301.95 18.4413592288911 3.27218213012335 19.8787729185988
4373.41 23.6678573338689 4.68474378416761 8.90136927902859
4426.37 16.8918239332417 3.85138459616325 7.36243003995241
4595.4 20.5494724100848 3.94738562266292 11.5432672228508
4639.8 27.6654597823096 4.53245008175417 9.95059879896871
4681.47 34.1339232660067 5.98753006201341 11.0496784339939
4953.56 14.7007825021306 4.46628911625813 10.2237208274328
4986.51 17.4588341390171 4.88831617316355 9.55544249237755
5063.71 53.7713032849838 15.7639889711052 11.7915343884279
5258.38 47.4337512981503 10.7631905538596 11.8736050665229
5289.15 37.8659649197188 8.165578627657 13.1017359491943
5387 22.9093901875003 5.98714681301798 12.4171262854716
5609.48 7.62566429066919 3.93293327273896 10.7021078647258
5820.43 5.61409822453202 3.97766359296229 11.8813641885135
5938.66 12.3895128828414 8.333650228972 12.2942727770051
6010.02 20.4301150331803 8.23609037332065 11.5905876958441
6151.14 46.4837271099611 5.72665740900876 25.96970784525
6281.63 33.021120490414 3.86383297503774 13.1844586265115
6578.35 12.4702369596739 5.29917815780487 14.9793151442973
6763.4 19.1689189612451 3.50468617770333 28.8621258213989
6797.2 42.1635706245352 8.45124796109103 16.7791605002276
7157.81 38.8906001375747 4.24409525218508 16.2585272161023
7186.27 38.480249192063 3.91706810644983 27.41308261824
7606.66 31.2174003975529 9.2261315401735 30.4159411433548
8029.94 9.21265784678995 4.00849073645842 28.2514619631102
8296.14 5.01489353836488 3.47007087065581 14.5537595321057
8434.49 3.48657466449069 3.3312343450388 15.9448465912719
8505.99 3.42389727978999 3.86188819153399 13.7202451464873
8528.2 2.83644992558834 3.34677954513986 18.2737966588447
8826.35 16.9057413831224 7.22173423729641 21.8351010985079
9072.97 22.7113117122662 5.865799995742 21.0974413971162
9398.55 19.0108704605112 3.61755129096218 35.352766905713
9563.91 14.9503441101281 3.06594610627537 27.5378042764478
10045.51 4.51806427358077 3.33086942751244 21.5482582718996
10588.6 2.83085248509403 3.30927404484244 9.24789445493116
11120.63 2.14222315533617 3.34543341795026 17.0091893322206
11135.25 2.29012652408978 3.56669487302302 6.47386676958013
11142.28 2.02597887371841 3.08784387217297 18.6727005182674
11701.05 2.16073929631977 4.80813782384361 8.89660851731423
11725.93 1.33617237370954 3.1296792005331 8.62444119473003
