4069.56 35.2637867754581 4.26000401090051 10.1469150731541
4212.3 78.6576377119574 12.365773191468 10.570789356816
4354.14 15.4951594681018 3.43491327968491 3.86921126253947
4369.45 19.0004900471846 4.47823797053018 8.13235218636873
4457.4 9.48470777778934 3.37347054327988 5.64768920448023
4494.41 10.2080526419776 4.03599274286706 7.26829128685768
4636.37 44.2310459547849 5.34847257502016 8.66768479970688
4679.55 75.6272402275111 8.5664142632089 8.58906796440533
4721.89 40.6906764897762 4.51263853008568 12.071694315483
4847.65 16.1363161429424 3.00086415152099 7.41119895770862
4947.53 38.1277765746279 7.28309185711559 9.91014325013475
5058.95 66.6868794714994 12.2464028983118 12.5246754367881
5254.6 30.5442324750122 6.79294836422635 11.7781885571303
5283.47 20.8827648238024 4.55986756960937 12.7864598482856
5601.43 12.8034723685829 3.69451366620119 8.70369045149528
6005.71 27.5725186205272 4.89742679838308 13.6936262603222
6140.71 100 7.02702335120265 27.5690379737825
6337.35 29.6561761505394 3.45058650998322 12.6135525707841
6728.62 16.7552646996731 5.15308181096194 12.9581940017488
7254.46 26.6448073387226 4.29615207477237 24.9418550062746
7592.61 80.7945201389904 19.152470855555 27.2843069836254
7841.6 49.2243334305504 11.4641911214379 20.0022059326993
8819 9.18656171911412 4.46425277436942 18.8524706655662
8913.25 7.70465913145443 3.22513109458503 16.7006317152063
9060.51 11.0490337079584 4.44550820856833 15.817994353929
9135.24 8.94050777319848 3.63549258819567 16.4199874680198
9386.41 14.4461944183408 4.27354470163428 25.46828429165
9464.29 14.3324887906731 4.29165948739131 36.5475819102558
9863.99 5.32614021460373 3.44436290939675 18.005324270629
9904.68 10.2077579481654 6.63728261143598 21.0747180670896
10095.07 4.93753865170298 3.05055485918119 15.0410305799724
10242.6 5.65150832680432 3.79389136728949 19.2949208428327
10578.02 3.17883576288741 3.06202971426052 2.00397013559086
11113.41 3.58684212324216 5.05956026564119 7.59752124594525
11121.58 3.07669627363143 4.27175801257856 8.19851023853516
11327.49 2.31803238730916 3.25693198272037 3.63269103928542
11671.93 1.37374861756791 3.0195789966464 2.20319080749141
11686.48 1.62008818330085 3.78451526532373 2.58674190127385
11709.79 1.33823387100722 3.33367618869532 1.11779533007029
11718.54 1.39161348090207 3.58721294738841 1.94770263962346
11866.89 0.801034123077501 3.56620221229807 0.978329887650034
11890.36 0.785942131197458 3.76746266695956 0.593842518172096
11904.45 0.734731842759343 3.68461217769152 0.920264885698998
11935.79 1.26237053526932 7.1641233582403 3.92694416360791
11944.61 0.92685324953268 5.4110507837907 1.71955436630378
11953.63 1.04966510743813 6.3614080982152 1.02540639701328
11960.69 0.587869436566154 3.62638690667381 1.58736539473284
11971.09 0.472868880747974 3.03397951079832 0.783198649627593
