4068.36 21.6152491730131 5.31270133782181 8.02624921085908
4197.49 32.8536730686605 8.07963636991293 8.14942133341356
4211.33 100 25.128005305299 7.53245084823993
4348.46 12.3444325836499 3.51775012109659 9.48323680759677
4369.21 16.05883033974 4.82430355878126 8.16866256979301
4420.53 14.393732464804 5.42770079520153 5.39303769888102
4458.4 7.40793588829525 3.51014910111122 6.17850953212928
4490.4 7.69350271654708 4.71745329359777 4.95188516635517
4589.07 13.0850642081386 4.33886971564585 9.64898980582711
4633.95 21.6501662227095 5.49677982506431 11.2255103008074
4677.13 24.4126443413269 6.30822777702714 7.13912376050121
4719.33 14.8953308533284 4.06066028225004 7.38566190377242
4847.52 8.87515198645674 3.99476090154763 4.75918629630996
4945.57 21.7659590380409 7.02040918055355 9.06949870198059
4981.39 10.8403729091385 3.0327835808586 8.3949367641244
5057.49 50.9443340988989 14.7271129320018 10.2900996678045
5252.45 35.3779723818459 11.74366929513 9.33135777244934
5282.39 21.3743243633375 7.06775967960692 9.66748466492663
5469.75 8.01062505690621 3.95795780354503 8.05151708481026
5604.62 5.84637767172763 3.24831784860901 8.12395580609063
5767.43 4.64962423231409 3.2531959242058 4.84390757315941
5805.33 4.10688861982474 3.2014630755656 6.95834914729039
6002.42 23.1209098555925 7.03951032542087 10.1939521196373
6114.96 28.8789065708957 3.34918029025128 10.3172170672042
6141.58 53.43076836491 5.62083728768849 20.2192775983895
6274.02 24.8571305782018 3.11153573283851 10.5789303692454
6333.83 20.1724391901286 3.85343913223266 10.5841107490805
6490.13 4.86376623406879 3.02728233569966 2.1043921329674
6723.33 10.3219008313502 5.45778258744424 12.0489346478853
6761.58 6.96203947711256 3.52950004343361 11.0174375905863
7149.89 21.7419498593471 4.68520075864473 13.0609997290576
7177.25 22.4090998045781 4.38889111025766 12.1162921084288
7250.55 17.5901200387692 3.82190607921394 11.7258712934408
7584.79 64.4249232108817 18.9330614932905 21.0051376527954
7836.58 34.3980995761977 9.96116754978376 13.5803246768246
8286.83 7.45280713633146 6.02107809483095 12.6636481734258
8425.45 3.17194423879217 3.44172068023502 10.3256492589298
8784.67 5.35068278320592 3.48329161633661 12.6132385258406
8819.51 10.3864512123885 5.79839534045056 15.8662127965799
9062.06 15.0888424954559 5.89905605516682 16.271126922551
9135.41 8.86668911650787 3.53480093015624 14.0845573349688
9386.24 12.4607052175945 3.93268296977703 29.1641280509266
9462.7 13.7138345543573 4.41434940128206 25.143695191704
9897.83 6.62119235932579 6.71053411690877 13.8536225361877
10096.16 3.44209199196909 3.02091083118023 15.9081998198071
10216.45 3.49575477478404 3.06124811277282 21.3614398856571
10241.13 4.30736951263849 3.86433664516745 20.1453208610383
11111.33 3.13668740439095 5.65241509938748 24.7511211006949
11132.21 2.32008828605421 4.10689483573871 5.13315360060733
11693.67 1.91781863808469 5.76728683997495 6.31531186123721
11699.69 1.62884660848113 4.94472328017317 8.01699083820495
11934.42 0.567709574105212 3.17134530559361 4.08751040083553
11946.77 0.644140725232522 3.73705889930896 1.79584637867265
11955.98 0.537783533621452 3.19720305803729 0.968685525665933
