4028.87 17.7312086982368 3.09968573477188 5.13337619480444
4069.68 28.6850667774616 5.19998442482966 10.3711296374745
4198.34 26.8514491445591 6.011397513202 8.89255654881799
4212.79 91.2553975035764 21.2181442157772 7.86083138868889
4298.64 19.8361402853278 4.56230855703399 7.46111111724622
4351.67 17.7550091325591 3.52595936442283 12.5044928444013
4368.84 24.986259450847 5.00178980177744 7.16062579420122
4421.77 27.3738415066985 6.26746340000172 5.89745387065068
4459.14 21.1648203543007 5.54693245372176 6.53658234291197
4588.57 29.2955556219981 5.13177290785061 9.33034669816971
4633.95 38.1607905915632 5.40163251581273 17.0202836416338
4677 42.4585702888001 6.45620381172099 9.01206193944836
4718.18 22.0364152321126 3.65094954988878 9.7236126870057
4849.47 13.7510603900863 4.18696364268442 6.78206661288186
4947.53 28.8724237643079 6.73463683466888 9.88847947707382
5058.28 62.9373309832154 13.1730350672 9.51383140295547
5252.72 40.1703522820385 10.091316864307 10.0013739616516
5283.88 26.8979868186302 6.78075821526345 8.9209402195238
5469.34 15.2425740962341 4.9725706889027 8.47335215893781
5603.79 9.15707622827791 3.38986073326671 7.59860408202076
6005 27.8666658812549 7.53089667283134 9.5314288373811
6116.55 38.6130023554736 4.1741465069319 9.08550139390081
6144.33 63.0716911359894 6.04156864340534 19.9210522066824
6274.32 40.3246616812013 4.20228599063416 10.0182131002011
6335.3 35.419976781783 5.50600350067289 11.0596322074007
6441.34 9.69729528833867 3.39902624776003 7.88299836381611
6492.95 6.7065772999918 3.00236297156411 5.15521042147611
6540.73 6.99750261793116 3.44993849439623 7.68124810642621
6571.92 6.24716534387949 3.04924082910975 6.82191721919298
6725.9 15.8394442270042 6.12318084356976 9.50565643866048
6756.28 8.3233082551254 3.11015323542736 8.68492367745148
7151.28 29.1893827355859 4.36694393923363 12.2341730803064
7180.36 35.2175439219176 4.73885800269163 12.6464568019719
7251.96 29.2197657446055 4.35850754709022 10.994536483202
7587.98 100 22.8512862796127 23.0775860210397
7839.01 56.221398798762 13.8748358985246 13.5989352277775
8290.49 11.0418911189776 6.33579989976324 12.3167044762013
8425.11 5.53640211716161 4.41794379601052 10.7812623784976
8788.77 7.28148357894844 3.62306069338439 13.8482485950699
8820.71 14.0205767188713 6.01352505816725 16.610241376462
9062.24 20.9586381568967 6.2826630420224 14.7023337727314
9137.15 17.7571452210567 5.49962567158934 13.8190795907576
9389.05 23.1696967712911 5.5757550189317 27.9017043913736
9462.53 28.6266847472554 7.05341057152052 20.0502134835751
9863.27 5.39092173263053 4.04882664484662 10.2433528177771
9898.91 10.6471887007971 8.01307489238012 14.3782901436334
10092.89 4.90732685157801 3.4413481080141 19.0575506684727
10240.59 7.52641857799162 5.29146108034149 20.4070308089067
10319.2 4.37842473081242 3.04656888563248 7.9335369061173
10583.4 2.99496628938586 3.14878570959846 19.4639411273965
10923.58 2.226405685378 3.8242053520376 14.651002980645
11111.33 5.27886405893684 8.9358835491439 17.5221799473511
11157.68 1.91293209707905 3.07977535494031 4.28616488349326
11336.49 2.55945393093204 4.17551550440252 12.9644907948077
11697.75 1.49782785224232 4.13025140419724 2.88255133449093
11706.68 1.2570144833844 3.52773908542005 2.24887654511076
11786.86 1.08868324090816 3.82631842475432 1.7501419403543
11922.46 0.744702527639724 3.60006478963292 1.26156562392134
11937.16 1.32872829859668 6.67184213490299 10.2533936432792
11943.24 0.993052963843004 5.05169760020226 3.70671664455767
11951.08 1.03244681524616 5.35384089237758 1.36198502542356
11960.5 0.883575881360093 4.68627911984496 1.28840929772559
