4067.64 36.0402063319123 6.91348570754064 7.78473005160686
4194.94 29.9618695309908 5.99798237350542 8.30280722085809
4210.96 100 20.4050887672621 7.39759772611978
4350.43 14.1687646546144 3.28086092192076 11.0504046819406
4366.61 18.4274017417223 4.41450715439451 5.98125901205549
4420.9 19.1857655711645 5.48753779693093 6.23048072431357
4458.27 10.1326074670428 3.2767939645718 7.55380476109713
4587.18 16.767611409511 3.79235861972135 12.1214102128906
4632.3 23.6311428884758 4.42682564075316 9.29064599924459
4674.45 25.6176478966928 5.03243419188123 8.91527994396893
4718.82 16.1552580145812 3.35044472874181 8.85701317888834
4845.32 11.4588608629378 3.57825339203815 4.56698286671417
4944.78 37.0157086542256 8.84642208296239 7.50717280148365
5055.64 63.0886296748586 13.7209318140607 10.3195640957956
5249.35 38.6677698190101 11.2591209966246 9.62220751075893
5281.31 25.8923983634107 7.52297944180566 10.4366171153979
5467.28 11.0146046644047 4.20973099826169 9.08235686484022
5599.62 8.44903559894263 3.80248305652897 11.3793009513629
6001.13 21.6150229290087 5.99477712860293 10.6641418232139
6112.5 35.4532908953336 3.77155099496816 8.62501319618968
6141.73 70.3346465744398 6.70996088844945 18.2857707047424
6273.59 32.3803338860601 3.48957358277992 9.79547965354141
6334.27 29.0079764881992 4.51013889578575 10.5764906626355
6723.93 13.9415829744823 6.0293410989875 10.1477151065792
6753.86 8.0039382833636 3.33038559987741 14.6097042632
6775.67 7.49956535630908 3.23687647899093 18.7793477385603
7148.18 24.4468779420938 4.67385002242228 12.1247325714294
7176 22.6613334979796 3.92842178579541 10.3466170722995
7192.81 17.6775060692707 3.07289930425228 11.535892313108
7248.36 24.7838916248268 4.85610795337262 11.3209152044565
7584.94 80.95359524929 20.1508806535902 21.8037598196497
7834.96 46.360055129183 11.5853393140843 12.2082597003773
8017.17 7.49951637596585 3.01784688125665 7.05147492993274
8285.33 8.35598200146338 5.07467227942641 10.9825548359822
8423.77 4.67755691762139 3.5231190926865 9.01364117771845
8492.88 3.88268820110268 3.26055986043574 3.91458406820129
8786.21 5.78691889012576 3.36528929712103 7.00532778782144
8815.07 11.174314074514 5.98894399989553 17.9684672027761
9056.53 18.7705385149028 7.71635482500867 12.907102962221
9134.37 8.9724855432485 3.61386001125715 11.7511152125098
9385.01 16.1335883877227 4.52414622760166 30.0239188843007
9458.11 16.2786272226352 4.61787644628921 18.2659037671019
9855.54 3.83947377599413 3.0218533846826 8.007078323717
9893.33 8.26389398848752 6.72731014890056 14.5138510060788
10092.34 4.5165644455921 3.55436632482804 9.58201605073918
10209.14 3.87874145019391 3.04279598948934 17.6447887770355
10234.55 5.29964357269654 4.26655020779064 10.2599004520725
11105.06 3.61172138847307 4.97480554974266 15.123977484116
11683.57 1.6343932363927 3.51748837076202 1.97071274671362
11692.5 1.6314391946822 3.59563966221657 3.23006663985325
11701.24 1.36416537972097 3.04623266518298 2.70504750904001
11709.79 1.35220382395153 3.09200234352524 2.7402858188816
11828.21 0.993027300962562 3.2974427603284 1.38003458286039
11925.01 1.46846199738111 6.29370817515409 2.08325846330627
11936.77 1.06240517385844 4.69367265223574 1.29479681658086
11945.2 0.930553448540577 4.209517065652 1.23588088491124
11961.28 0.831490206051394 3.95047431719286 0.788853836569615
