4069.68 21.7970844436159 3.17085148471621 10.6465370813044
4195.55 39.5586535320314 5.8033786872372 8.75510826568097
4210.96 100 15.1510630185084 8.55888116972528
4350.19 17.2727920503308 3.12090020417927 10.3880900737331
4367.72 21.0233884477338 3.94144968537498 6.75256284815987
4421.03 15.4894824606894 3.46848434380876 4.42129021872188
4457.27 12.4014650109181 3.01380568275796 4.58876674910971
4585.53 16.9950750535666 3.2288790136249 7.05216218858004
4631.41 21.8887959262543 3.68841588052903 10.2246094891761
4675.98 26.5831637214433 4.81006346928373 7.46049164805572
4846.1 12.4880433466337 3.08750115965061 4.97474972129839
4945.83 28.6533536514955 5.66852006388617 8.20254967832534
5056.03 65.780863173356 11.3961667510193 10.273109511726
5252.18 41.8620470309395 8.89123044728936 9.85579164508999
5281.58 27.9956026549396 6.11839567151988 9.89450203358047
5469.61 11.4357254659059 3.25824301180262 6.90153710574396
5600.59 10.7694479438259 3.45850545307238 5.43345063176184
5604.34 9.82751294363936 3.11861511377477 2.65497405379301
5802.51 7.60850589814537 3.05760864774411 4.1793088947752
6002.71 28.8801422551012 5.2519775509157 9.91469328377843
6116.26 40.258837828316 3.31409660189962 11.5234481055932
6141.44 73.9776414711631 5.75287465677704 20.7898148929171
6272.12 32.4609047062361 3.14464560604992 10.4858794728489
6335.3 29.3966188403842 4.32037286726628 10.4885212472827
6723.78 16.6009084440231 6.40730044051318 11.7258986626666
7150.04 17.4943224252876 3.584041121158 12.4354194993048
7176 17.984448009227 3.4013125757991 10.8262865065426
7248.36 23.1735303750726 4.8927255014156 12.5196499267286
7586.22 64.0250333724364 15.9696293110435 22.801029324316
7836.42 48.1938184999286 11.889941555403 13.8104752501904
8286.5 8.22296568831892 4.26644672875322 13.6125151155666
8424.11 5.22369528368594 3.22792324828276 6.73058023550948
8819 11.2055821873257 4.89406579456835 15.9317384076403
9063.62 12.966384010621 5.28150940662935 13.7960674384467
9134.02 9.13120826744994 3.87323984545889 13.239903358899
9386.77 14.0636107551223 4.54426768596148 21.721333451942
9458.29 14.7552809337759 4.87263015359322 24.3438561584244
9897.47 9.03939007096212 6.6400565256301 17.6034532337126
10238.03 6.49525430860869 4.62468405512771 15.9954128682675
11106.58 4.14906113668377 5.56660329626168 5.13468667822599
11332.85 2.34604823688844 3.1127561614486 1.64734763240995
11689.59 1.84740056679205 3.73493447708815 1.70490968727063
11931.87 1.20890205314244 4.77858348818149 0.990026867963024
11940.69 1.24097847944126 5.03826041073128 1.49046275639739
