4069.32 27.3513331275535 3.60325282892973 9.81501031300559
4196.27 36.8846441745553 5.35178147164394 10.4937164356088
4211.45 100 15.0327873113417 10.4173945750608
4354.26 17.6422402020897 3.54350258331419 9.72287503770076
4369.33 21.5765364751572 4.58815762677027 11.0511071340425
4491.4 8.83756355222642 3.17443378526369 5.36726175944386
4633.07 24.1711395179547 4.55630236413902 13.4552108288226
4675.72 25.665993182443 4.99694410332195 9.6529682535529
4718.82 15.4692371948624 3.03430966687127 8.33185500533455
4845.32 13.3355928193763 3.35157316009792 8.31047043660328
4946.62 25.3265413020392 5.04113611025414 10.6613955260409
5056.83 78.4429167032854 14.702595532195 12.4231104920173
5251.23 32.7819763966345 7.29142120197639 12.6991576940345
5283.07 24.7857961344226 5.52767763524795 13.2441459348092
5601.29 10.6687208055393 3.23121278143476 11.5927038567697
5803.63 5.67820650465326 3.06609106038535 3.94759616348074
5807.73 6.93671652797298 3.86562588653434 2.27656991850927
6003.71 27.1487367203614 5.05627046799659 13.4648812074674
6139.99 95.19206993669 6.32139163636675 24.927657410587
6338.53 30.9327070874265 3.3398467437676 23.3218479541538
6728.01 14.8005350859912 4.85092876440869 14.5638817038325
6790.68 8.97543112316565 3.09361024882418 8.66856028360598
7249.3 28.9216376576108 4.71657642328064 25.3049394950222
7589.57 79.8598638595276 16.3212523806977 29.5424956308852
7836.09 67.4751073758786 14.1432992351065 20.2711480051485
8286 7.17997446385788 3.85517411305018 15.2817043322957
8426.45 4.63997625826703 3.03696429076231 2.37731769709353
8818.83 10.3127303110427 4.52427533479099 19.1281416815036
9060.68 10.9407269104592 3.84950163951485 18.9737272441453
9385.53 13.267360771154 3.41619961248443 35.9444027254558
9460.76 16.6789729338229 4.37351425097417 36.8629487340186
9859.67 4.84810310030721 3.02491198977453 16.4084422145279
9895.67 11.685041247573 7.46092092553113 22.2073824018753
10243.51 5.79061523581841 3.71120656146436 18.1574504445161
11106.77 3.93266644604071 5.5364721042885 29.830917404026
11665.53 1.31749402998901 3.02030886738204 1.83797027233777
11678.72 1.30371232478814 3.09813095990942 2.55092792212236
11928.73 1.3581388842437 6.87355073758258 2.48200100916802
11936.77 1.28609258798099 6.6607238032575 2.07816311297756
11946.96 0.963809993711732 5.1258562579847 5.63184874500075
11954.41 0.866698199704773 4.71062029488262 2.02716980810692
11961.87 0.817901562825564 4.55003691281485 2.76832100193678
