4027.8 12.0143196313319 6.85153447290708 6.22472474146525
4150.17 75.6831999198517 23.8483282201047 7.56293316473875
4195.42 88.639100824829 20.7421321667794 7.23382713108367
4282.58 97.1276894643873 17.0094794529911 7.96159169488783
4442.43 14.9706550745132 4.92241807936753 6.13556242010145
4456.15 16.5345394916278 5.93223064422419 7.58875701062061
4636.5 10.3517936172783 3.5336539079026 5.60054575585309
4671.13 28.8809154329014 10.7001333471367 6.17629099082478
4752.32 6.92784587501076 3.48933261711048 6.25750160532971
4839.35 6.53634690199822 4.19154960325279 6.96367863010164
4853.62 8.98484971326925 5.71983951978313 5.51374865343678
4894.48 5.56504783436831 3.2274476066706 6.57547306026026
4915.75 11.173163726404 6.24740493064434 5.18794858264118
4977.18 13.1554429283925 6.52204754977327 6.22944746525263
5022.08 7.92488410818548 3.35709576784873 6.52874638261619
5075.37 51.2914793178101 18.003875541913 7.891812591095
5109.9 13.4157199177565 4.25471721988095 9.34333849019185
5170.71 24.1049753360204 6.88405154761152 7.86872302829579
5250.29 55.6021569862352 15.9135198657976 8.05076857490349
5378.28 20.5984734930185 8.85378000295788 8.16829051905006
5466.32 5.20655896908609 3.29697560243826 6.6718514890681
5580.49 8.43018900388949 4.77895621388723 6.39110948534108
5594.63 9.27320562602928 5.15913571699268 9.77200751085547
5613.51 22.4968203907948 12.2449049265564 8.18539471669283
5752.67 6.89056806108008 3.81516321933721 8.40085327930228
5813.51 28.5066822013491 14.2390920284024 8.76805096962471
5839.24 7.06650848584211 3.20547499813293 6.31417450355457
5929.26 47.9426276258397 16.7569713498777 8.33975566191566
6000.84 56.4258625416608 16.25195409842 8.63882930116961
6113.52 67.5198656560122 12.8799631142195 8.609387011119
6241.74 79.1766659317717 10.9940774887476 13.6559502984474
6313.42 44.1155960172128 6.50666206282427 9.44802080632417
6333.98 70.1614468340041 10.8913123199272 9.21593519774615
6506.48 10.6481896040016 3.4573833452225 7.97042859314934
6568.34 49.4095732319142 15.9342184907136 9.76504727748306
6743.58 60.8254063842208 7.88950048950116 11.2159964511229
6786.28 100 12.8001610867681 10.8216066717823
7071.8 18.5139115670714 3.06786177722484 10.1494392799777
7106.46 46.3814968063213 7.67767367842574 14.3726775254836
7136.22 33.162719000744 5.36461845854794 12.550938591362
7176 39.5109250202639 6.27778616084969 10.1223871652128
7474.4 35.5220996772617 15.8518929578004 18.8590480165831
7502.33 23.6405278996863 9.98473227064267 16.7307876390078
7737.09 60.6051915297902 22.6270079419849 10.8236431283558
7834.31 27.5006118117668 9.88321362009521 11.4543523740358
8004.57 18.9734030177355 6.32316520487916 12.0120720377008
8065.19 14.0355218957652 4.851521573235 15.1051272595096
8285.67 21.7868621108576 11.7618398551774 14.2110618349852
8704.29 23.7657002710816 6.54160759950209 11.988097161744
8812.34 35.3681860954908 7.25316245467936 19.0690893366664
8902.09 23.739260681509 4.51587225838046 13.058220084522
9009.52 25.8777008670104 5.65727109178822 11.925588932274
9101.05 23.1059388081949 6.56298389082863 12.5804501333187
9132.63 33.8057786087121 10.8804120243598 16.1047924430004
9458.29 24.7192688352753 10.6012595413129 12.9554351305778
9486.37 14.1548807346278 5.3453585651458 19.5930883579567
9550.62 56.2721384742925 18.4066803584427 14.3429279310385
9910.45 12.4182142791538 5.51631884082865 18.2782455703218
10028.65 13.9680634730383 6.13351164015379 13.7958479101835
10151.85 14.1039124775255 6.03285738505493 14.7567693862111
10239.12 9.99905188084737 4.51788603589667 15.6825666647092
10410.62 10.5495754072705 6.44366803910036 15.3785217929144
10448.43 10.6517991218289 7.26329874647874 15.7842130946865
10873.34 5.49751678109242 8.94096710998813 16.3583996318848
10962.41 2.19806407715967 3.24605851722801 16.5911014847716
11106.39 4.97203047814771 5.82789187032267 15.8470861604746
11352.78 7.55891788227744 4.31529864345864 27.8653150702794
11390.94 8.66171816358536 4.65756551706752 22.8751881726803
11829.77 3.76192320108675 6.48685457959616 19.0246724445315
