4023.76 3.77468919560249 3.02608565817319 1.40769386254669
4029.82 4.64347776399365 3.77294124201105 4.88592389301175
4150.53 47.6789851016493 18.1980933667659 7.62485500917137
4195.06 81.3602307164059 23.118538944991 7.71814711141178
4284.05 62.3073853500046 14.2220404125026 8.0225156499173
4442.93 8.28165731859293 3.82421181352072 5.30527640665514
4458.64 12.2258600185674 6.19508916412766 7.66489504610036
4671.77 19.5500837696606 11.3837561364963 5.3050592164318
4840.26 4.16049316836066 3.19475353909369 6.57424975595131
4856.35 4.09613587163234 3.13021342075846 6.73316042209353
4916.53 8.37251931514147 6.20831343435311 4.38865065024038
4977.84 6.24598434588102 4.39513276672405 5.39655275400219
5076.7 22.419987715278 13.0949988386745 8.15581771986308
5112.82 8.02967085036231 4.36816265148388 9.4270012606512
5131.33 6.58597658584907 3.46163613181509 5.83140796897806
5252.04 36.4575966142104 17.0006770799449 8.5970095144703
5290.23 7.49413710604719 3.46513218003834 8.77501639972616
5380.32 17.447887099454 9.99865057176568 8.56854831585406
5417.71 5.12343780466853 3.21864210555665 5.86392878449533
5614.2 18.1236889680437 14.2378062271104 7.22675259640255
5647.87 3.99882988652806 3.09242968870101 9.17662786708479
5755.05 4.52646090160604 3.27242556688953 6.56413776253703
5814.78 18.3843039667202 11.5958054661163 8.77428690683882
5930.82 40.4365132720558 17.4211957827201 8.52070836509756
6001.99 39.5755376897387 13.6212258609025 8.79259775222999
6115.83 47.6806000172501 10.6443192660068 8.48738996945121
6242.18 48.9055847365071 7.95087182932181 13.876956891776
6315.19 34.708032438649 6.07881133203615 8.56823854142749
6335.74 56.1147757212317 10.3890602911091 9.2640397365949
6509.16 8.07989902789425 3.18985582640551 7.81021916261489
6569.68 40.702571957837 16.0131604309432 9.56928376681572
6745.09 31.1315577386759 5.18304144014915 10.604553309161
6787.95 100 17.1409329227474 10.1390683492773
6825.91 18.6863746982478 3.31704640181276 10.6920492116278
7106.92 33.9352918959044 11.6253945185731 11.1819092841915
7139.48 13.6148607360367 4.41526856834053 17.9110942359994
7178.18 13.9445275870409 4.34645845604471 12.5765876785836
7193.91 16.0191723956587 5.31154105135555 10.6253621759806
7485.66 15.1643523191843 10.8605619615167 19.4744616525004
7502.48 15.578572147192 10.9010892735418 14.5742644531192
7738.86 41.974526443082 20.8413880385941 10.8313783281537
7778.04 6.78639346252993 3.17435956823476 12.4385874101154
7835.77 19.9470061307388 9.04469720897793 11.0958066951143
8007.02 9.99099024368951 4.29937663291109 24.2569188711295
8064.7 9.51870228529622 4.36104536027441 13.8197050040744
8086.05 6.79908198305219 3.17440264913582 15.9736044906967
8285.5 3.78940387211489 3.48530129423562 24.013366815414
8481.96 1.97052205169279 3.27136126154371 3.06864626387323
8706.84 10.0362371870092 6.14468188649362 11.5126686051335
8812.51 19.0591148437635 8.5386223353167 14.5600407404818
8903.98 12.5550750084704 4.97208541857945 11.1576134863462
9009.69 14.1287085437589 5.85085839738948 11.5826763278274
9104.17 8.86208366953545 4.35670861438471 12.4344817640413
9132.29 16.8209380247178 9.13170571104564 16.5005907524155
9459.88 9.96352827061166 8.1269242660012 12.384015610005
9551.68 29.6092837403174 18.3807330851913 13.7184648787315
9588.58 7.26759788843893 4.10044572780604 18.0191837455986
9910.99 4.82858973648474 4.27909494533023 16.8433076815018
10030.28 7.25653176419563 6.84442512596987 13.8578060738819
10151.67 4.62435497920382 4.26743732562065 12.6460957029503
10411.36 4.98194778722526 5.59756334916761 15.2646605096888
10451.76 5.04596121293473 6.02590273353539 16.582273368791
10876.16 3.08408452267767 6.75552407535344 14.3488573845643
10963.54 1.6256042903573 3.4530641521266 14.9393257420834
11105.25 2.12694313376117 4.27191042117802 11.8842192026332
11392.48 4.97892112869532 6.54680125299396 19.0901915706618
11456.67 2.47926324037262 3.01505653181901 22.0455571141465
11832.5 1.35246135467735 4.55069885428945 14.5386761202826
11848.71 1.00477664530965 3.45545704508716 2.27659531439895
