4149.2 35.4919456571278 18.8239870694122 7.27050474035605
4194.57 48.5447211835462 21.8475062132489 6.79210534590675
4238.23 8.72345478353338 3.36199093153831 7.42868544099565
4281.84 43.193249506153 16.3837504078229 7.61800447664336
4441.31 6.1256329234761 3.43556464143283 5.62049969950112
4454.53 10.4127477644465 6.19196064820747 7.77096495186925
4669.73 15.6871372159854 11.4555702766466 6.38540005498089
4838.7 4.32014594759308 3.44637521328741 6.77801896649817
4853.88 4.15436462987765 3.29331826184408 5.28590862154488
4893.3 4.04609702403039 3.24243252842918 5.69931248459852
4914.57 7.8518641393371 6.43511831924758 4.85806880831751
4976.53 4.26814267104722 3.68634117976157 6.61647380480008
5074.98 15.9087149207425 12.6028524865233 7.62496915303473
5109.23 5.56639757554782 4.19813188519667 6.89230964675062
5167.5 5.19639635714723 3.66176113200883 8.54139137181937
5249.62 19.1292023517572 12.6371150842054 8.26733444332604
5378.14 19.9108554039983 14.1653184817183 7.9442052739887
5417.98 3.85609959788625 3.00910250355245 6.03004677133231
5612.95 19.4090572939872 18.4460469369105 7.90128992882455
5648.15 3.30387475301795 3.13231248530757 8.54036240360074
5752.67 4.02251821979966 4.04221331938649 6.05512157629255
5813.37 16.6686010892487 15.725246196616 8.24307570918154
5928.97 37.7732069615917 25.1509001268278 8.43078441393754
6000.7 27.0283928178717 14.7144415450415 8.08377007149011
6112.94 31.0812645053411 10.354598987062 8.00219655102683
6237.22 51.3514662290719 10.8273268572368 13.6552274119822
6312.4 36.4530387235481 7.82319353639532 8.54604378834665
6333.24 40.4155159298915 9.06211949168731 9.45140104180246
6444 9.10481046595271 3.30298418328137 8.4346785902635
6506.78 9.05668691089204 3.95232903164175 7.92897291071949
6567.29 35.9480092746941 16.460019124879 9.46383222212262
6743.28 25.188700348434 5.94329643736254 9.78743343936185
6785.67 100 23.6593540965313 9.79709282338081
6807.52 13.8540239275664 3.23439162942335 10.1538986539445
6825.3 13.630887661637 3.23792852752159 10.1288949679447
6870.99 12.3978967064084 3.16829492907641 8.7821441186743
7103.98 50.1519218014607 19.5299966386976 10.1849293570813
7137.31 12.249812063599 4.48970295436036 16.6597191855644
7190.01 15.0643246006848 5.47529342637351 10.6700633763239
7483.28 21.7492336677405 14.6527929646595 13.5333944145359
7501.06 21.3573451285883 14.2473167268921 11.4504698305263
7736.6 28.9802337013897 24.4136450381789 9.52004393894913
7832.69 22.6372083663644 17.4140350849712 10.4493170399201
8003.91 8.0829832190012 5.04048979973945 9.1199963341387
8018.97 6.50872513174637 4.0933311941617 11.612748202715
8065.03 8.50293322188952 5.5730011293554 11.637783567965
8083.75 6.45553774250191 4.27783521800555 13.7456922640922
8269.22 4.68509470745417 5.51119497581194 9.33458524853995
8355.26 3.10872045492821 4.85608659983307 11.0242123804092
8480.95 2.63429260918379 5.09661959461562 12.8359234405452
8703.27 8.84923243804613 7.80665342091602 10.5257190347475
8793.55 11.169566770681 7.62116511342585 13.9349301530274
8810.11 16.2918241259365 10.7833056781822 13.072647373283
8901.75 8.31720109720535 4.93054916368124 11.7197901722993
9008.31 9.0458599172075 5.63380090976962 8.87721341464385
9101.57 7.92471290779967 5.75247924273877 11.6223247510079
9128.81 14.2317216748649 11.0747905100319 15.056566306368
9233.63 5.67100000672531 5.82271482380419 12.7888433315711
9457.94 7.82574648630163 8.86374376859537 10.05753966066
9506.88 4.1741132858306 4.00232468950442 12.8051743411488
9549.37 26.5961885659069 24.7866412183496 12.118661931996
9588.05 4.85744007174891 4.12603856375482 12.3722911287405
9908.46 5.02655542352969 5.95637879693122 17.2310357736242
10028.46 7.36336491049688 9.28630774388517 11.620202478367
10149.85 4.81788050596372 6.24352771465144 11.4279684790308
10409.88 3.83788293859201 6.3651437237533 14.0375282151399
10447.7 3.69751793408124 6.5717814271675 12.1950859409553
10874.47 2.77284695402543 8.56488323473666 10.663728637368
10959.77 2.2617385276795 6.70564666318568 14.2711245037262
11104.87 1.6175189063475 4.57319114672975 13.692299809798
11326.54 1.64783727735733 3.03970247880907 11.2473904608651
11360.06 2.30491533101493 4.11066604570672 14.9234501567771
11390.75 5.13725536467873 8.98228581905605 15.4976502262252
11459.36 2.4241971287583 3.82273551827215 14.8548714342578
11829.38 1.06766449624863 5.22207669009172 10.5942265439935
