4151.5 48.4587121405592 15.6079794822418 7.56713902460979
4196.76 61.7759788171512 16.3933685858949 6.83516911387778
4283.19 46.1781066771184 11.580234317971 7.2961827706049
4458.15 7.78671255973818 4.63116067580154 6.77429729388496
4494.03 5.2950282520229 3.69971302221608 7.81725097449544
4671.64 12.7862721737644 8.52686893296179 6.27824797398716
4893.69 5.902688730693 3.67907969886455 6.12707733494062
4917.44 5.24629920876561 3.28000570423242 3.6240429585132
5076.57 13.6453382086659 11.5558406953722 7.0050232997628
5112.16 4.02365333710947 3.24466711312447 8.67858395651274
5252.58 25.2230421744127 15.5267706280218 7.06268976241427
5291.85 6.73831930972842 3.86397061077837 5.8169544610837
5380.19 21.8797394124041 13.0132499145785 7.66140541386721
5418.12 6.74930061936667 4.23590945699712 8.02616397966995
5615.04 21.0843074792326 17.5299591034101 7.53040235702338
5634.36 3.8265994583639 3.19153738770829 3.94548277762715
5651.35 4.49337869621384 3.74727818152673 8.56444982034463
5755.34 5.12332640585414 3.79432912731446 7.88870451553157
5814.64 20.3541731756173 12.588853184837 8.63240531849897
5930.4 44.2084753650856 19.8517454983396 8.60146575147337
5967.93 8.26533538291058 3.54552339294431 7.48884402387193
6002.56 25.6781447120855 10.6793375451459 8.15527747221586
6115.68 36.2723202140739 10.3457609301713 7.58606646324915
6238.09 55.7276234263362 8.40517115285355 14.4014817053403
6315.77 48.4915623206389 7.00858075592447 9.07534791546186
6336.03 46.3744721675735 6.90053767535381 9.32644521171278
6508.71 9.92695340598483 3.1893803377966 8.30520646934838
6569.98 36.3278820199762 12.2878563245891 10.023100163834
6745.69 24.338396122494 3.83875382422758 9.83244211347665
6787.8 100 16.2523360169576 10.4127942342402
6827.13 23.3576062895721 3.93926044639659 12.2102998167629
7106.92 37.3717246529964 13.30176245277 11.7086355431957
7144.3 12.4740873215972 4.19088356367316 17.1608207751933
7176.31 9.80853062202424 3.16279269685545 11.9605509783623
7193.91 11.403058887711 3.89217833808496 10.9093751655382
7485.03 20.5148592566309 9.19633784529002 17.6710933187278
7504.39 20.0013990338217 8.53512635642049 14.4808465540491
7739.34 31.1620685956855 15.7537688431813 9.80597773083355
7836.09 22.8866249236589 10.2140241438496 12.4521221352334
8066.67 9.50354487139707 4.16478550298827 14.1228519867436
8356.42 2.87081778112469 3.22116124534128 11.6154200834808
8482.3 2.93628454357557 3.89194255786409 10.6236224872846
8707.01 6.28265917374234 5.34246692271651 11.1029411787367
8813.7 15.6982700384412 9.92987422583715 16.4190978507686
8903.64 9.49338116251385 5.13293290709978 10.997003449178
9011.59 10.244890021486 5.37492360758218 11.3221793200828
9106.94 7.84822019647228 4.43011436815491 10.8099746084408
9133.85 12.7308665106288 7.57479294960499 17.0928785034939
9236.42 4.98943904548903 3.50075387167695 16.5412339274826
9462.7 7.40888567422596 5.79523952879879 9.81639472511051
9552.74 24.3575372476571 16.613443561489 14.4250405044804
9912.25 3.68786875814346 3.90114210182688 15.0555908154874
10033.36 5.51274288491881 6.8876066613771 14.1006303199174
10153.86 3.2702079761859 4.09758133622755 9.29630796027959
10412.09 3.12104743345261 4.90633427451494 17.4143029982624
10451.76 3.48620842181957 5.85133600964449 13.0680031532866
10461.91 2.04391406983074 3.33764967079286 3.01036132811532
10876.92 1.76910071272157 3.71479136458638 17.1905428538539
10967.5 2.02334048698282 4.17896143549899 19.4269464356839
11107.91 1.47078064291549 3.04123483998612 9.62836636227439
11397.66 3.63915119509029 5.56311938812106 17.1074624024532
11460.71 2.31410493472414 3.24899764219576 19.0136837811733
11822.55 0.814159465410465 3.10124159475863 2.21266803940489
11834.07 0.941180752414625 3.70367568015694 10.8993724510638
