4028.75 8.86268359710791 3.78519663691422 7.10167123692372
4151.98 67.5144763552378 17.2748126148734 7.53634885135489
4196.64 100 20.632898804654 7.62891218886671
4284.29 89.7110002245172 16.0132804516659 7.88951743003236
4459.02 11.0420821447674 4.62220924212294 6.96769364846386
4625.19 7.09104427703756 3.40929086079793 5.3512155565877
4638.91 7.50727924272891 3.54932396109486 7.65063038340304
4673.3 14.2956984461976 7.05077209035688 6.36821646491899
4855.83 5.98893362143177 3.55419724042047 5.78174077019321
4916.79 6.56260198523459 3.80953696293414 6.10273959266397
4980.21 6.63555846467609 3.76401824853106 6.14320091696209
5077.76 38.7997989319803 15.817947736303 8.70241662814897
5252.18 46.1385540059302 13.9212520787898 9.2957064762204
5381 25.1041917109125 10.1692470098964 8.90550831720338
5597.68 5.3521020220427 3.17356498855812 6.63750300456832
5615.45 20.0775219357442 11.8840231833591 8.89677620024668
5755.05 6.07680327097914 3.37349796820007 10.0130118512279
5815.49 23.7544864029117 10.6196022898997 9.78886726356268
5931.25 48.0333557576016 13.3865345588842 9.77129950311701
6004.14 38.7073735315398 8.84991564175499 9.90732790127549
6116.41 60.1184426650971 9.28614783991177 10.4458416719499
6243.49 63.5118329863622 7.196743878535 15.6801184506239
6316.07 36.3578330030603 4.56102371539627 10.6703355601467
6336.18 54.3168638993485 7.30382066862817 11.1004153740005
6571.47 38.9670464873591 11.699963827409 11.6232344161826
6745.69 41.6574657083205 4.70015931487731 13.357804103739
6788.86 96.3935006724801 11.2161069994276 12.6296862406753
7109.09 37.5685251601581 7.36335371807275 16.7171320185325
7141.04 25.1410004142293 4.65465974672944 18.8550089389719
7179.43 23.4994799176079 4.13650341013124 28.2666516438248
7481.06 24.6453546037358 11.1104552510118 23.5744116756941
7740.95 36.6370039574384 13.3106998171911 13.2805251472791
7837.55 20.7694168972214 6.81833456937584 13.7567622353472
8008.66 10.5303083495611 3.20415670638847 24.8140066370925
8290.15 13.403962032742 7.75336606459915 26.7947565638842
8709.22 10.1059185601869 3.89737450436749 13.9190999487037
8817.12 20.5594322529284 5.57335602935674 44.854458299129
8908.1 14.6806506791846 3.41232976540129 15.3509587989483
9013.31 18.4770046028757 4.3900938612407 15.4117435200387
9135.93 20.196821160592 6.01473505643774 20.8380217638314
9464.29 14.9584121310461 5.86627184646048 18.5991526588969
9555.58 26.4147057964824 8.18179641449794 19.7834926721116
9914.23 7.28603222642921 3.6966110157184 28.4183516417361
10035.17 6.74335432922321 3.77397303243932 19.2784878923521
10158.05 6.46887482989708 3.6338600268792 19.3090098977573
10246.26 5.91006718548087 3.47908494783768 20.0636682067507
10414.31 4.93682525601477 3.75861555492509 21.8164411057569
10456.19 5.58274552939823 4.76659499343426 22.4810112812047
10881.24 2.86494889437679 5.06897294667445 19.9723340063319
11113.98 2.68431479687567 3.67204535691694 18.4201239557624
11398.43 5.21183816230818 3.8821703631459 67.3146494346875
11839.34 1.52490431319192 3.71053608273007 19.744329730358
