4017.69 2.25342395947778 3.23584827775285 11.5537453766356
4026.14 3.29405524766103 4.75879816953854 5.28437651485092
4149.93 47.0701872741118 25.2326255783766 6.89493771887646
4194.94 65.755439864 25.3864646800402 6.83710467495894
4281.96 62.6923875819591 18.9730316404273 7.18065815409773
4441.44 7.13657773566191 4.76502790933361 5.91397516855068
4457.02 7.98262975019813 5.96830950623264 6.35115245615634
4623.16 4.05137769292486 3.5261752339882 5.3851162770452
4669.47 12.3932871641422 11.2428246461804 6.24711678374933
4894.61 3.4791888638701 3.69388587095505 7.25759597659544
4914.96 5.80382969303624 5.97696551393847 6.12787364374617
4976.66 3.31759541819277 3.09628377745513 5.32604237214582
5075.77 31.1309508165032 19.6264551614297 7.50912950460497
5111.76 5.92479612637647 3.16786684629794 12.4429559719083
5170.58 10.5455984619461 4.72145491420383 7.24952112029587
5250.02 45.6969597645483 19.4272196855776 7.69941281997944
5378.01 15.8510396915829 10.5558955501636 7.5698185576839
5613.23 12.7395401757733 15.0217550071845 7.50694771509097
5752.95 4.74996126499204 4.90525890789824 7.33111479056788
5813.37 19.6481259056773 15.8644352937263 8.29312642284094
5928.97 41.2550256839406 20.5847291924034 7.90037625269724
6000.56 38.3139561418561 15.9200878440951 8.40618201509915
6099.79 11.5843544991075 3.47041562895597 8.22192834830366
6113.08 48.0132421860576 13.7133998362286 8.10934347432521
6242.03 55.1845942051376 11.0890055718539 13.414976400154
6313.42 34.5842083955256 7.29235979911685 8.86992688978262
6333.68 51.6794066483234 11.4257342878616 8.99230253839232
6506.63 7.55819735942331 3.31303535811789 7.92354469250586
6568.34 38.3994516878049 16.0157999103637 9.48754391133662
6743.58 41.8653085628247 7.36271054980639 10.2644240929794
6786.58 100 17.743969572918 9.89176036049776
7072.26 9.45348751331291 3.26799758677322 9.16380381888121
7105.99 28.842476246693 10.1365517783308 12.2050903243498
7137 13.4809145014602 4.67164930668781 14.663581847939
7176 14.35081117552 4.96538913131144 10.916052261402
7191.72 11.8042729355176 4.28503904201092 11.4979789387844
7474.56 17.7053542072254 15.4255573181782 18.5663713306885
7501.53 12.4283033845211 10.4460191702454 13.4103624237905
7737.57 37.4059822314727 19.2160393906126 10.7127280109144
7834.8 17.4934523452075 8.10686403341926 11.2121003058328
8004.4 10.032354536638 4.73687693590325 23.7725811740484
8064.7 9.18175283391519 4.83787178494359 13.7961430579062
8285.83 5.58452685586698 6.81047324284694 13.0542676759451
8355.09 1.86320293049217 3.19049202125585 12.7119106326536
8480.28 1.47734798753781 3.55331408351071 11.2947976629748
8705.48 8.72726337494752 5.46377768069931 12.3498604105498
8811.48 18.411734421602 8.65661234893449 17.0284599365023
8902.26 13.482195161563 5.82111597397674 12.77717921367
9008.83 11.485241033362 5.42388511303807 11.7740120008493
9102.26 11.5113685028245 6.79862767203452 13.1077293100298
9131.24 15.7514038609529 10.2070001699777 16.8289215646419
9460.06 10.3030361083182 9.50926731091545 14.3448289289718
9485.31 4.14608375142462 3.27057256803796 39.7768753739128
9551.32 27.8142270527049 18.9947299420737 14.7157565917714
9909.18 4.2746362062869 4.47345552401054 27.9779257064838
10030.1 7.52466198716669 8.58435265323994 14.6103956624993
10152.22 4.24112400137309 4.78054741981609 13.7428885750123
10410.62 4.9732500607433 7.29874753174342 17.6143380610156
10448.99 4.64757553935004 7.40519082919337 17.9856956607273
10875.22 2.44916036846536 9.61426316898268 15.3608604774581
10964.86 1.34333428813503 4.94252118290428 14.9533257223429
11106.77 1.874421446459 6.3134265754164 16.2363525494256
11395.36 4.26781071193546 6.67960105664981 21.6698700774559
11459.94 2.43028567029509 3.31663256207107 24.1280123693577
11833.28 1.18780782064855 5.92734392344099 16.7934338957712
