4125.23 100 30.0076099178866 9.72913048710507
4200.66 13.1357157839854 3.8387129984171 10.9156528997464
4281.5 14.8588786428825 5.04556684689658 8.12140306252422
4303.21 14.641536727918 4.67269413584959 8.64639661151159
4392.03 17.3284464192852 4.09851197045561 9.48824720781431
4582.95 47.3345356707359 8.4693822422904 11.6389328195201
5004.69 28.4301483195785 3.9110239086411 18.6469434804076
5049.71 67.8836033190912 9.00048925407249 12.4058410802163
5256.68 10.2895334301295 4.25034133464159 10.8122965941466
5404.13 8.20791935922043 3.09350438925814 11.9731606126197
6058.04 74.1053749379094 13.0303959777081 22.5144437532999
6153.39 23.6569845715497 3.29944528679498 15.0957243446646
6302.08 53.4877799080341 6.6791724258265 16.3545544695817
6361.72 33.7111150628766 4.11819327397381 30.2720217721771
6650.58 5.39051681470467 3.83689216533319 21.1297735480548
7054.87 20.6316943248876 3.15543510103669 18.4327452490252
7103.28 46.8799929116556 6.93300691617257 39.789103280943
7744.19 4.47790801535448 4.66831449552105 14.1835466875409
7859.31 7.20011563005747 4.29771175174904 18.3873737830272
7989.25 14.2657145582888 6.196058799381 51.442536739979
8681.02 3.46892662068081 3.20314971661534 18.7318952912865
8830.14 11.8460214138808 5.13098992614501 22.0479421464534
9005.77 18.1539004333216 5.2673289339718 33.7818465274486
9383.18 44.6838224592061 8.89203571181715 32.6912044955188
9467.95 15.7438219094379 3.10993960727881 41.4520533231771
10105.11 2.8189739579644 3.3383554389989 17.5370912895796
10233.88 6.00029463255085 5.70505296483032 43.0795681780619
11059.2 3.96624571258338 4.31109102535005 38.4196784486576
11126.91 3.24537353317338 3.42243547352061 37.5342475206562
11453.85 1.49207980858796 4.09598535111055 23.2476962468099
11656.7 1.04080531913969 3.89616665007545 21.4774147569387
11705.43 0.768401354088769 3.30484004300148 9.34316903369654
11919.28 0.335020358574439 3.17319977925104 1.06508407877845
11949.07 0.307487913968242 3.31735904279986 1.24084165865861
11984.59 0.364058285460998 4.72012113892805 1.86404039207628
11999.72 0.533213877743089 7.5659607090275 4.75827800404295
