4028.5 3.25742180744122 3.24542480688197 3.16975890077219
4123.3 100 38.3111544822671 9.56975122984386
4197.38 11.8201535215131 4.14356716586078 9.37080828644685
4281.01 7.40947577619022 3.25459076921712 8.11705179735418
4302.59 13.8617816812812 6.07558161161582 8.44878197898561
4389.68 11.9952304830318 4.52545539446029 8.36687797852846
4582.83 21.2614418875697 7.49361998377161 10.5299320852728
4799.6 3.04290736660614 3.47376944687222 7.78228674010734
5002.59 22.1692150777673 4.29436339550851 19.5224867041479
5048.78 61.98105572723 11.3555382546595 11.234255018664
5252.51 5.96100379000568 4.67457449320135 10.0312470476347
5400.17 5.19811966007122 3.54280131675319 10.830657915586
5439.68 6.24340099853496 4.17546783846586 10.8351519447742
5473.28 4.98526493083128 3.28303215908728 13.8592425722472
5642.7 3.53390081290911 3.73595415276608 11.1991942390978
5746.21 3.09981643255677 3.83515618134156 13.7697627981879
5930.14 4.30049078856965 3.36525230572789 9.80868073835154
6056.17 51.8950937082943 16.0835133533259 13.9536261671001
6151.07 13.6431405936018 3.29998861781672 12.1015778808996
6299.44 33.9971950678541 7.5083275072282 13.4486979413032
6360.99 25.016621944029 5.82016053903128 28.8658576469506
6649.53 2.42892428065775 3.16591411592993 13.2702148830003
6688.5 3.74312300883645 4.98220743417581 15.4841444693266
7053.48 16.3367067081379 3.54113816108737 15.6550057451577
7101.42 42.2457957094285 8.87719318108507 19.7121775356782
7692.7 2.6706818323889 4.03079214377134 19.957428366788
7740.97 2.89814826091251 3.89867476077684 15.1425632316004
7856.39 4.52361878514322 3.42207463818301 17.0838508636507
7986.31 10.5889555109193 6.484885471322 17.9505383141677
8284.27 3.33313621321891 4.04226300434984 30.4551536276813
8680.51 4.51330882752714 5.9397002263142 16.2857374219093
8829.11 12.5803884288106 7.92855664175465 21.4153243018482
9001.45 13.204731839322 5.66233852978704 26.9893722862325
9381.6 25.7838758111738 8.15050406998236 26.2366662005061
10230.59 7.64416569516218 9.88007140392487 30.5339098290042
10349.41 3.58390174058107 3.87355174842927 29.8028562103009
11059.2 4.29015946873163 5.49053102403346 29.8314135316668
11125.01 3.14789988546581 3.93686650607964 29.5662487246573
11453.08 1.88987245447022 6.03294891578017 26.6077939116531
11648.36 1.30713661777338 5.91309051577284 29.4635446834163
11711.85 0.626761778546634 3.23188561885533 6.61731949569548
11928.88 0.376455611461767 3.5548064415337 1.56478991289805
11999.13 0.904876708954276 10.8878766831794 3.29799418954644
