4124.38 100 35.051190567971 9.54112070131305
4197.62 26.6955726632499 9.38647819789335 9.0288096582799
4282.12 7.91585935703881 3.46191315642594 8.02232078149973
4302.23 7.51597611609654 3.30318250419998 9.57386233635498
4363.07 11.3598517198281 4.37306487906713 14.5099451312035
4583.21 17.4483060863922 7.39888679021229 11.5487484828727
4627.82 8.73626389172356 3.54228785193921 8.44693816741528
4950.16 19.956147523813 4.59833507043808 11.1640896724239
5004.56 21.4922385195173 3.40401110136751 18.021064847243
5049.18 41.8134274121233 6.97213619471807 10.9735204629123
5253.18 10.6930274484853 5.95295589304268 10.4121434551598
5403.86 4.75074564168485 3.09069176229372 9.2864777974246
5777.29 2.26893143189319 3.21799064791207 10.0644195809791
6005.33 11.9474107579323 3.34477314830924 11.5456616717456
6058.33 49.2664885811811 9.64970110592212 22.3612588225624
6153.82 19.1126465088193 3.03427375287996 13.1097980641753
6301.35 31.2584359986842 5.62396043758292 14.4589363951245
6347.6 20.8619999190136 3.97968445566636 39.2617294776974
6790.4 3.1928477770731 3.23888573928613 27.1630318232119
7055.8 15.0171658731336 3.45277207388656 16.3736942604564
7103.43 26.6753786633037 5.8721081356373 40.9615767800542
7745.32 4.96810844964705 5.78861321661301 13.7995010500135
7860.12 6.18207220661961 3.51658464815542 18.0651391440615
7990.24 8.9212283980925 3.69251083830477 55.0145095885464
8683.74 2.15865327870187 3.89678178086248 13.064588676807
8830.31 5.92276365029571 4.75238520783139 21.4397079483388
9006.63 7.15622991083534 3.65982313793992 28.2897528363137
9382.48 19.4740203610257 7.1745846980153 27.2036618612074
9468.83 10.1728225388991 3.78316955957593 34.543988280715
10102.57 2.50878678796271 4.01742705592643 22.9725252964745
10232.05 5.42813909473316 7.07023964907093 34.5401636472052
11453.27 1.10852627786858 4.36628922219274 18.3884511986744
11710.87 0.557951553093004 3.28611985980669 12.0109846360538
11922.02 0.34670406165281 3.53165951301832 1.5131489448504
