4126.31 100 27.6089095888869 10.9698739700289
4304.8 18.7447474551305 5.8134425599099 10.0263120981099
4372.22 12.6346097977703 3.23132020042027 12.2607781549159
4391.41 12.8219256827339 3.29310792640401 11.5146555474066
4585.36 43.7710584910033 8.77830952535645 11.6857631554767
5004.96 36.9188555778381 6.27574630754671 20.3951687807776
5051.16 64.1703419706717 9.06465564472638 13.0662614240937
5401.13 11.8208212160071 4.001094596184 12.4428105655425
5748.59 4.45556406087765 3.28580502306873 12.1363358218759
6059.2 47.6729102655131 15.1336732557807 25.5379363808152
6155.27 25.6256010569489 6.7410759454655 14.2332714233453
6303.99 34.7247593314975 7.48910546135606 15.7980598286094
6363.64 25.832510971016 5.43651457202923 28.4833143279729
6653.74 5.38025697282271 3.89461496105763 12.0520045757094
6696.48 4.004683313674 3.0861986903467 18.5113297160106
7057.34 37.0817678542104 4.79469170634129 19.2960253639612
7104.36 54.5282788541801 6.9717567851944 37.2846474768794
7430.2 5.97240102026759 3.06269304511045 36.8234542240862
7859.31 7.79495341148854 5.11330888744985 17.1788025136293
7990.24 9.9579791574637 5.35600620962812 51.6836888311454
8286.93 2.70387709316723 3.08539731410937 24.2275967523656
8681.53 4.38158577365054 4.69032697488898 21.3527035510815
8831.34 13.0996521011679 7.35543795628871 25.180608257655
9005.94 11.8650313321304 4.71046825121045 34.0410341665411
9386.17 38.5105373676131 11.2074495183975 30.2396227743211
10238.64 8.00455174533306 8.17894344020974 33.6815988686158
11063.74 4.10340548835268 5.63980606333843 34.2992612211965
11127.48 3.42250815177954 4.5377238607823 33.0883642392728
11461.74 1.67869952845468 4.50059918755258 28.3697362887706
11649.14 0.990102066657569 3.88981695968343 33.6393607413429
11999.52 0.43725059071944 6.39057734529599 3.72374940306509
