4030.05 5.08404837882816 3.13400381402751 6.25194486743612
4125.35 100 39.8720129743695 7.91470700239097
4198.47 32.0743951455317 12.2902992501583 8.05846766861123
4282.24 18.3664658915866 6.87821437650201 6.77776842429648
4304.44 12.3013283874596 4.30823182462081 7.92612130042653
4392.77 12.7740185165794 3.75582348246572 5.87013770868271
4584.6 25.4455230099939 9.43419800126293 5.47354741506115
4627.94 15.3252927405801 5.67933305345062 6.1252657903342
4640.53 9.18828594574257 3.45122324117027 7.16104050154627
4950.56 15.3234479276299 4.39921583315114 8.75175231407411
5005.48 16.9486725031124 3.44844993779767 8.49353652045556
5051.69 54.406570296355 11.1197229898937 9.01647589625099
5254.66 16.2090305817325 8.58047013230983 9.93680906423651
5443.65 5.4571158214857 3.05781106728477 11.6925110438997
5472.04 6.82159008159465 3.88784707017007 10.8442492960639
5644.51 3.429409442538 3.14944765801026 2.45034758698876
5751.97 3.53455245679977 3.81169282206999 4.62978446020406
5777.99 3.73606483444231 4.33440775159763 4.71458004436499
6007.33 19.3959130846251 6.0173028175882 9.69324162880184
6058.76 62.6158979531956 14.3732350105354 9.63827325890634
6302.96 38.4963584920307 8.12904243104166 10.1658121188566
6339.51 21.9418771295927 4.90297963438864 22.0311685230863
6363.19 25.7893272987183 6.08089044364305 11.3458321055932
6790.4 3.85327889576993 3.44242843397835 14.4038896506008
7058.12 13.4131076812461 4.12119907640745 10.6075877138974
7085.47 20.3784945311562 5.99133163965244 13.7600553219554
7104.2 35.5262873338319 10.5678105424496 13.0645300677379
7184.34 11.9674217035938 3.60510545324737 12.4043103555123
7745.8 7.51735187441648 7.76926314196565 11.4918651785865
7860.77 4.5363509701721 3.00277816630817 11.3674178667643
7989.09 10.6860541711743 5.42882187585071 13.7979721868123
8013.13 8.18483649441298 4.19179306639127 26.711184986998
8292.75 4.55376080240341 4.40153187037345 18.7353809386696
8683.57 3.2102609739426 4.62294396489554 8.16179579795789
8835.1 9.29195041634565 6.54984843914863 16.7114916708215
9006.63 10.429310037325 5.44276824982926 26.7689232864741
9036.17 5.98957228871196 3.19285583852447 17.2044598350385
9144.69 6.66604826337467 4.01104250218718 15.4920555343651
9385.47 21.0886207929373 9.53763491832737 17.0975421575586
9468.48 15.3633418784397 6.95373260688426 16.1308434616094
10105.66 4.05163056477795 6.22855128768238 13.5985577264692
10233.33 4.99427246155532 6.61861086083911 33.1245335934436
10355.66 2.53899945240972 3.25743321612518 13.4029973613506
10459.43 2.22218265857278 3.30751820295273 17.9572800393053
10932.23 1.78208263405138 3.10196257189357 10.1554168036728
11058.25 3.10707672028809 4.97536816020486 23.7584338047236
11121.41 3.07825527172873 4.83907789534133 25.5392339538921
11457.5 1.50764353409001 3.82973596189669 15.0659250023346
11652.05 1.00390989823949 3.25172976075757 2.84150964625951
11707.96 1.27761809922207 4.74201905156096 4.27460333806448
11928.68 0.530543595417451 3.45359621212762 1.42451134675503
11942.01 0.455509907779874 3.06939825824629 3.55404838066715
11998.54 0.438350940702212 3.52212347011294 1.17126089281919
