4124.14 100 24.270950721132 9.64244420090381
4196.41 13.7209784946095 3.44962281453731 9.64675124320729
4302.35 11.3485067852678 4.57312429855422 9.07697955659205
4363.69 9.68052864493415 3.23811490995696 14.0540487347462
4390.79 10.2678777822703 3.44643108622016 10.3589677351711
4583.08 27.5028033891542 8.12551866114557 10.0530120742078
5003.64 23.6742880809116 4.57769941940085 11.9406439868308
5048.52 48.8222798135107 8.78042119596414 11.3478185145977
5399.36 6.494353511181 3.13496112621079 11.2378069482529
5439.27 6.91980015670091 3.32591614549073 9.92035427858809
5641.87 4.99234723835789 3.71556912222802 11.2881004283699
5750.28 4.72654855111806 3.90590089818409 16.3094224083852
6056.61 62.2595151249504 15.0723702781842 20.6427155140473
6153.82 21.0017922620789 4.07948363161117 12.4860730201935
6300.91 40.6947852335 6.81890522447111 14.354731925232
6361.43 32.8554008855441 5.46873079433004 28.6002033986579
7054.1 23.8543156803514 4.26304403539909 15.4395654598493
7101.11 43.343881507272 7.49586124604552 19.8766847092729
7740 2.94758479715654 3.30160841422134 15.0157875198502
7858.17 6.1919575918673 4.03215827981989 15.6706796961989
7988.11 11.8751029181825 6.2433253657004 22.6134360348615
8279.95 3.79725129746274 3.52537141426441 25.7183266733064
8676.61 4.82384093142805 5.81938326399365 19.5401745761028
8828.26 9.06558467331024 5.72110487124863 22.9092030883221
9002.32 11.6410491130829 4.43336861473745 28.7531761452392
9381.42 27.6366828547776 9.00249752625017 27.098970520794
9809.2 2.35521793167663 3.66623757202015 20.5803131346838
10229.13 6.27991298138845 6.87037650506167 32.2840437729628
10345.18 3.91559460831347 3.8786856427839 27.641003668823
11059.2 4.37788390176018 4.38835226806768 33.5188982139498
11454.04 2.32642878818258 5.82661277008975 33.1690756862299
11646.81 1.74064447078428 6.62540583090752 28.3644315021083
11912.62 0.297328475893755 3.46908011761587 3.05348867436078
11924.37 0.34498613452152 4.29903828716568 1.37191744916709
11976.54 0.209505239605005 3.52371302309707 1.22064269360817
11998.15 0.772887494475637 15.6573086413741 7.22690340793633
