4196.76 36.9086521385807 8.55607753322702 10.1781812052368
4212.3 100 22.1278354945495 10.2064954684329
4284.05 38.1301883500085 9.03577845232807 10.0223344844126
4368.47 14.2890844194538 4.69087062850715 8.6440664415004
4455.65 5.45777447191925 3.20758275556122 7.99135186287185
4591.86 13.3569170669469 5.04216564284726 9.98496090662775
4634.34 25.6959417186031 7.72365625113337 9.6266085587431
4678.02 30.0149754737379 8.7397467816417 9.00570380841054
4720.87 16.7383640857899 5.0162955371035 8.86664204888075
4980.73 17.7405714373648 8.36191598080937 10.5386147552927
5057.62 53.756192392723 23.7369432064021 12.0130415751501
5253.66 32.9885266192579 11.0128334267739 13.0097601768603
5282.53 22.9326159813601 7.27190706286143 13.2793669122593
5616.43 18.0651900344696 18.3513314353754 12.5810786130787
5931.54 23.6195625044221 18.8166488848034 12.9931242473294
6003.71 23.4831713690051 8.31167268919289 13.3120246077042
6144.77 37.0837705453452 4.70131943190007 27.4173485230467
6336.62 17.593331870924 3.37888469062601 27.0494059471048
6571.47 28.9035697149053 27.5891396830877 14.5849046535914
6726.35 8.05226546849979 4.92643216193077 14.8028906616064
6810.87 5.73531694708789 3.53229924867805 31.9364164291737
7108.93 11.8810680801333 3.70779301601762 16.8001767000287
7251.49 15.0885234140279 3.41634882871397 26.6910753564835
7598.36 29.9381949209436 8.72082461009045 27.4677423387893
7837.39 8.83705863750975 3.06733143802205 36.2421319138357
8023.39 6.45178575694976 4.01935909515846 19.0514065202015
8501.28 1.78008125364399 3.00342319880558 21.6935497640188
8708.88 3.22723628847449 3.4758266199194 17.5474110229316
8816.44 6.41846922379827 3.60089601104206 39.7742975262663
9065.53 9.38469188261419 3.92272697720629 22.5202867641874
9135.59 7.18066385886204 3.38874669012768 21.6259994741267
9390.28 12.1695200664728 4.49616919697621 32.3896877955704
9904.86 3.50436168735525 4.7556809077672 38.8257253672
10519.06 1.6419992907896 3.16406494328783 16.3898743465888
10880.68 1.85002037743174 5.78730227013476 26.574272187936
11120.25 1.43050182958957 3.92214734740324 30.8289107308356
11399.39 2.11716746364445 5.6634359496654 34.1505798376202
11695.61 0.94342171440786 4.35342594822837 28.9420080353302
11853.01 0.549187415943138 4.18510963890495 6.50554215403645
11872.17 0.382659930665332 3.03789513196527 6.71418060493124
