4194.7 26.8717377735759 5.78055922127421 8.64859321555195
4209.75 100 20.009370924807 8.17086360259964
4281.6 71.8696838308121 14.3246650660158 7.70339338023587
4366.36 13.1638644582417 3.6052212068418 7.56821074783693
4419.41 11.1329391957628 4.38474114969553 6.21945502557628
4452.53 8.57164140739607 4.47830085313808 6.78098223580946
4488.4 4.79519682354673 3.82007461448002 6.83170020281887
4586.8 11.2052446242821 5.54404882781954 9.79859346490412
4632.56 18.5616866349972 6.58787076400257 8.93510993349719
4674.83 20.9447100103303 7.12708482458105 9.03868298821453
4719.33 10.0265779631318 3.33374285456938 8.80125354307893
4837.67 5.61119603132796 3.56633634125878 8.32449667614674
4852.98 7.15330788733208 4.81401727841151 7.68943378632957
4976.92 20.2747698474081 8.81949896412772 8.23758353643098
5053.65 44.8193754895284 17.3906508897873 9.82563867287809
5074.71 50.3525608762282 19.5557861749778 9.31601651869642
5249.75 34.8379012770119 13.7264117333576 9.52770809203503
5280.37 32.9277497637925 12.5316895886245 9.83666507161706
5612.81 17.4372667293675 13.8569391300377 11.6573564872861
5762.22 4.59671944101407 6.82444332671039 6.7239952534801
5809.28 1.73150557956519 3.17798320410792 1.04182294796738
5837.4 3.14741071636991 5.62174320383818 5.37938013215626
5926.83 33.7401546505293 36.9814315826747 10.0194607014955
6000.84 14.3326115572913 7.77768322896068 10.5069416201086
6140.57 38.0873925522232 7.67441376927088 10.4694704594267
6215.65 20.992963297706 3.72173216522411 11.03780457423
6234.59 24.0275340642277 4.3148499549897 11.1665363183502
6271.68 23.5052637364738 4.41167148260854 11.4951198602657
6331.33 14.1166198492591 3.71939436576007 11.5508128611646
6568.34 34.4849022640256 24.2970885253186 11.1971946305148
6722.12 6.93235683711998 3.95522590919273 11.425539945898
6808.59 6.59968068804452 3.90463986255339 12.1513109408652
7102.89 29.6336301859469 7.86056838105663 12.9457104176217
7146.31 24.621590669143 5.34790650647707 15.8070390693556
7174.29 18.5028544029931 3.53082147542939 14.0525257405106
7245.39 13.7971881131305 3.00450022042655 13.8847164836952
7498.04 9.09272848100918 4.36660410005072 18.4348051295929
7595.16 23.1386302914665 8.69554996388438 17.0808604743397
7620.73 11.1120394899971 3.8925468291713 16.7891645159307
7832.05 8.9483302027821 4.26566583353801 31.7359579379399
8015.86 6.52401159505203 4.3207178010183 14.0385836248752
8048.13 5.27889279819249 3.58622295723542 12.4462070169093
8420.26 2.39326394654975 3.62788130471387 15.8069607225898
8495.9 2.04897739751584 3.51522644829752 13.2290195525547
8518.94 1.94680796283609 3.33823971869867 13.5422813884397
8703.61 9.13705993337604 7.53965296427204 13.9068805797597
8811.31 10.83472804274 4.83322880980736 19.6727624626292
9055.83 14.7821426853155 4.98538489839408 15.3757739283337
9127.25 10.1737981688363 3.92331791198285 16.9394075442833
9382.37 14.6780530549636 6.40694042701495 23.4024763248526
9907.02 7.60854594857524 9.68195392587079 17.3262398795268
10149.48 6.78024443326751 6.64699977165386 16.9595897436175
10210.42 3.28887204710563 3.34151581404519 35.132115463095
10570.59 1.76439891515392 3.60372644687644 13.7771041151227
10872.59 3.99307532836038 8.5314029282249 20.8245048962399
11389.6 3.1337310584629 5.28419967708343 23.4126689985987
11684.16 2.11972510626841 5.30884316584573 21.2717639814218
11826.26 1.19064972493696 4.17376167995292 15.2540598837622
