4210.36 100 17.0847610025192 10.2184926329674
4282.09 47.0875719035723 8.49241129839435 10.2191039876179
4367.35 15.6642044691459 3.49390700201685 9.61672311234543
4587.55 11.8288060877037 4.27846674358251 11.6949531024347
4633.19 18.6392771892434 5.34380866758969 9.17290025259172
4675.98 20.336878509001 5.91040879675116 9.01693552571032
4719.2 11.6734240362534 3.47643573725754 8.22049700539992
4979.02 18.5307371487926 6.10121230845223 10.0603519788847
5056.3 51.3683107206688 17.0273276443224 12.7929060452816
5250.16 35.5543185126935 10.9613876541546 12.8158993005336
5279.82 27.0668785986159 8.00791197527659 13.2935852743658
5614.06 21.7310212784907 14.6338526829553 14.2515586287491
5767.85 3.13355340311422 3.2625914847121 5.95345028480187
5928.26 30.1342611305061 21.4542424740424 13.1437443300165
6002.13 18.4977917834841 6.66400839393089 13.0024628647761
6142.45 36.8183211699634 4.76182808585204 26.2199925439982
6569.53 34.0585230093891 20.7655445912746 15.4315002303692
6724.39 9.80902895358072 4.1915644240981 15.4210043173098
6810.26 8.22009233975672 3.58273402180854 15.2460644713046
7103.98 19.9410689687252 4.24800672600876 16.7034156848385
7148.02 18.710251434905 3.21730227452782 17.9760328930088
7597.24 33.1891845024158 8.12832973377024 27.2395106677341
7831.56 10.1807283291883 3.21181360272156 35.751127481496
8017.66 6.18104006504746 3.22315056859505 19.6610904749396
8702.42 4.31576827924433 3.41393585288653 14.9688721340935
8811.82 8.16379211924158 3.72828075014697 25.2623392809637
9057.22 13.3483639674265 4.10987209725385 22.0042790778753
9381.84 14.8011319449017 4.5486035439083 30.9774279670637
9904.14 5.3171212364067 5.51479730054065 22.1652826619247
10148.57 3.66797815256967 3.04765268356992 18.2282021978572
10871.65 2.33945061228903 4.75215592281463 17.6115638094107
11395.55 2.33042719188811 3.95659443429215 28.2604259704949
11682.8 1.73766670511303 4.36063741969435 24.6966716302595
11707.66 1.20201103530776 3.15029588911994 2.61741190236353
11823.33 0.96857585959751 3.51859376647243 6.24157089993787
11854.77 0.816560763927845 3.1510944405703 3.44177108851
