4196.88 31.2943410781503 6.13401568155436 9.55231448830091
4212.18 100 19.016735284686 9.55986134982413
4283.92 38.4170468029266 7.97214214803673 9.19912399459554
4368.09 11.6926410879782 3.20911112492446 8.26273446525738
4422.15 9.20605242860342 3.56353456821006 6.73908735332861
4489.77 6.50867174372488 4.38672418609808 6.98259480137403
4589.45 12.7980559371571 5.17441752105238 10.5468300192788
4634.72 20.598290394316 6.70075795115335 9.61686613338406
4677 21.9726894795239 7.09684131815486 9.66064942700905
4720.36 10.722883360523 3.36100318541864 11.8081265533629
4947.53 8.15485576145242 3.14867652733002 8.60867014890937
4979.94 16.6138332352141 5.96372937713324 9.78059614203721
5057.23 49.6200332763207 18.0821183086069 10.8691530662572
5077.1 22.2887422066093 8.16337631336542 11.2682868213205
5252.18 33.0156117586604 12.091284990553 10.8897496334439
5282.12 23.7557520414151 8.77971774281225 12.5157756874833
5615.59 20.7500956817523 14.7057499705551 11.5228031015104
5930.25 23.634127385707 19.2773622628803 11.5792527800941
6002.85 17.999144977878 8.21313112634731 11.8966681173033
6144.04 33.2652787303655 4.93111015874215 25.6738428310546
6275.63 23.6119331794572 3.25344350013828 13.3124500909344
6335.44 16.2279160319744 3.17566400828412 26.3104058624504
6571.62 28.6983959612429 20.452862011057 13.8369591898909
6726.05 9.86721962036141 4.35517520099808 13.8055816579572
6811.47 7.117160759734 3.03001033933015 18.7612301610561
7106.61 18.2235900098307 4.73413005880737 14.705539463831
7148.49 16.2552226457093 3.35361085900265 15.7879706722661
7178.96 18.2837366397099 3.32312852624476 28.5596029937797
7249.77 17.4717605551089 3.4593522810232 15.6439988808361
7598.04 33.9966745008237 10.0543480405379 27.0693007715181
7835.77 10.6095325556021 3.373951284301 31.9363042351497
8022.57 6.69053637898785 3.11019163786607 15.4513792501511
8494.73 2.94640506954808 3.51726445785285 14.7093268435819
8707.35 3.55047550735934 3.93758130799197 15.9650096102214
8816.44 6.08136455664539 3.68393255305119 26.6895658487501
9063.28 12.5085293777253 4.40764227548497 19.9681024721212
9385.71 12.9427720344179 4.54487457669115 29.620175173286
9905.22 4.02647572067115 4.62213375194103 31.8758966463283
10515.91 2.461852972504 3.82148160271431 20.4291028634925
10877.86 2.00809119400254 4.44407991010386 16.2662945688498
10956.75 1.4346619552786 3.10882219414358 10.6551952196205
11109.62 1.39482310063803 3.01899650924409 5.33934707880871
11389.98 1.85812387345008 4.11496871688638 26.3923589069946
11694.25 1.32863057078824 4.16246589998163 15.4604121127013
11704.16 1.20462785886894 3.84166615742531 4.19548079675951
11857.11 0.65161063332534 3.0480531830325 4.74696302193297
