4194.09 32.7043291943016 7.7667095105618 8.04866942646822
4209.75 100 21.992237893862 8.31852676189101
4281.23 26.5818619534987 5.73981097296889 8.59665409752506
4365.13 14.2713917409017 4.0722670204419 6.83732969994253
4419.78 15.9804037941777 6.19642995521518 6.31373628204892
4455.03 7.13395787241011 3.47662581625416 7.25350412567877
4588.19 17.6835374458646 5.60248896078381 10.8895054291634
4632.05 26.4946599089808 6.11883049493147 9.30448691414767
4675.08 25.2658138516313 6.01425421929662 8.8052043823609
4717.79 12.6767503981762 3.13496978474146 8.4489371501586
4978.1 18.441198699223 5.61711019870553 8.29574767795839
5054.18 43.3997174417095 12.8789501057949 9.56076556303924
5074.71 17.4911170451979 5.25376019651872 10.0216679999648
5249.89 46.8429174544462 14.9143789235831 10.1735242247469
5279.42 28.7314344359049 9.01666832708366 11.1173074569479
5468.38 5.97832929293987 3.26169742363197 9.83695247265132
5600.18 5.54595824868755 3.63676511132483 7.77302675329611
5613.51 11.8378482646713 8.29635622627169 8.60439269194467
5762.36 4.22392557400303 4.99802757568058 5.70725064638646
5769.96 3.41801414877367 4.15601635313797 2.28816943066795
5804.9 2.53190438788378 3.62619599996101 2.32685152951308
5926.83 17.1071579324723 14.833286068378 10.24627811962
6000.7 18.4655659158294 8.00466071539037 10.0562657830724
6141 48.1383100560743 7.02784980668938 10.0741731262324
6215.79 27.7152589793418 3.48478359733423 10.4047690298621
6271.68 30.6035200699389 4.09702666643693 10.835402687906
6333.39 21.9322885770396 4.21702302044246 10.4572961358781
6348.38 15.0883714097625 3.2025934664284 12.0285255846693
6568.93 18.7428120002452 14.5153943578388 11.5076951539777
6724.09 6.89372138140474 4.06867360211494 10.5364822605216
6753.26 9.30396360326393 5.42316378738837 12.4357158423472
6789.01 5.26012674668164 3.3343809472031 15.3505540911474
6807.52 4.75617875951909 3.19814468043087 8.7018159485724
7145.54 35.5733045483337 5.79074700169683 11.9157460486385
7174.76 37.3884305616805 5.49165270402527 11.951454327238
7265.41 19.2402605866149 3.18968060845262 12.0576061492393
7595.32 24.8499341422684 9.65494066971511 24.9413855690891
7622.49 15.3588274878287 5.52240550038741 13.0014064867164
7737.57 10.9213466275642 3.89890425787512 23.8983555731111
7813.76 10.7022703497897 4.71033545201191 13.0883193104273
8016.51 7.07412806751489 5.09765499353475 11.5754819868498
8284.84 4.93009250272854 4.58603252411719 11.0729795547304
8421.76 3.1970065728074 4.01118445978046 8.8997728751674
8492.88 4.97150302324407 7.5536473229075 13.1926969100077
8518.61 2.56859306878002 4.03878916591751 10.8046947994844
8813.02 15.0332371367988 6.72688182596814 15.278811578788
9057.74 24.7469653428853 7.54977160433729 13.1822265632509
9130.03 9.63672470100456 3.20030089048281 15.5567748658523
9382.02 19.8977189040736 5.56504288799055 28.6611565974981
9459.17 12.6879100589394 3.42342182251661 30.0423344704104
9894.05 3.0139315017551 3.3269742305347 26.998282685634
10089.26 3.69017242273222 3.08184943512619 13.7313414199562
10148.39 4.62975851642349 3.62819403539377 14.6799613186231
10221.75 4.9149430042998 4.0001313083836 37.0089938557885
10570.22 2.47165341108793 3.44451491352735 12.005556984248
10873.53 1.79016998971652 3.50252198437648 10.2953470712309
11105.25 2.98866064907126 5.37351350293403 13.3074667217734
11388.45 2.24070857262002 3.92944427985786 11.0214786492634
11688.43 2.40787396513335 6.86809063405198 16.9479507601245
11859.66 0.845235768253201 3.61858221989045 2.0948881670829
11953.24 0.894728652699435 4.7508006281032 1.52184664308515
