4212.06 100 37.1506248686335 8.4613332350973
4351.54 7.84870586753497 3.65722329575712 10.2378229412179
4368.59 10.009080304524 4.89277758014638 6.99294959173403
4420.9 9.13988718556402 5.04655113301725 5.54043993434334
4535.08 22.5848964760682 12.6299748520475 9.9177338584459
4588.19 8.53237391272117 4.65233243189502 13.9448313096791
4633.7 5.71211833105422 3.12118965204021 7.88728997273029
4675.98 8.31301904527404 5.17526713048266 7.92280841731008
4859.73 4.80089443085445 4.99302261193686 8.2778182831762
5058.95 55.3173550137217 30.6626935953652 11.3233981682743
5251.64 15.8932164118223 7.15321421796852 8.35217640185056
5281.85 17.942446798716 8.09795836676756 9.79273117054163
5381.55 15.1308977698492 8.56448828581888 11.8409163154129
5573.15 5.40614012845381 3.4654333243087 10.0642678011163
5604.34 9.39876635639433 6.21653860006551 11.2343550476944
5702.75 4.18099672706812 3.43118914244728 9.35438304458057
5929.4 3.53044073067892 5.19237550450411 9.35529780103661
6142.89 28.9689424360916 9.62952567705758 11.4185004493229
6177.84 25.5939843397449 7.26941636300153 21.0326999652652
6273 29.1399886694209 8.81979951699454 11.7159289509063
6510.35 7.41885344988489 3.37417404083413 43.2349842274007
6594.5 7.84569422697888 3.84709810530635 12.0548325625159
6723.63 7.12671579936454 5.14943320234426 16.6114758177609
6756.28 6.99407798539503 5.67542878300897 11.7506106775736
7061.91 6.71662521226406 3.49388366378434 17.54103954317
7148.64 35.3920457301008 12.6809163880142 12.9400844637612
7249.77 13.0516711281564 4.46049272112686 12.5552411116569
7469.96 8.48390563716898 3.44572049471519 12.6804067671465
7584.94 80.82877607149 23.7317184568599 17.960491062654
7817.31 7.75745739721876 3.06214870566645 13.1154166397819
8424.11 2.9253614038878 4.24975946768724 10.3759183058428
8603.44 1.2012975175109 3.47294285786917 12.0349058476913
8816.95 7.28498317147519 7.21191183286168 17.0497491845599
8916 5.00717240727663 3.09025752680031 13.0210179318692
9059.47 15.5163495123777 7.66133188829452 19.4155401653406
9398.73 18.2879075511277 8.25374030512638 34.4202164992184
10029.55 1.92865703197348 3.08192927795945 20.4842894832873
10085.8 2.67671291445969 4.2770025187169 17.6750003708257
10210.6 2.48320801292925 3.96619048761983 18.9290743703023
10577.65 2.09688502615136 3.05610201425923 19.2949686704524
10676.8 2.13519970029408 3.06720653016092 33.2322725243466
11156.35 1.62971500178594 3.98525295296568 41.0888686707458
11687.07 1.41682035871369 4.26572799390905 18.2021938176349
11769.71 1.42757509772279 4.81983108332889 17.4507492365319
