4070.27 5.76679813119053 3.05955979107273 3.59986598678415
4211.21 85.140261748399 33.7132731327543 7.69235574573577
4420.41 16.0813746307702 7.05949620597728 6.48276763202648
4534.95 21.4095645865676 9.08443926879396 8.20915030131346
4594.51 15.4872378532278 5.5362092347849 12.4403040967109
4633.07 9.74709065100884 3.07147370542618 7.96818437610909
4677.38 17.1858003317958 5.90364240777634 8.60889609206697
4718.43 9.07053194100774 3.1926519917635 9.74026057367064
4756.82 7.56653723597052 3.00502158940857 3.45547851390074
5057.49 68.3709909374571 29.6685557205569 10.6263292413178
5250.29 13.1764861169012 5.79302019389985 9.31629507453999
5281.58 15.5390051123778 6.83127184679905 9.70765640306854
5379.23 17.7312501173622 8.62514164901894 11.9402916399067
5574.81 5.52768543770315 3.19113568425671 5.4369899244839
5605.04 8.53801290432084 5.05341112901391 9.72472563920383
5703.58 5.87471820073239 3.98157603319753 6.14763530267555
5764.61 4.00527790520926 3.12778627368544 4.52732530399862
5801.66 3.85138044720873 3.36448831910083 1.37622531823945
5897.52 2.56257136003009 3.03409602450032 5.72311568946043
5925.27 4.14133486290362 4.85079536902333 3.65535580361484
6142.74 32.109002930074 9.00921616250002 9.81887590572296
6177.4 27.1491926115013 6.50582391093866 17.8381528911568
6273.88 39.1130059742859 10.2518460695977 10.7303307481088
6594.65 11.1559082452743 4.50963681975385 10.7198370620681
6723.18 9.01766952549585 5.27476773825087 13.6554003326537
6755.38 8.29751353175852 5.46556225499799 10.8867037740511
7147.56 49.5933130008797 12.4318009885017 11.6979636668593
7248.52 16.63825304631 4.01816196188942 12.3273691595086
7266.03 12.894898957705 3.15420310922029 10.591682006705
7469.01 11.6451242055213 3.88833633234756 11.6542022077592
7583.83 100 25.029642714456 14.926792001479
7651.47 16.5381303722449 3.7400271625548 15.8362490085356
7814.24 10.5935978590685 3.65679761958363 11.2319023177943
7970.74 6.00082951803355 3.3515800231089 12.8381014495408
8018.97 5.50614857855182 3.27311584463409 10.1117387663808
8133.93 4.89853142655987 3.26778483837474 10.6375803146657
8335.08 3.91635149331867 3.32152644718427 13.7569398606483
8424.11 4.72706577374152 4.94371197981274 8.04014229232416
8562.07 1.86686996305812 3.11244189835967 9.29449154391114
8600.57 1.59561337490611 3.19402590841236 4.10707901007845
8610.04 1.5754085798916 3.21100064928693 2.73180221304028
8813.87 8.26759986566299 7.38726245499767 13.9968135270065
8956.76 6.41237830235937 3.00282824620445 12.4754027752988
9058.95 23.8855316301273 10.0137856135951 15.2603387840536
9399.61 27.0094876379595 9.05655905341511 32.5125731584376
9718.43 4.9949101874594 3.1363144816276 27.7709873321528
10030.1 3.66216882173457 4.06209779884575 9.14851749699847
10086.89 2.72030628645045 3.04015522227333 9.40368581047551
10210.24 2.67135734066978 3.17722746600588 7.50625137959651
10574.49 3.22376486688699 3.76037013493631 10.1192788241206
10674.56 2.72396845312363 3.07767666245308 16.6045761602036
10855.31 2.43772450226852 3.08365175693952 4.96587658667158
11151.79 2.30571512105369 3.652331793333 22.6933471138145
11678.72 1.66582258925519 3.12080141380993 1.92220536690547
11686.87 1.87270661341018 3.5412470141586 13.0714036756399
11772.83 1.82306137576597 3.82431867631478 4.40765898117934
