4067.05 6.66630349676164 3.57994343288299 4.9877399844745
4210.36 100 28.3417523856731 7.70759648871081
4349.57 10.0223881211019 3.14144335769116 7.671002490094
4368.34 9.55178844332386 3.18387956679042 7.19662454969148
4419.54 12.0824042434045 4.92026416303444 5.00564631667658
4533.19 22.9099711218269 10.2580742940605 8.81524990905109
4594.13 11.13963197736 4.67229326158456 8.86001420870161
4675.98 7.30761812662935 3.1925785571599 6.96328313012873
4857.78 5.02292164033507 3.52506408075313 9.04047139864724
5056.17 64.7736484106118 23.1596869331331 10.0714599453768
5250.7 17.1251687920642 5.79006121240199 8.71157086051971
5280.64 17.3939711488871 6.00854785253425 9.31301582050855
5380.05 15.5940702547414 7.11306933593259 10.6434277619019
5573.56 5.96487854552254 3.37739307254161 7.82798793248276
5603.65 8.96698716864154 5.17156897774851 9.10322436327988
5703.58 5.64083646420241 3.65501217788776 6.34753665453081
5926.69 4.25374739019518 4.38131829375462 6.80122942410253
6141.73 33.1581537603607 9.00967499057307 8.97760618709708
6157.23 22.7460976651446 5.55428819701 11.638603200865
6177.11 29.056067772114 6.66251499406297 18.7946397513942
6272.42 37.9669088797431 9.50718793013263 9.78805968664437
6595.25 8.65971442022684 3.47984480023419 9.49855724661847
6724.39 7.94455957956233 4.43413750680217 11.0111179534779
6752.8 10.1862795530384 6.25643048546238 10.0024984471293
7146.78 51.6553903131026 14.551941806189 10.8948731278188
7248.52 17.1271412084713 4.9854830683722 9.6166126064154
7286.39 11.2891468942891 3.46613137749282 10.7717495378429
7467.43 12.1126143879766 4.40808003368726 10.0305028979737
7583.03 96.7235769286694 24.0465080430694 11.6627384761323
7650.67 15.2796228476181 3.32892076308176 19.7373484260297
7813.92 9.65951931506108 3.14295627823847 11.0430327914873
7969.76 5.87945083090658 3.17855689244472 9.32529045219508
8132.61 5.34157666576793 3.59868572124328 10.7236353542357
8331.42 4.16209076231828 3.70579162015485 13.0375538092776
8421.93 4.28042114378084 4.78499132699138 12.0158790520763
8558.03 2.49877761495363 4.35172142055723 4.64189953171444
8600.91 1.95042008093643 4.0736098116086 3.40837650831782
8795.94 4.56981669397128 3.87214060918815 8.98705529787367
8814.73 9.58483329029415 7.19780130564902 13.137386286995
9058.26 24.0356079908586 8.03209579743353 15.8657663165923
9115.44 9.21778769177509 3.02730212724113 14.9932021785007
9399.78 25.4199693376893 7.14126668357 32.6229179873262
10031.55 2.66008599512247 3.0566708203175 5.79322409928318
10213.53 3.6324285806301 4.66027595541482 12.2693240297303
10569.67 2.93425537703218 3.25838913457933 12.0363202694207
10678.29 3.08395938759135 3.45229228497014 7.04985496472182
10850.42 2.51609973507811 3.27532636402868 12.9633422363004
11136.77 2.31331337537444 3.94851127194982 22.8050727743976
11682.99 2.03449833267829 4.58467172089456 18.183428282653
11699.3 1.32742504747907 3.03838769157002 3.19502444924183
11766.6 1.58078363525248 4.10990544903463 5.34374836012103
11774.78 1.17232868023324 3.07498725293331 1.25493755623029
