4068 9.09833303050024 4.69090922265892 6.81739070491676
4210.24 100 27.6715858307813 7.4766369549543
4293.73 26.1119986378139 6.33628702978927 7.53401975471843
4419.91 16.2353457081617 5.47667314765091 5.10790867933883
4534.58 25.6079723977577 8.91503045129178 8.08097811639345
4586.04 13.1917553862267 4.41171896790064 6.39922882377869
4857.65 4.56063049483929 3.43371009992241 3.53985541765996
5055.9 60.803496272049 20.213692113958 9.89759687857622
5249.89 18.1464721202668 5.98351290915028 9.07057834707302
5280.77 21.6442998077174 7.38392685065442 10.5964670869116
5379.51 13.6023669113617 5.99282142982532 8.45759769847427
5572.46 7.3903394921323 3.7658881831669 6.95617577962821
5604.9 12.6674493373371 6.68666015511622 11.6329544604587
5764.19 4.99167842851518 3.62241177635499 8.05755698907615
5894.82 2.5969044008885 3.18185084820428 2.54774608471325
5902.07 2.77738189516537 3.43907536502965 1.33588879646959
5923.99 5.28924383648756 6.38787822154818 7.52768312187709
6142.6 37.4736654231289 7.80673860754143 9.41873593861328
6157.23 27.5962393721701 5.1791724789743 13.9687727454211
6176.68 30.8738311016697 5.38994091526815 20.3001219269281
6272.12 42.1653465833433 8.0727009845338 10.5217310397666
6507.67 9.23318437973877 3.24470782060285 16.0051873739048
6594.5 8.72725635540477 3.30961885865727 11.2818430872821
6722.88 8.70721571929031 4.30762451621062 16.0812309404537
6753.11 13.5566757566864 7.16250650730513 9.05041689854352
7146.47 55.6415847018318 10.2891605905531 11.8074159076359
7248.2 16.6307069043573 3.18713097472597 10.923956152903
7266.81 17.1790929042926 3.43862457202445 10.6248557721401
7583.99 97.9678545813438 18.1035215061683 15.0240076890568
7815.21 12.6019199350376 3.36316490537008 12.0720949238439
7972.86 6.20271177098986 3.06070749643221 14.2551937240287
8016.02 6.33953650577179 3.23572677546183 9.49051330954353
8330.09 4.77418440259607 3.28816031926425 12.4911571612811
8422.6 4.80719145811167 4.35406019612955 10.6592120920923
8600.74 3.32510606513916 6.32858804054838 7.92145742151297
8611.73 1.63969796377822 3.06964513294373 2.00254778328417
8813.36 13.5402319326717 6.67758206766609 16.3153770543595
9058.6 32.6236244917727 7.29554748882575 18.7716320813652
9397.5 34.3672539500119 5.98188550258245 34.2788077913228
10029.01 2.94740848307257 3.19960364518816 4.61204277030811
10208.59 5.48177346328098 5.58245502961708 15.231521719903
10573.19 4.32716573102309 3.18502979323468 16.1694028013953
11134.11 3.51984376272046 4.10085331556648 38.640235311057
11685.32 3.23153049099498 4.57509693174507 18.566073246222
