4025.3 6.47591995015803 6.4438340197025 5.62953786818935
4209.38 100 43.6333350126293 7.12661337699228
4231.52 8.47900467746711 3.14107553662355 5.67681011786863
4249.2 8.91521210518088 3.30122466273314 7.54164675568791
4346.98 10.108612000777 4.76986803037 7.11944421097451
4365.87 6.55203599632177 3.40328620456752 4.71061190353521
4419.66 7.6240338100091 6.00278846701561 6.53273865981009
4533.82 12.1893899435428 9.11292038661601 7.34146952232095
4593.37 8.54199735614859 5.00083792576718 15.1178254553352
4631.79 7.9126245113058 4.18444838421503 11.8158010634388
4673.94 7.14137227886556 4.09859069388638 7.23114174048351
5004.41 5.01451765017434 3.58319093834844 6.42841532248622
5055.9 42.6278532540219 26.5973912111059 10.1178254249453
5249.75 25.2798406356703 12.3224086403047 8.35945774875654
5279.96 24.2919855722951 11.6973842160559 8.88844028687799
5377.6 4.87201131142107 3.01112727902729 7.84485398866218
5573.56 5.33382873090514 4.73575750044935 8.10227664356898
5600.32 7.9841582788905 7.30725331772303 9.37136472268321
5699.53 3.66776718673754 4.00610475645271 3.42217515796619
5764.76 2.79654698365751 3.66147251735255 3.42156808915479
5922.85 2.43628501985678 4.73959230101338 4.28011930531648
5925.84 2.11378106286584 4.07929283804709 1.07965167433213
6141.29 29.8565407732836 10.1190747190633 8.80193319031423
6155.64 26.6929610711492 8.29902126860986 9.70897412632712
6176.39 26.9666681725426 7.75101357506039 20.0750826833664
6271.25 25.4183833200702 8.32868830050671 8.90698263318609
6481.66 4.61439670989545 3.21375330334433 13.9901493927973
6507.37 5.20849090628876 3.69800622324373 14.3418201698014
6723.78 4.52959294722389 5.60250161622837 13.9587250436916
6753.41 3.23331474028526 4.63318502733611 8.71893512204224
7058.98 15.4149859169071 10.596392734603 11.8656107630823
7146.31 19.1187218165207 10.9993168031026 9.12359986093361
7246.95 9.60325266858041 6.14674049604314 8.53350042445527
7287.01 6.6772807474106 4.76576138768794 7.51416890867949
7381.3 3.30007173210973 3.83565076503449 9.93288763875626
7583.35 53.4332775161356 33.25486340139 9.96244993492292
7622.17 8.10636922539625 4.17297728286566 15.1634542363918
7650.5 10.4039990457219 5.44082922978271 12.3057974537078
7814.89 9.97598204157617 7.72080021339889 10.0892674677034
7970.09 2.68160195027807 3.55045205310139 8.69505000703612
8017.33 3.48619700748309 4.66725292727483 8.46662992563415
8131.63 3.75201099509851 4.75128348588595 9.99776253632353
8285.33 8.1640458765256 11.0784953649518 9.79178874508034
8421.43 1.59156737583429 3.13727081423059 8.36466526043478
8603.27 2.46546667944384 7.91657185091764 9.80560094505563
8794.23 4.93793563908143 5.86014587329634 11.6599155724525
8812.34 9.34141595993508 10.2999441118836 14.8155429258568
8914.29 11.4572092753122 9.65451137885789 10.7829747524174
8953.15 4.65763959442733 3.67714440036789 8.6392349778198
9058.43 12.9102510224279 10.3070974136135 11.3689922254289
9398.55 14.0704065655057 7.28777799929943 26.8575651932661
9476.12 6.3484971380577 3.31798842723761 27.8538439119329
10026.11 1.38863511341152 3.10287098243635 4.36133940611762
10208.78 5.13256341191399 10.768221111708 12.2401214854472
10314.61 1.56848806216058 3.25617036361681 5.44002349764196
10526.47 1.82241712571053 4.39594579767946 14.1531321187285
10571.52 1.56014050504917 3.83020705776079 6.95060860671947
10852.49 1.12125449576236 3.24978183755181 11.0022368513855
11107.15 1.20206650430692 3.37808639659602 5.34946505899279
11140.19 1.39025021398359 3.88299926892422 19.9052217295939
11158.63 1.40731593752148 3.92168271538779 9.04382360015916
11369.26 1.58580458836834 4.59994095968451 11.7540908655992
11682.02 1.08651066731916 4.64079790826384 8.92974902888272
11759.2 0.924583811572462 4.49274007996961 4.16195154659908
11765.43 0.805799711569986 3.95907577989042 3.78147990311845
11774.39 0.68933401132912 3.44212123793199 2.44860321646229
11862.39 0.616780471028988 3.51872277570955 2.40040103413958
