4027.8 3.52341243319937 3.51009787172118 3.26179551531504
4211.57 100 47.7379470606328 7.95317169681039
4296.8 9.02752032188926 3.60171558146172 7.43037285456649
4349.32 10.6984836979062 4.3525186404864 8.65888751449711
4367.72 11.3969620800914 4.70301301936177 6.35100778518063
4420.53 16.7157285619986 7.40211225033889 6.29473224497269
4535.21 28.664382224387 11.2297780561567 8.81543692737523
4594.26 14.3438331380799 5.28790155826911 16.2837336720522
4635.1 9.74801666448226 3.58557070661101 8.42965233018003
4675.34 11.9019549887574 4.90011937741545 8.2233241879112
4857.91 5.34358784264424 4.08849446537884 8.86913889683365
5009.81 5.31225032735789 3.77761382172565 5.90666599987344
5058.02 42.6653364483687 27.4706654296165 10.8093463793557
5251.5 21.4779862988284 8.64522019144824 8.93681157310857
5282.12 23.2667455082295 9.44276701285643 9.4787285402017
5381.14 12.6691455218639 6.76507274851193 10.6237054823659
5574.67 9.99899791662332 5.58614342232453 8.31024204130426
5604.9 14.5058293919358 8.11030221597024 10.9216390376369
5704 5.40651986783892 3.63827464602502 8.74880632826171
5765.32 4.8253417800729 3.96608845780094 7.71588531517136
5925.27 6.05725603963443 6.69631013108346 10.2751297628747
6143.03 28.8249763847173 9.06846851226741 9.81150826747671
6158.25 26.037550060911 7.5583830528684 11.8171638537815
6178.42 22.4397562691895 6.15829160799052 21.1969250589455
6273.59 29.0764775092998 9.52524340667115 9.74527887909608
6466.53 6.86364142665325 3.30593286599088 11.7858670610367
6481.51 9.18329196813436 4.36174570718067 17.4514773806786
6509.16 9.30987276259593 4.30021076919803 20.2196388921466
6596.45 9.03805913538154 4.41061917573098 9.09956494643211
6726.65 4.60375658514933 3.18948594422945 16.0649254100072
6754.77 6.1316015451476 4.64639835890598 10.6078930145659
7062.38 10.4873878356284 5.4490812296809 11.8278842505533
7149.73 32.3497005582146 12.0463512357224 11.1824949955171
7175.69 9.42152758704268 3.12683029772235 11.4077507312277
7250.7 10.504850972616 3.79774991360994 11.1835383588841
7266.97 9.60646117402147 3.53498508891663 11.4129371462095
7468.06 9.32671062260135 4.85304008344056 12.3499254158778
7585.42 68.6174905095276 28.1413632198922 14.5578424566811
7653.23 10.5624076337273 3.95988294999095 12.3787996041556
7816.67 8.69299074709028 4.39247310060344 12.0806820822945
8018.15 4.1887483194716 3.17206695205104 18.2010006324299
8135.25 4.72644687390993 4.21314091599271 12.453928231047
8287.83 3.92481721821492 4.3543253468814 9.57841937073317
8337.42 2.70514960305073 3.29285717167617 11.7302663333376
8423.77 2.7856609448053 4.3416685987623 10.3749946388325
8562.41 1.28482060618672 3.15726869080109 1.95227764447372
8605.98 2.60624126877748 7.53455365043096 11.6973084263773
8815.58 9.61408393213881 9.11656847732666 15.5751932518669
8918.07 8.546060767043 4.8606350037466 13.3500954051469
9061.37 23.9270370306463 10.0364483203654 13.8113716192838
9401.54 22.9434611916716 8.56340196902666 32.3309203881436
9717.71 4.8638120460112 3.26724795619504 31.4968196928239
10031.36 2.548015842102 3.49692022295778 9.66683100947375
10213.53 4.22040699875006 6.49045516482958 14.7449064265711
10532.4 3.3398104572271 5.30768590581875 15.1279680059124
10575.79 2.69918244995107 4.16248271056516 13.7870072895712
10685 2.21692183428567 3.36411658735926 26.5021980751098
10852.68 1.96728846193212 3.33770628282795 18.9951777957867
11140.38 2.0257544284444 4.34671238823591 35.0029778555981
11369.45 1.41734407244554 3.24834124324477 12.8439799706448
11685.32 2.15916528977668 5.82477776475506 19.4717656990215
11764.84 1.27308421770533 3.93506967805004 17.1299664238832
11788.22 0.983879705373195 3.1765824635588 2.15746876662706
11999.56 1.07411636544845 5.35139378732225 12.760329216213
