4028.04 8.81898788515216 5.53279044241915 6.17540151990033
4150.29 8.79604407720365 4.67415695551987 7.64776845513552
4195.42 50.5462446535684 24.0341965170346 7.18897990707592
4280.86 16.3430973368597 5.52861392556138 6.26868320314497
4296.67 13.4789289268849 4.29022477964114 7.40954012164002
4340.08 22.1332731676688 6.40819760112616 5.89268880536201
4403.39 21.3876283475393 6.9840364536695 5.9699436369574
4458.15 14.5866158187976 6.22275242601309 5.80860558629774
4625.06 25.8797137342092 7.39034673536641 6.86230312531097
4672.15 19.9243341043108 5.97158019742626 9.1159142918732
4895 5.69523643786983 3.69815324625506 7.87189704421871
4948.97 22.2131404751294 13.6799009038403 7.63136033390583
5022.74 20.4836929699853 12.7123005573069 7.37139366488645
5130.13 13.1685143785129 8.08143849914661 7.31181156167895
5251.64 52.3476203150587 23.6176980934969 8.01405707765934
5379.37 11.0849714194998 6.26216712570642 8.32104693868496
5467.42 14.8315975684754 11.0010907749347 7.73366949629508
5580.77 11.5391669498289 9.60356890447272 7.77869578030186
5601.43 4.02067074324446 3.37404862606711 5.14946277084346
5685.13 3.70968744291387 3.46331854010296 2.56771736072369
5770.38 4.02313345887676 4.18891984720228 8.05171707395766
5814.36 5.95208797766546 6.37707774837148 9.18753203109827
5979.22 6.50425721027763 3.27017087403772 9.27483941994251
6001.27 58.7576384836378 25.6028595823232 8.58052076441345
6099.65 17.6498086316679 4.44767647547187 8.78854280599353
6113.95 60.7767446498215 14.5841243231379 8.81359153551239
6334.42 85.2337225450063 20.9023144534799 10.2818906094035
6442.52 7.59846125683229 3.26847813967309 11.1200591118295
6506.92 6.98118724201823 3.91214225554643 8.42753661363167
6567.59 21.9264828158922 14.1815843311958 9.84769179923023
6787.64 100 40.2516930464093 12.2880198313569
7113.74 12.5141506774161 5.52474900218992 10.0145882197176
7192.04 68.2177352657158 23.9373950371896 13.3491882257831
7737.41 43.5030393308398 31.3663740424683 12.3898030039418
7836.74 9.67184650628032 5.6602612764877 12.1709595452839
7889.8 6.84822129156175 3.75907371582492 10.5950783755334
7921.67 7.59944852382731 4.14177276719158 11.5986445467361
8017.17 8.17007953221315 4.70132876355802 14.0638776483311
8082.76 4.78554105486133 3.09845511401183 13.0275258597158
8286.17 8.0275058429668 9.73199168285996 12.1325317820774
8304.29 6.08066892823444 7.69422126458538 14.5390479066446
8571.52 1.91388169352923 4.03535517970381 1.9200354208424
8784.67 14.5889686947426 10.6954736526423 13.7978104391623
8819 14.1514552020892 8.91550843548082 19.1645808392568
8902.78 21.1199078301637 10.5291950247604 13.3326095481243
9028.17 23.476193235929 10.4917706164504 14.2202617657949
9133.15 16.0820198340821 8.33584665775049 14.8823708256714
9460.94 32.5597193905656 16.4618851975005 15.6620122896529
9551.86 20.7275895885124 8.89465316589033 16.1971259815091
9896.03 3.82597529086357 3.78408090507275 13.2669288004417
10093.62 20.1952719980348 14.9564377702694 16.9048965026723
10238.94 14.0031530831245 10.4591566350603 17.4263184349293
10449.36 9.27867410706137 9.2213920686064 15.6587568523955
10580.99 3.11252157946522 4.13894273860128 14.7378712980044
10924.33 2.31167351333581 7.47921827907394 13.7136093578047
11106.96 7.98553058151828 24.0930357391273 17.1258353831381
11130.88 1.42086015340697 4.13383882264991 5.42146772131673
11329.98 5.58235086637762 12.7507385020768 18.861436015748
11683.77 1.25029032269251 3.33281512783552 5.19463379475383
11702.99 1.95036176103791 5.56254222093844 17.5746551688462
