4027.44 13.2102899942214 5.97205200814661 5.18571037411903
4150.89 14.7618157459114 4.38762985513974 7.02641276352369
4195.06 100 24.0364976094361 6.87049685139664
4280.37 26.290967660564 4.82097053619946 5.03863300121247
4297.9 22.8081882224996 4.0760697147521 5.94266290448832
4339.46 27.2432968111072 5.20036691946205 6.12540728005661
4403.64 25.2213286879713 6.20871664535581 6.35806004531241
4457.77 18.9131869960231 6.27734009779212 7.86021766107388
4623.16 41.036898552618 6.744871747739 6.74242029820016
4636.24 34.0883191675111 5.32183355604541 10.2062278096118
4671.13 43.0022519627472 7.03162505093555 11.5440526349412
4895 10.5422507177543 5.22794565672855 5.81533168299757
4913.92 7.15274670952917 3.38735245578921 4.81469041367382
4948.19 20.7742486191939 9.17260965901462 6.36354337303328
5021.68 27.7541293258199 11.0506775066655 7.37419442849205
5128.93 16.3154526656275 5.66982605230264 5.93039248371588
5250.83 75.9170141471408 18.9090967734417 8.51855755192719
5379.23 15.1726883363627 5.17521393129534 7.65538656394074
5467.69 15.9414930932951 7.49183964317062 6.45996455083423
5579.8 15.3066316819162 7.58579327344164 7.91675270281939
5602.4 5.96821322640958 3.00017420456336 3.56416112599891
5767.57 4.37264354009869 3.19529345893448 8.39778284337171
5813.09 8.0563748878347 6.47224394757367 5.16514059919064
5978.37 9.42296623286694 3.19270947670023 5.17140599652521
6000.84 72.6592353024644 21.4719207480858 8.7162703657641
6100.37 21.4684339899984 3.90399122390794 9.47940702260075
6114.67 65.7052197445617 11.6805070704613 8.80341142653833
6333.68 94.5298399309913 19.7969542276446 9.11072481342126
6508.56 11.0237175984761 5.00436329087209 7.94695011382373
6567.89 22.4772516948446 10.7220363966636 9.61929032598982
6787.49 97.9714801618239 20.434303085637 12.2859126796639
7111.57 22.4164149691543 4.98327299615029 8.64322061944767
7176.31 89.5253229994658 17.3692498443167 8.82432232235715
7192.04 90.875466376199 18.062287568005 10.3460056789254
7737.25 59.9108330228159 30.8347145663017 10.3365867730936
7836.58 11.346921957086 4.70825162009234 9.65603976184229
7921.51 12.2046440218903 4.95490918701846 11.1288853727601
8020.11 10.9408092145995 4.94953059350306 11.7029260719301
8063.88 6.94987638772003 3.47481776232836 8.01289509359503
8079.48 6.21287016420738 3.23578687303434 9.52168250258001
8286 11.1702044832449 9.0941702786116 10.3880676003118
8303.95 7.61765330178906 6.24063844018046 13.2522651117724
8324.42 4.2185855494509 3.45760495116685 11.7890891032821
8784.16 23.8534924026381 13.8726356629668 10.1712910428359
8819.86 19.8646017367018 9.7251892634931 15.9463926181161
8902.26 28.1552236268365 10.7959630372806 10.5482461380634
9027.31 31.6277227463475 10.8209664457933 11.0093893321809
9134.89 23.9671686067594 9.54674565811154 12.2515925549287
9459.88 49.4294029176861 16.9357288045811 12.24172743692
9485.49 23.6178924667923 7.48324792471685 14.9050289623538
9552.03 38.6948724240761 10.5977806531633 12.9758054681697
9895.67 4.09664824535162 3.50425168167814 8.71170653546869
10029.01 4.55409674581652 3.29436446303637 10.1104804903607
10095.98 16.8224401634173 11.115207446406 12.3859766884361
10238.57 19.0512834314026 11.7703304654892 13.4164260870803
10450.28 10.8232910088402 8.54047303124791 13.2916584292725
10918.68 2.76834989693951 6.61465386071919 3.40530415535795
10929.8 1.29290286326925 3.11348656179335 3.39074418391465
11106.58 8.80544060103807 18.0579239076043 12.8358346518671
11133.35 1.79385659672179 3.4886196821197 2.21311328800039
11328.64 7.04342165303961 11.8686177600527 11.9018433252531
11367.73 2.20422561250738 3.63035887025669 2.72857442969689
11695.81 2.08127112327759 4.99444371349087 1.65272015457958
11705.32 1.95873968492953 4.7918452019008 3.93243735520264
11720.48 1.28749885391275 3.22857818573912 1.22575582523677
11836.02 0.919514421152878 3.03630061951132 1.28529447183973
11878.03 0.878460023881666 3.10766073661059 1.9345806182464
11930.89 0.862313385353574 3.35176726964012 2.36668631211251
11993.28 0.887635727830929 3.90317051032574 1.13074492947089
