4029.71 2.73517785699268 3.10606731393526 1.67056393942585
4153.79 12.8330614898205 5.60657878062389 7.87848515624682
4198.46 100 38.4873590193963 7.10545875566095
4237.13 9.55870184005277 3.44178333273318 7.43778103106979
4342.29 11.0275796558919 5.39230049925051 5.00312204571765
4353.4 6.92673268780564 3.52205534008436 8.65759759822413
4461.77 4.13485939813328 4.21055390852816 3.35604690885611
4495.66 2.87986186503523 3.59425109658871 3.19982785039792
4627.35 9.63215141145484 5.7217573394249 15.9847852437106
4674.32 12.5163404659362 7.60974779639473 8.82049753561841
4830.41 3.5940469839137 3.56436400594751 2.64265658631484
4851.68 3.75420109878065 3.74796110004509 5.73998427732931
4896.43 6.49293786515707 5.65598706962928 6.69358701154579
4947.01 5.41037232201794 4.48716791994155 9.48219629942105
5025.37 4.05037871341496 3.79385085809111 4.74670261374376
5174.19 7.73759704852772 5.22146848340267 7.07152976892758
5254.74 33.9674955754744 17.4154265126467 7.85513953463305
5293.88 8.30968004759529 4.15172382364768 7.70627079907808
5382.64 13.108904142915 9.20427386756051 7.44253840575948
5470.71 3.47727548184455 3.48437402174114 3.16873563567424
5816.76 4.58365021542549 8.6012027817878 8.84339910052131
6006.29 49.2510661706507 22.8823580494084 8.64657315543627
6104.85 12.4775916674816 3.76466375322401 8.44383226271657
6117.85 43.7085440575414 13.4153703652263 8.79126677689783
6337.35 35.9039913236207 17.5905669344779 9.46283490736187
6451.11 3.97095687262399 3.08026673696433 7.21508536814508
6572.22 18.4404831809698 15.2858695186156 8.82771432030404
6793.71 64.6218118167797 24.9892957801286 12.3663708150789
6829.26 9.04119402839357 3.54329015597695 12.4722003786528
7116.68 6.82176825842025 6.30414511279401 8.04265455492987
7181.29 10.5689684749892 8.50314690867399 9.2371871870655
7197.8 16.3792312968649 13.4856846797774 10.5576641576299
7233.21 4.00206993007641 3.32571847118093 8.54222781824501
7482.96 2.3751840205478 4.99821290641168 7.86919070077784
7743.53 27.4006922653541 28.4717868179845 10.2581656642296
7781.92 3.56802640416933 3.46879659657174 13.1128611154963
7842.09 6.07312617207601 5.67536307778076 9.34667613189868
7924.11 3.68682909930863 3.77402881025124 6.16984413703449
8022.73 2.54548461157993 3.29297105330926 5.11146974079929
8085.56 3.2374397279247 5.24241229059249 5.56789596019098
8288.99 2.67966078024878 6.1272944540653 8.33996813876547
8312.77 2.10248973940022 4.83161542764641 6.23917377918769
8325.26 1.49240667478184 3.4183978194497 2.06431141411485
8334.75 1.31918997607508 3.01999549066428 1.70067074921826
8449.07 1.29270240450335 3.42079733577199 1.21740174665501
8789.62 3.45640598327124 6.81479666902062 9.26953126776243
8823.45 3.79418142343452 6.69616078167547 13.5915068458962
8908.27 8.31777305793071 12.7667180690672 11.4334288796417
9033.01 2.75828046625301 4.07858813706108 13.4814232411118
9139.06 4.17800031863886 7.2354872163768 9.97032724879318
9466.06 8.60736193022254 11.5845424396401 12.7655994107317
9558.06 8.08213275213944 9.63098134221653 10.4834339591125
9862.19 1.87682364029138 4.46383763010212 7.81187252507698
9900.89 2.90604970511239 6.84588253687567 10.2223746406817
10101.98 1.4935232815482 3.24815820129365 9.88536923620813
10247.54 2.59826569852495 5.97244480713902 6.50237516049128
10453.79 1.63737276986328 4.82721541457075 4.66241368442024
10463.95 1.3771463713244 4.11078086958281 2.24404711150964
10587.49 0.996651959268363 3.65298729604494 1.71245112535689
10865.45 0.666448909832737 3.58335782222364 1.01466448515748
10972.22 0.561837499342978 3.01702361687656 1.06415582357658
11006.97 0.655039083740927 3.37136436700453 0.720163096819306
11119.11 1.03833830659791 4.72359975028511 7.97748975656577
11168.33 0.813399514294656 3.57695757495223 3.33782212241204
11229.47 0.795252331526165 3.38042090764161 0.800446326533347
11335.73 1.07039087135444 4.50749828433133 1.81523012009347
11342.05 1.10757435611596 4.68135518807974 1.92165198386283
11826.06 0.423157591930918 3.06302207019273 1.47993426219728
11838.36 0.424634180147518 3.08927196879389 0.456231924317763
11958.34 0.422071991004691 3.22961830400735 1.35602860470499
