4026.97 12.1436795869049 4.90271372788782 6.70711039288562
4149.33 13.3732004382587 4.97490886304453 8.57706527715982
4195.55 81.9629321516341 26.5548476569602 7.47801651877853
4281.47 22.8700698404574 5.37434441013749 6.39505753563117
4297.53 18.3851547508308 4.09807435787882 8.27396941138068
4341.06 26.9404916142962 5.59336259918026 6.43224033875413
4404.38 28.3492636790362 6.89378113857265 6.05449625147776
4458.15 18.5659408824247 5.93504424447941 6.79305574914451
4625.32 36.8226600514497 6.58924905025789 7.96780694202698
4671.9 29.3882817301761 5.48552356498217 10.8812047510637
4895.39 9.82471457502334 4.87098400279314 7.44537508273243
4948.97 25.1571072812999 11.0434347733153 7.03066167966335
5022.74 26.7387578777416 11.1878252691515 7.98534094752631
5130 14.8264823261198 5.98957559095203 6.8659913395386
5252.04 58.8693940674987 17.7226656360204 9.75529636288775
5377.33 17.3566180252091 6.96831858445277 8.99313056531992
5467.14 16.4630791680203 9.06926198704441 7.82003175044611
5580.9 15.5780862055853 8.78462707522066 7.47626169577507
5771.23 5.41417991013194 3.91731295481391 9.69313810381846
5812.53 6.78506398920609 5.19388331333619 10.0023819255603
6001.7 70.259852952053 20.2856959568293 9.46814996183275
6113.95 65.1026825622381 11.428466155261 9.47835124696849
6334.56 89.3089731892143 17.5836337923213 10.6916537181796
6507.67 9.98828478218857 4.58090915422816 8.85203545016429
6567.74 21.2516182202976 10.8198059247323 10.9924274293126
6786.73 100 25.7205474144868 12.6856773876843
7113.27 16.0757948187358 4.70496833528086 10.2208909414521
7192.19 85.0712366984578 20.1386719535069 13.8055699680126
7737.25 51.2948692506174 27.4727154316262 12.6381001396085
7836.26 10.3897296196906 4.41385252592531 11.4238543501433
7922.98 10.3828425882749 4.16696062629901 7.67960813276841
8018.15 10.9139841494842 4.7162771669597 12.5944640649841
8083.09 6.24785359977397 3.08461578127334 12.6034555849456
8286.83 8.56228785486793 7.38796037419737 13.6524336691637
8306.12 7.10904081490864 6.34837847285725 12.3191748055651
8575.4 2.02130862913205 3.26376973343741 4.67934034720565
8785.35 17.4404961492675 10.2061570045658 14.8731959273882
8817.29 16.3633358035477 8.24537942832823 19.9253550257745
8902.78 22.9550732394942 9.05673873400942 14.0924348011304
9028.86 26.7299948493157 9.66897650605378 14.0227251125252
9134.54 19.474706597645 8.3851475570626 14.3210902563787
9459.35 40.8982676364831 15.9773519063208 15.3367679196399
9550.62 27.7480090110485 8.67450726415911 15.7520106551037
9894.59 4.16334351925513 3.21239339796113 16.6575104359326
10095.43 20.7582154158934 12.4704693558425 16.752872555744
10239.85 15.8925594662071 9.75485220033383 18.1848943524856
10448.8 9.56145569082222 8.41381202830746 16.3079088212908
10580.8 3.07122305021176 3.60752514788299 12.103552680037
10923.39 2.45492344385971 5.8617771992261 13.8470181254343
11107.53 8.41689994986286 20.1183928760422 17.8071828542106
11135.63 1.44746191655906 3.36139578021911 3.55516570961845
11327.49 5.82734491436873 11.4032547643129 19.2138443385502
11352.01 1.60797103959586 3.03735952922194 5.65992580885359
11694.64 1.92964843351956 5.12274332859454 20.0672863303662
11712.51 1.34061375447826 3.67364575945633 1.8562739089848
11757.06 1.15457031552569 3.56241194834664 1.00416861465237
11893.1 0.747490437454325 3.3018991972809 0.817975862792082
