4028.52 8.6618031329127 7.25818299709525 5.14136801326549
4152.58 11.6464851772494 5.54042342780308 6.98731587833754
4196.76 94.2904369402177 35.128840312093 6.87670262969459
4282.58 19.2170000469764 5.24257796185794 5.20344113468218
4299.25 15.3703926955977 4.07643050318721 7.52139452380197
4341.56 28.6661989320718 7.91372852969599 5.64259975644472
4352.41 11.1296445321778 3.05621532274652 7.74805885142905
4404.88 18.250353235454 6.44845265422595 5.6205695335002
4459.89 11.7197124797782 5.65377935231794 6.4786548694583
4626.33 25.0066268705419 6.31016870823552 7.34211606536883
4638.02 20.9794970194249 5.24034763578726 11.8022992025772
4672.66 24.6639420655591 6.81133215540149 9.66609300031905
4848.95 5.52776415215359 5.3494810652187 3.76374937025776
4897.6 7.6767069326077 6.66154646138267 6.77380094766431
4917.31 6.04279815984835 5.01361182080026 5.30387910916761
4949.76 14.9856946462588 11.9705383787079 6.41123886354944
5024.58 22.2678894003982 16.8356501246547 6.74095835709613
5131.2 12.0633232722249 7.55169211858716 6.67755152988684
5253.39 61.1312048177547 24.8206476014595 7.99072797728331
5381.82 14.1366866779993 7.70581790352764 7.45131726607633
5467.83 12.8037562081416 9.65109101271321 6.4804974702638
5583.54 10.9463546509492 8.77313696216345 7.45371470975897
5773.2 3.87594735018245 4.58802196310359 7.30125544815746
5816.2 6.87931841240194 8.94028281221714 9.58370286233458
6003.28 62.3090181088453 26.4246076598217 8.54165431636193
6101.96 18.8663012831411 4.57808028561556 7.99758916412793
6116.26 63.181222473993 14.7225114790544 8.47579415546261
6336.33 91.4110146611987 22.4973013106231 8.99572082467512
6446.52 8.32812237964075 3.62841744893534 9.15912155886599
6509.45 7.73110526496533 4.13939132109135 8.9742011868766
6569.83 24.9633965004566 14.0359212991711 7.92577457497919
6789.31 100 26.0287411301595 12.0886130560684
7115.44 14.6142539593114 6.52989817971047 9.43146006263214
7178.49 52.8034165062078 20.0865778222582 10.4005955386692
7194.37 59.4168796068339 23.191461405136 11.0641073239467
7476.78 3.35895092489227 4.01825780574612 5.3034450705436
7739.98 59.9794906224305 38.3067555782106 10.5164282230189
7839.5 11.4634548490044 6.06708458468172 10.4243740242273
7923.14 7.91581812097013 4.2185730449052 10.2105735425448
8022.9 8.14394227045936 5.17689472902584 12.5212542014315
8066.01 4.4380575694488 3.19768364469758 9.62060191374349
8082.76 5.42646499493046 4.187718028576 10.2545354204767
8288.82 7.84784300852651 11.3405042369454 9.90919496326569
8308.61 6.25269397826431 9.30826302620558 11.1350303096533
8323.76 2.50213773336208 3.76909155551574 14.1891731142841
8787.4 18.2331013036698 15.4874091183287 11.6318646891559
8820.2 14.4641692996277 10.3026431579425 17.011560541514
8905.87 26.169015238271 14.5030262923357 12.0086463780644
9030.24 19.8632607394456 10.3079716372212 12.1433587993943
9105.73 5.48787103312239 3.14581459342828 9.57295471430007
9135.93 15.7058902455067 9.95497879794105 11.9601334521431
9463.41 29.9047462415853 16.1471300862328 13.9374904749166
9488.31 13.8429238575354 6.97829101747642 18.391032022877
9554.34 23.8284625027925 10.5426116538278 14.0205316163592
9898.37 4.380594649654 5.07666665338839 13.6101112066444
10097.62 12.6869118529483 11.173786215986 14.4520613255918
10244.25 13.1390835636172 11.3083734927119 16.7847439885245
10451.94 8.39874580396013 9.588388663923 13.5988447491745
10588.42 2.05872639221018 3.33674275403429 15.1569606995199
10923.58 1.62276303959084 6.33769810864951 14.6219419584831
10935.26 0.778538422933864 3.06798616169303 1.94453190240347
11109.43 6.66080145861973 20.4891330059029 15.5064831460732
11332.47 5.01152581702885 11.811518156413 17.6786664696319
11703.77 1.49260835568564 5.63683715155413 12.7817551752032
11922.66 0.50116289639673 3.18942583424682 0.665304403737537
11934.02 0.497367165873788 3.24116921760767 1.57468472808068
