4024.59 12.9121347905991 5.28253092987666 5.64846926974496
4149.33 14.7137936624555 4.25278095514249 6.72356795735777
4194.94 100 24.0987695977702 7.53809565745541
4277.8 16.0726946088785 3.09137634268786 5.33502618967395
4338.6 18.421780357939 3.72250971529697 6.36080439430498
4348.21 14.7125410641172 3.0112716553098 9.85707103924324
4400.91 14.6770965877906 3.86157306693697 5.41015544544643
4458.52 12.276107958898 4.62577891120063 7.53562958134717
4633.45 29.3335773177566 5.7401345586444 11.3494051703037
4673.17 26.517662712063 5.32490660619263 12.6606679495162
4894.61 9.94910019939238 4.23359762311006 5.26153766785046
4945.83 20.6352620700516 8.51757095314768 7.52473838786318
5020.36 19.591766230197 8.26562964932096 6.57199880403277
5128.27 11.143110929079 4.54096761367808 7.00520894130022
5249.62 56.9468084385181 16.5203860241443 9.06040885134826
5377.46 12.4868773387399 4.70361643103127 8.96419167762815
5465.5 12.6978710000625 6.56511854941483 6.77026336721974
5580.63 12.3541181125495 6.75081502377329 7.80067971392782
5678.98 5.3140417124431 3.08417186823667 1.37896342048953
5767.85 5.38046245018244 3.50588416800601 4.0848861803679
5811.11 5.59197514624559 3.82962939048002 3.80025604100592
5998.98 60.8359499617696 19.634495773953 9.04870193227816
6097.2 19.5670383079374 4.34173722061262 8.33869915733612
6111.78 57.8163836774116 12.7341653043463 9.30003288143598
6332.36 63.2836230706646 16.6210922151457 10.0190848447619
6564.6 11.1497925838278 6.12046653969343 8.29777432615901
6785.67 66.8229586848479 16.6987731703142 11.9299778127115
7110.33 25.3061271113638 7.09743959650655 9.48279388750871
7173.82 51.0495110160206 12.6186218744781 9.98275080750773
7189.86 55.3468524492941 13.875666243523 11.4131388466958
7734.83 33.361247575122 20.4139765844156 10.8561421320137
7831.88 7.21902701917411 3.80069988751711 10.8850565244347
7919.88 10.1341794427407 5.39534659882262 7.58173996843652
8017.49 8.72848396855415 5.13944400758256 9.63210596632689
8285.33 11.895632945817 9.72061965112511 10.9688822466105
8300.13 5.21967590072819 4.23127333962489 10.4837326845991
8322.43 3.81514104442135 3.07390608753332 3.32500119033648
8451.25 3.51718648341141 3.49234436782618 6.63871536201623
8569.67 2.31963101779047 3.08074691084088 1.48979394488197
8783.48 13.0459140615912 10.1871605366558 11.2959671521603
8814.22 13.1886757679752 9.15449867255619 15.0342669486981
8898.32 18.3780569247952 10.2308632447588 10.847964933293
9025.23 21.5590114304845 10.6291784756001 11.7599097366783
9130.55 15.2132904045008 8.30237017219495 11.5246266931917
9456.88 30.9626270592299 14.1597332754258 12.0742478403263
9484.43 17.0894462006804 7.52116499899988 13.2173568974267
9548.31 15.4252283763371 6.32758367688385 14.3030970117215
9855 3.46287985561032 3.46090378433915 2.54390008406153
9892.25 5.48288074961355 5.21667578302903 11.7953538989314
10093.25 21.963856185457 15.7442118803719 12.6640912844614
10235.28 13.786754103265 10.0587099737089 14.0203479198171
10444.93 7.10173041947925 6.87172435240583 11.2384363610417
10581.55 3.59021351955395 4.40296019613315 10.8145034699173
10599.93 2.67014118988173 3.36855562037789 1.84315129869174
10919.44 2.6398413708166 5.56323378876668 6.11693825363363
11106.2 6.922047220527 12.7117537598042 14.7882574026207
11326.92 6.6555945975615 10.7781060576188 11.7893901334573
11559.24 1.91558511289671 3.49676195443636 4.04131786566722
11693.09 2.16353443802782 4.91017350437773 6.05706515215206
11704.55 1.71123605445972 3.96926115937161 1.86912533329451
11883.7 0.922996451474446 3.19040468215683 0.865075862775484
11891.33 0.968759936470498 3.39542869399391 0.919035146962415
11930.69 0.828933721846869 3.120383229701 0.652494018082507
11945.2 0.796866027341419 3.08445534348159 0.792888427165963
11992.88 0.703230131292817 3.00130230874672 1.44512233992646
