4067.16 22.9616151625675 5.45805024005921 8.08283864153418
4145.22 12.5672319205875 3.21812711119364 6.54392559154076
4208.29 63.9715916935941 21.041128027214 8.63201126314289
4365 12.0255400319201 6.45790870003834 6.38040429369812
4487.14 9.42546601106914 4.92152137744257 5.9892023276725
4558.76 9.22146364679966 3.18702103681072 5.25124716972732
4574.66 13.0055214289263 4.24235100884173 9.89402826744117
4628.87 14.2629289727633 3.80988774726549 7.00211735681478
4672.79 24.0080038823217 6.81653977904126 8.21427803626284
4715.49 18.9109145889453 5.70206133594249 7.86046951904791
4976.79 9.06862635525906 4.05937373934293 7.85435751632122
5053.78 57.1747360273992 21.3616035873252 11.172212126502
5250.97 7.55197253730769 3.67409849062936 10.9015789054829
5279.28 8.80274124197957 4.41567427368231 7.83496748245398
5403.09 8.31778495422839 4.49749908858152 7.231396407803
5595.46 5.31690578082772 3.6578462169504 4.25412831150152
6138.98 54.3771735070097 12.0446686365363 20.8554910422336
6487.01 5.4473210589457 3.68980517601131 8.23937051046505
6719.71 15.2437511130714 12.8591186450903 12.0359970091822
7063.3 4.75322169270679 3.10593539899291 13.8236139259106
7245.39 19.1594969333882 8.68110460837948 13.2517604976892
7286.54 8.78817092356006 3.90553290712728 15.8731008560126
7330.95 9.7119914938285 4.97215599786447 11.3539010799686
7580.16 100 36.6662869347915 18.3222749873939
8310.11 2.57351863999467 3.2404295435716 7.13841495373163
8482.97 2.24499847752304 3.35981825519331 1.3741211909346
8608.85 1.92704915549615 3.09157330534236 2.34977207469819
8815.75 2.08496560965488 3.5528102168616 10.1598813137716
8913.25 2.14984682765426 3.70949536314617 6.092592681116
9054.28 2.12024728407354 3.56337292216043 4.46748348775873
9217.05 2.13202558746216 3.01196363936632 14.6755923673954
9295.34 2.38152277267871 3.11664319869255 10.7816408630097
9382.72 3.4937113072118 4.83698924795719 22.7261102621342
10082.71 2.25287481299287 4.70181877804117 11.4312423541523
10312.04 3.71123828145625 7.86829615449464 18.4757648303184
10380.97 1.54333725445782 3.17962431623266 2.47198527661931
11110.95 1.09242065894512 3.335907727437 2.60927089167853
11123.48 1.01973334282599 3.08771756033745 4.28813729796639
11584.76 0.794085513521232 3.12714689404667 3.12408777699784
11729.04 0.595260810259744 3.00029568397714 1.06971214481564
11762.12 0.865880512044571 4.87482045716243 1.64777249258077
11796.61 0.504972577837364 3.07199407209021 1.15556988488424
11806.55 0.504000603392694 3.16574374154449 1.98160687248856
11948.92 0.39635834278122 3.58654664146157 2.05456936241171
