4011.63 9.08039948822979 3.33421302626481 6.91851621188061
4066.69 15.8595674857431 5.62965535320619 7.19718471595661
4144.86 11.3935359189941 4.13053955266571 4.90621369921701
4209.02 43.7630965658847 18.8852427213211 7.53681630302344
4364.39 12.5116432956965 6.51282011089381 7.18350631479916
4487.27 6.00642789346924 4.15665908212614 7.08225764745748
4630.14 12.9670309556098 5.38259524247825 6.7261695247289
4672.41 19.5211768442623 8.12446512746135 7.32217760399726
4716.64 14.2271676899573 5.99743498158304 7.98640546181923
4977.58 7.33378665985322 3.91918193311391 7.29076615514532
5053.52 52.3544059589231 24.0684038097597 9.15466673932042
5248.54 7.50248122093424 4.00260431027378 5.69529683896872
5279.15 8.17036015514554 4.5071858957126 7.79518268004631
5402.68 6.95034044228161 4.21459355255966 8.03127794886586
5426.59 5.0935258023463 3.09278205311835 7.17146263240829
6139.41 45.1541585831638 14.72541164262 10.5229522311065
6154.77 20.6843626943476 6.13641378705583 11.8937140214948
6215.79 13.1332218131396 3.74480595336796 9.14077632005319
6271.39 19.7203691220618 6.36248174123998 9.23515459198825
6488.49 4.36788582896745 3.46002533969743 6.92059240587969
6721.67 12.4533609701463 13.8078986154045 9.38100697364189
6750.53 2.9432968263814 3.10213178547792 8.94311802673383
6828.8 2.61418738456188 3.1062557565084 1.2984849491304
7067.01 4.66180696172418 3.84860413308604 6.61083896608034
7147.4 5.0813244768089 3.0774155352153 8.40220935348407
7245.55 17.318392160334 10.3832294052212 8.74534950315319
7262.75 7.85535628640159 4.699341560188 11.4587453877912
7286.86 5.94034497764896 3.59235185964083 8.64869424228255
7329.06 6.82943342095545 4.92717004663329 8.74508795350266
7581.59 100 44.7581464773102 10.316348472481
8016.35 3.60286939387751 3.8992247846443 6.85440634796214
8310.11 2.24195806740754 3.10271287904483 1.40174874061995
8805.5 1.85662841781569 3.27988060946746 13.1397347827715
8915.49 2.06590413399386 3.60857863262686 7.70444549239437
9057.39 2.73034412976385 4.66515716854355 9.34200972212966
9381.14 3.25856134072205 4.73360109724331 19.1450573343063
9410.87 2.35222651772132 3.31200371191086 1.88217051062202
9767.08 1.36457514435582 3.23148194175109 1.39219045239588
10082.71 2.10619995795826 5.19968223743455 6.16979290648851
10313.15 2.58934645852856 6.32322801964603 15.6589213949155
10333.53 1.51063845384435 3.53839155948748 1.78449581090536
10338.85 1.43744967654857 3.35459598573079 1.59966367089328
10698.62 1.16179757848856 3.20860873539627 2.00184863757022
10847.8 1.10735012247841 3.16122647407384 3.02351518112118
11122.72 0.995140781852855 3.10215920150159 3.74150107103924
11719.51 0.632527338093521 3.30823523801389 1.00541225330926
11752.97 0.567071703675252 3.18825978478547 0.933009124559248
11768.74 0.811420596364822 4.82802658297016 2.40008242846307
11797.19 0.634853549151161 4.01783501771364 2.86137881267859
11815.13 0.54540056076147 3.6009708812631 1.21200418875196
11836.41 0.467689535965496 3.21756507858157 0.956518897070055
11868.06 0.541380737180517 4.00646905683191 1.84103630526988
11956.96 0.345810394899263 3.13859169878418 0.606890337392542
