4070.03 14.6181574296161 4.58719587749868 8.213891948541
4146.31 9.19705476106441 3.09196540510491 7.18428602070617
4208.66 82.5868219131861 32.3543097627849 7.85361504600405
4291.77 10.4117288117849 4.31718343686524 7.76723066588602
4346.36 10.0796624673899 3.72472543906475 11.3469410730986
4364.14 19.2849591311083 7.04268234058008 7.54876914101169
4417.17 17.1901540246136 6.8129174020298 6.16349705405992
4581.61 18.8269946698648 5.96509266718625 13.1395313524499
4631.67 12.1937808061261 3.50641265517101 9.51553535715266
4674.57 14.5292879771923 4.88922716212857 8.21821619242564
4716 9.84670549532543 3.79874882883286 9.55086893495718
4977.97 7.78066811694747 3.72190572131057 6.48984002097041
5054.31 53.0628006841359 23.7867508032033 11.4853968551497
5248.41 13.2746057928934 6.80418833377815 10.1100455491678
5280.5 15.469793752362 8.02431082712361 11.2697638394748
5404.73 5.84783678012622 3.07663068942342 9.75674300356513
5594.21 5.0637835125132 3.17537796993676 6.88102659180549
5801.66 3.50235618617583 3.14023836032485 1.53113353455228
6138.83 62.2247025915852 13.4487775037049 12.2985705142028
6214.92 18.1707583270931 3.6045146574177 10.6707342052232
6268.61 21.094988008331 4.88666629103621 10.2281535443508
6489.24 4.88719045560492 3.46761231620672 6.6140097466714
6531.93 6.39376576263794 4.72281781373048 8.01553142710782
6720.61 10.9906145009245 10.0495908888849 12.8019860530358
6749.63 4.02744781091285 3.75749203703071 10.2135896354466
7066.86 6.30838348934233 3.21350073065965 21.1942413515808
7144.45 9.54740888999676 3.9712580840286 11.2362380715913
7245.08 18.2285650044158 7.88126411013124 11.9588587939916
7330.79 9.38339934374936 5.13485357302289 10.8331858541442
7580.48 100 32.0816315889769 19.6913594681218
7718.74 10.1876535137373 3.10349760931055 11.7795631494319
7812.46 9.19898237742835 4.125167674035 12.0762473756549
8015.86 3.88570409328284 3.54997701428141 13.3779415294503
8128.83 3.71323072703449 3.64031337993398 10.3115135001281
8185.58 4.25958422318215 4.49559098758258 8.69654465944677
8417.75 2.89116261197693 4.5360730945474 6.60216689865229
8486.83 1.89070987977027 3.17112877563459 1.80863013686576
8491.2 1.8365502057848 3.07534240288138 4.07584469005815
8766.08 2.61661804203485 3.11706367870571 8.37215469391595
8808.23 5.78983941375939 6.18261201423757 14.303288018582
8910.51 5.6253362501423 5.07053519212851 17.6554324152221
9053.93 11.0320022548069 10.2469878200642 13.5061202148881
9379.38 13.5677625877373 12.9800616126747 27.5353356407886
10080.35 3.51518678275563 6.87167220910177 14.7334886142598
10094.16 1.80264939767931 3.37641738499887 5.6339986156072
10204.76 2.21812862906576 4.07681068668974 10.950206896865
10310.39 3.99925610036991 7.88494851064017 17.7107183394473
11114.17 1.35265596191258 4.16189695045297 6.73716574583341
11123.67 1.09114154121973 3.30832954002517 2.40380859013931
11146.08 1.1621879283067 3.56989291448469 2.03306572528527
11435.32 0.986557326300428 3.47986267666131 1.3784900953724
11752.97 0.654954818810402 3.54579401294695 2.66541258377219
11851.64 0.637333954959885 4.34864261798052 1.46056374699401
11857.9 0.53519172036438 3.68275383071465 1.26835678174939
11928.15 0.400949672608306 3.147544480317 1.02863781379165
11941.08 0.435985738080568 3.52083049616126 3.52745026998491
11947.94 0.688217888090359 5.6633969288764 2.43495126432208
11956.38 0.38502950903901 3.20908256542846 2.45270987209187
