4012.11 10.8528611241885 3.12097565651027 4.90602659188107
4066.33 24.8028390920719 6.8705461637754 9.02558539085976
4143.78 11.3131030235456 3.08928678548101 7.94981828175787
4207.44 94.151534608585 31.0286399752585 8.05797972380242
4363.77 17.8871229581825 7.19427422734676 8.23364074166693
4416.55 7.85219091870359 3.79352099935287 3.97103166007219
4485.64 8.57763680417041 4.83017798954673 6.91563595067328
4585.78 11.1406983658629 3.79254924356566 11.6695306950314
4630.14 16.0902741621631 4.50260767266996 8.42023411974151
4672.79 27.2467476863795 7.69181809920972 7.7201822601719
4715.61 18.034061327635 5.17110158421201 10.3332454337433
4760.3 10.2608160019091 3.30574310438904 5.4098070602704
4976.79 10.2136571921147 3.75479370458546 8.07758781639495
5052.86 70.5585900254983 22.7089944417807 10.3962584961164
5100.86 8.93826298573898 3.0112607610405 11.0980181647765
5247.33 17.7378216028276 6.97797934045057 8.70936122709645
5279.55 18.2465665693526 7.04446555433206 10.4125760202433
5402.41 8.21921120825611 3.47471637835518 8.88062210645967
5592.69 5.64949942234741 3.29518461137031 10.0118703725202
5698.97 4.95964871991073 3.2396333639211 5.1452346207052
5809 4.17035044552148 3.27914974324148 2.29419436980606
5900.79 3.23698977833466 3.16554281800904 2.01014493561433
6138.54 74.3952003814224 13.9758654970492 19.0608376000591
6215.79 23.3848813144566 4.04031631236276 10.3481400131122
6485.97 5.94141425001703 3.5574203107026 8.56673078480981
6531.64 5.09463321445777 3.2169540109307 6.99857373900159
6721.37 16.0207229351814 12.7890298487726 11.5360049830515
7066.55 7.71597610241659 3.30093365577349 15.6570926394816
7143.99 10.7928125100663 4.02807217132413 9.71018629109858
7245.08 17.7336687915479 7.29078673182409 9.9078154724948
7262.28 10.8367812817029 4.56452251603073 12.5020918492128
7286.23 6.88494550207969 3.00723002272485 13.0689994077129
7330.47 8.73675016156926 4.60889325704617 10.0332811154231
7579.84 100 43.9831887720417 11.8539789002898
8015.04 3.72948574142757 3.24359972944002 9.27100305537351
8126.85 4.30429804201091 4.30023829736347 10.3394012359486
8185.91 3.53778194749215 3.64337968093501 4.5652901632584
8285.83 2.8349495584012 3.17499839605269 10.7935330608798
8418.08 2.26514109685504 3.04479490696414 5.52273241700641
8487.84 2.20503246811615 3.32180961037 7.07613351168402
8811.31 6.26136982998979 7.05517694629201 14.7887153521915
8909.99 3.34228018101392 3.44822687185965 12.2979878225251
9055.49 6.71649945466523 7.21353560952751 12.9573705746789
9380.08 8.34129511046405 7.36425168256494 32.0942445919463
10079.63 3.02395955091343 5.15677928455342 12.8003521717383
10148.21 1.92223760034906 3.00219632324667 6.89217372194071
10204.03 2.10789270206319 3.30448495393132 10.9621590798979
10311.49 4.60548582988714 7.79986219098188 15.0195871246906
11109.43 1.263026392982 3.2462488417254 2.33095153286013
11127.46 1.50455181797235 3.95773336837563 11.4679026779086
11146.65 1.22252159090643 3.16752835542073 2.47978899159352
11684.74 0.760659921667681 3.39277454611532 2.17176268050025
11753.16 0.722914896193451 3.8924164940155 1.78141455327022
11759.39 0.576085540682357 3.10656301066007 1.01567102437184
11816.3 0.469263899289555 3.03353171851267 1.49429231541399
11853.6 0.641670508725646 4.62008275751619 2.27490760853834
11860.05 0.532591560137734 3.86499036751415 1.64896233432046
11881.75 0.436274009039903 3.31356478731652 0.565146544993695
11889.38 0.399730244806004 3.08445215610078 0.784122037595807
11901.9 0.435248853717608 3.48801976788766 1.27103377742787
11954.41 0.382600445882691 3.55611472300608 1.10806018213407
