4064.77 24.7906321432196 9.48338810240249 7.50883937179242
4208.29 99.3045983617204 39.1781786670892 7.70095892543759
4293.73 11.5437464441953 3.743745371568 6.6916389405369
4364.26 24.9492598654661 7.06584497595069 7.330896724784
4417.3 23.4942133989346 8.1069741549672 6.38490670118517
4584.77 19.5381897004472 5.86912682811448 14.2969630509651
4629.13 23.8921788872931 5.22069893258422 8.91296522447556
4672.41 35.3363783381525 7.88334515059098 8.07596224746158
4715.36 21.5058270850426 5.06835155537108 8.72811165188887
4975.74 16.6144923585767 7.19664789700229 7.48629060807252
5052.86 55.8311496638419 20.3357983237434 10.2540725182425
5247.46 28.1350286968762 11.6907941442086 9.02270928970665
5277.39 23.63185751599 9.69566266345322 9.81398809175971
5421.67 6.14346863951605 3.00255842599404 9.39050620041689
5466.32 6.00302873400409 3.14295877571688 11.6697159350779
5597.26 5.20941274771835 3.39595050067808 8.69712068808622
5701.91 4.60349224793524 3.67182573292595 5.09891317853817
5762.79 3.93232585888193 3.5968153059439 4.98549912416729
5798.7 4.10826292257485 4.15422172692698 6.27536743267592
6138.4 57.8901158266627 10.1197925285557 12.3562916447481
6173.19 23.0470261612779 3.32269179216495 21.6273679720143
6212.88 26.9822548135048 4.25237619099814 10.5893237786631
6268.61 33.0901619743161 6.03751723714068 10.9671709023723
6347.2 11.8801098940314 3.63385966361774 8.43014893809504
6533.13 4.41726996021335 3.44317531632041 9.2364027401909
6720.16 10.0747379579959 8.2204652183329 12.6404177022296
6750.69 10.6084659512167 9.0647880177601 10.493669906502
7065.46 12.6038052040421 3.00662865969972 19.7618494668059
7143.36 35.6124517049357 7.1704535534733 11.6107539897503
7171.18 24.2842615636586 4.4810801256682 10.7795410637236
7244.3 17.35849676222 3.64551506449019 10.8072824221535
7262.75 20.5808910612182 4.59408997205165 10.726480539196
7580.32 100 35.798319192062 12.5173384005247
7718.41 9.73162653018894 3.37022569220769 11.8001491307632
7812.14 7.24765251074525 3.37803721544042 11.5204506157997
7966.66 4.86413739519388 3.34348317307424 12.224909877782
8016.84 6.06338949312307 4.30046070524634 10.778042456539
8128.33 5.55736012892454 4.07144368723162 12.5317598311367
8184.92 4.00652445706898 3.03122461426121 10.861855060909
8278.86 6.02211643679284 5.41773191876643 9.85351721639381
8418.08 4.73836549344507 6.23428356469648 9.08624100970337
8486.66 4.98542067873056 8.10000939180795 10.5588920101545
8764.2 5.45052237607613 3.54633896313808 12.7590219835947
8809.09 11.349544300243 5.98799454689408 15.4496844237165
9054.1 26.7498179309478 11.4507564271935 14.546542264763
9379.91 20.4375831107503 8.68494587334285 33.0216637343692
10024.84 2.939677553698 3.64456875301037 18.2769819484074
10079.81 2.74009324347385 3.13242672841411 6.9740280199112
10146.93 7.14503972591514 7.90129872696947 17.3866405978733
10204.21 4.43818488491624 4.886348849194 23.5620755643777
10310.39 4.41439788412368 5.33128323026362 16.5862449209289
10569.48 2.36441998433026 3.73236067760676 9.59851004153461
10662.82 1.96903819841198 3.31089044423534 10.7762069288729
11099.37 1.81617730812607 3.34913302924312 6.66046003525116
11127.28 2.9119007410934 5.35168046123096 21.3118158778852
11638.96 0.99245161263319 3.07591363412524 2.14718732355868
11681.24 1.84621850662137 6.43722199957903 14.5307511937463
11813.18 0.659139805021349 3.27559129592336 1.96978600500006
11849.49 0.739489608832726 4.02826470016103 1.7058544270385
11856.53 0.627239036288551 3.46197231649852 3.86391027974059
11867.86 0.577317136751744 3.26728026432486 1.25179610134728
11884.1 0.590216368580296 3.47644044170779 1.09779239749878
11952.45 0.860550253688921 6.11360178037761 5.58844590336412
11960.5 0.509489117562616 3.68874805582571 1.5594486496866
