4014.24 7.96459630559092 3.44529901333762 7.29502557409296
4068.6 10.7688628736578 4.45166628569667 8.72392538964505
4211.09 49.1525472144647 23.3673805259479 8.74446092833932
4366.24 14.448372678725 7.38585057434281 7.16411856348532
4488.4 4.93954949884518 3.32772771042637 6.49196358759764
4587.55 7.42549855929915 3.89144641076335 14.5024566685679
4632.43 7.54165846488827 3.51385619649886 5.42972875043142
4673.68 11.0349626329464 5.58575742735163 6.56310329439384
4719.2 8.38159620006439 4.54839193162033 7.48512157630103
4978.89 7.4057619626516 3.75316441556761 7.50118421870775
5056.03 48.8240255030657 20.7953026416996 11.1700060356288
5251.77 9.69085059662633 5.21676533066397 9.69861416938056
5282.53 11.5949687788139 6.63799948588415 10.3173252938423
5408.42 7.26110891112735 5.23196928886874 10.4387370501609
5601.84 4.21616624243508 3.5958011295411 5.2160831857791
5803.35 2.78963492381943 3.10523941150276 2.05599642077686
5825.38 2.94352028748932 3.46524080865171 2.0296674808842
6143.03 52.4671579951371 11.589432543072 21.4565115492269
6273.59 18.5260972271397 4.20987058534719 13.7174965776421
6494.58 4.98171607876523 3.27254406443713 11.6320746403153
6537.75 4.4256135167059 3.02664899138874 11.2710371681578
6725.44 10.8018684053163 9.83774527923522 13.5143188967286
7072.42 4.84212655965827 3.36400501486861 14.5321689207894
7250.86 17.795289071137 9.73186641557333 14.3268815398706
7289.21 5.75336854688083 3.15243082469123 15.2329003463174
7335.97 6.19309719871623 3.91693353897761 12.3551083018301
7586.38 100 32.5980737887345 20.4669488189484
8128 3.21138680217423 3.06698898725794 18.7473399305372
8421.76 2.10018022655196 3.3877133931981 7.9457104820176
8808.23 2.69328087170721 4.7963024025896 13.8588526364492
8915.49 2.50621301563624 4.18302266079406 11.0788057054087
9058.43 3.99691802196289 6.90039061972805 12.3188691350733
9384.65 6.48506183078764 10.3547398159001 25.5728171837945
10086.53 2.49508028392565 5.47369111815541 20.7148452093134
10319.39 2.85262914788708 6.40616918217115 15.726684101719
10337.2 1.70459339238001 3.67945038248218 6.48746232533449
10575.79 1.07226297701958 3.02022222831523 2.06826158972581
11118.35 0.992025031259927 3.83235055102401 4.58546774522802
11127.09 0.832747174704808 3.1067650311795 7.28704365205886
11371.18 0.761239868097511 3.12929538167823 1.69548339816174
11799.33 0.416929228299097 3.10314178843775 1.50199074808552
11860.83 0.408531648293304 3.58480195978372 5.15221001274222
11867.08 0.385401213759346 3.42120792613161 1.31896666772082
11964.03 0.308528892665122 3.54206683253137 0.662085981348355
