4149.81 42.5765704856629 6.85745869345883 10.3737543223369
4212.06 38.0466991299398 6.7252691183686 9.27090231027978
4368.47 18.0193814752416 4.03208728856521 9.82262914447074
4491.78 14.2284758957923 5.99769176287717 12.6229583833765
4581.23 8.21807662586649 3.12053086268033 5.84328482627916
4673.68 25.0266940527761 7.61179615771306 12.1007427603081
4721.38 11.5697208132912 3.4530758946184 8.56889987985414
4897.47 16.9805184617542 5.39391829892374 10.3793098956376
4980.73 25.4049954926165 9.25588840375651 10.9408068064404
5060.67 10.8204592652342 4.96650986652072 10.2907151756199
5077.1 9.19611124091838 4.39031728982548 10.2111726146168
5171.24 8.82448672440392 4.3834354961326 12.0639108101832
5252.31 31.6913626145212 13.3609651290948 10.6734870839109
5380.73 49.6947129411277 18.2616813047901 11.7873161198067
5616.7 10.1515087704981 6.11538819774238 10.9330507167879
5815.49 7.89727019196346 5.10406302898849 11.8086049815192
5930.97 13.7109672555447 8.24521335096698 13.6151759613213
6144.19 24.4471606652612 4.44758128591191 12.8025185482011
6220.45 28.7483604543604 3.94968340688379 13.2289427410133
6317.68 22.6959246841211 3.41536607350138 13.5303876339713
6447.85 15.227290402189 4.57471934477125 12.9993124761331
6509.16 8.02515321898335 3.06094650754954 12.7128084295236
6572.37 11.6956467258433 5.11739704142691 14.1047919365783
6746.3 19.1638302483192 4.68886361931234 17.7880403868312
6788.86 100 25.1222973361284 14.7275974387258
6925.68 11.6239895906876 3.39954008978915 14.3433433746295
7337.07 7.08832035215966 3.32708446855692 13.4597035053403
7586.86 39.5670366355477 14.5129134306331 16.1028447480421
7626.01 27.5433654483098 9.59522602574927 17.5947803956433
7725.82 7.08050090806067 3.20557388937655 16.5977885624034
8006.53 7.34419570092813 3.59163099332586 22.901418698385
8067.98 7.10460400607111 3.61224491812296 19.1533960541356
8501.62 2.4307528409679 3.47092252200394 18.4282102065936
8814.9 12.1394249740612 11.7101405805785 19.4500595078898
9061.89 7.35365629275007 4.3984843779033 20.4952541597886
9106.6 5.91192664110043 3.58208777910721 19.6516882990709
9378.15 8.40501956131449 4.40992458230568 19.6408584685068
9555.4 26.3290804827337 15.4893145635815 23.3402426581761
10030.64 6.66199882412874 9.1699342355438 22.286107943879
10411.36 3.95089601616309 5.85504587394036 22.6095123143186
10863.38 1.24156486382317 3.07347599571273 3.18725975552843
10879.74 1.26535796293421 3.17305101407606 8.74413655788703
10887.26 1.34897401768489 3.4460904310574 5.32858157651572
11390.17 1.18247450096261 3.00095283482682 16.6487802753818
11456.47 1.80985614774043 4.8597172359095 22.9262190306235
11946.77 0.557059185658768 6.2496618016246 1.00013295174358
11956.77 0.547810136172292 6.40821900874607 2.71136174178719
