4149.45 55.5246030565889 8.28681480730309 9.20295871099552
4210.48 100 15.7659973785243 8.55833920935765
4420.65 27.3093714696975 4.19296943605257 7.51797852769596
4492.03 16.2915557292082 3.96937329852487 9.050027378099
4581.11 27.7498074493577 7.08968084000498 8.00869363449874
4672.53 32.0796016989856 7.26275308944998 13.3852699443905
4893.69 18.9498719504723 4.75607938907217 8.97121935953419
4978.76 45.5073471081258 10.0771445219387 9.47563677157541
5058.68 18.7485962738706 4.42886481049357 9.42168694611246
5075.64 13.5688937529211 3.26231061584696 11.2104357933922
5171.78 18.7878533988518 4.338583766247 9.17570704764421
5250.56 78.7115596428954 15.6799534149899 10.6066051226771
5381 42.4704933611771 10.2897566543868 11.2841409794764
5601.15 8.12534280811072 3.07984497213246 8.40127559594475
5611.7 9.21634823211642 3.61321723098586 9.37247700835087
5763.07 7.49302642818743 3.0493103687135 9.0225549961342
5815.35 12.0844870373742 4.93583911225517 9.56241434850745
5928.97 14.431284728081 6.37165624980555 9.87681974505176
6142.16 54.4481955808216 5.87555106975704 10.9351279483653
6218.41 70.1846187464025 5.623845633422 12.0223121056642
6351.32 30.6440385240532 3.13345675542389 11.500768995078
6508.71 12.5892904513877 3.43095606341261 10.1922545188336
6569.68 12.0778304527249 4.17265102348993 12.0620931454514
6742.07 34.4083519239051 7.38160222886446 18.7558555306668
6787.49 91.9002078958007 19.3296061192357 13.8077941813326
7147.56 57.9342028916052 6.38323837232397 14.1640790246984
7176 40.3288100205718 4.39038776518702 17.5584919056164
7472.34 15.2697746923882 3.55185278262581 20.2401020786374
7584.63 57.6960915789047 11.9337354053479 15.4619269238628
7623.13 41.1462793264136 8.20900074038167 16.3762293527489
7722.6 14.8477774056801 3.94861968019914 14.0925094877211
8003.91 15.661600747963 4.39736242286686 23.0804721413897
8284.01 7.16801985255932 3.36775584799814 14.5599658579013
8493.05 9.88378333935541 7.60312966504798 15.077621623399
8812.16 24.308186669306 8.3616459988141 19.5527438751378
9003.3 19.6656014304701 3.28369135532566 23.796263057724
9058.95 44.248152059975 7.74866706602388 18.1389591676671
9375.69 38.9272940686354 6.68564547999724 19.4092861481786
9550.08 37.9575481679609 7.73541410001504 20.9811094220495
10025.93 9.81819677264841 6.6621983604682 19.4926711870703
10225.22 7.5044235604821 4.48379031324321 18.8608457058144
10408.04 6.33910196061465 4.55262635066078 18.2927318394068
11143.42 3.03588174762804 3.67953530471228 25.9937292461454
11261.72 2.74778305289744 3.12766745862905 12.7740346755763
11455.13 2.41291400505862 3.06512632949553 4.65102916272735
11687.46 3.17144709803496 6.5257498890333 14.5206828084029
11953.83 0.682171863121662 3.02767471003198 2.00370875000044
11962.65 1.11660735065066 5.15787138173508 2.21206895920113
11972.46 0.831163015732841 3.94824507436581 1.14533114025835
