4149.45 61.8633863433795 8.45138056702126 9.36893342815347
4211.21 71.1591375080804 9.99944085171578 9.26320321701314
4492.4 16.5611577787447 4.09407839886973 10.7093994272363
4673.04 36.3952451874482 7.21481927767385 12.3602351433619
4893.95 21.8455211239391 4.29123892578542 9.69483107325868
4979.94 31.7992578957956 6.21181664940685 8.936165262754
5059.61 16.103904980504 3.58259742269028 10.9669147724198
5076.96 17.8843946533299 4.10595011531053 10.1414093635585
5172.72 14.3397177435316 3.40883758403713 8.95844542645409
5252.45 44.0849389433325 9.35866296942073 11.0039834434574
5380.19 54.5904675680747 13.2806933979758 10.826707127082
5614.76 14.3599605464626 5.09229846769589 8.84577580398491
5815.35 13.4154584866945 4.33761781431777 8.71361755936778
5930.54 17.6071186970567 6.23497720364044 10.5946714143611
6218.41 39.0546358332334 3.51927806353347 14.0699257033375
6508.86 12.8436174657531 3.4904751730599 11.6663578387752
6571.03 14.8479675430829 4.79104292367043 8.43462445051227
6743.28 32.8158103005519 6.71046752738665 17.6343357404694
6788.1 100 20.4935368040691 12.8307522828791
7148.8 27.9527969983516 3.75476472961422 16.0574462798713
7176.47 26.9394393074654 3.5708489242082 16.7866538061735
7476.15 14.8808624550195 3.80340422256843 17.8935186155595
7585.74 50.6069238525199 11.3064774046306 15.1852679282383
7626.17 30.1442927897354 6.41224163552684 16.2814274717384
8005.71 16.1134517214889 4.74803776352936 17.4014311606543
8066.34 12.2846678192525 3.60083715895567 12.5359301458629
8497.25 7.64900264267587 5.18214302609846 10.182168382813
8815.58 18.9286886917829 6.99550744733941 19.6813662700788
9064.31 21.7954354173395 4.51944382557686 20.4662227648569
9378.85 15.5411900001382 3.66518272287782 18.3818852836303
9553.1 40.5512108811698 12.2077885520191 20.3814647771796
10029.91 12.7258538843301 8.4061928560171 14.9762373632129
10408.96 6.68226630165346 4.76987649609173 18.3672344795868
10871.46 2.7905886924143 3.42745082646075 5.93253369554805
11461.86 2.91155590811559 3.35672990263195 5.31451265844589
11683.77 2.37549510391729 3.90648289988783 2.40134103027594
11689.98 2.3046330028376 3.84298847823668 8.09956744444571
11705.52 1.82032628302462 3.10769855421721 7.67581882510967
11942.85 0.923180894465767 3.00206083317207 1.76618556587346
