4149.45 55.5679074504989 6.11816758596093 9.58014579712199
4212.42 79.7776323722723 9.68593658742364 8.76254962574421
4367.97 26.0459880966438 3.5437075024822 8.64894423860369
4493.03 20.1117351950547 4.82555470875071 10.7281628471101
4581.99 16.2270615448098 4.49733817499573 6.49427415261925
4672.15 34.0121611214358 9.2780773243238 9.42680652502895
4895.91 22.7955178998163 5.84653086239943 7.55443651071982
4981.65 34.7581004836773 9.10212530277233 9.70624257674172
5061.59 18.6795372817845 5.44151555457971 9.60205399008191
5078.16 13.1659039091228 3.86073483444796 10.1412046557352
5171.24 13.4587229892037 3.61628031212089 9.53230467659068
5253.39 43.6975105317837 10.2838765362985 11.7405964270638
5381.14 61.6002794716729 16.4872335966908 10.8724669614776
5616.01 12.1583344404142 5.22367026053268 11.3988979018277
5757.3 7.6163528227205 3.51557014050615 2.62335100416658
5814.36 11.6407486084725 5.45997415482967 11.9044450222736
5930.97 15.7456778835169 7.84952991287437 12.0261802674022
6143.9 34.240900044216 4.41745544155691 11.5736517881569
6219.58 44.8436028583871 4.3034495722244 13.1263233472691
6447.26 15.1196569399955 3.50699259824774 11.469908557372
6510.49 10.2126259418355 3.19268062767982 10.4502264829662
6571.77 13.4798064822932 4.92532353538288 11.4434683260888
6745.54 23.7296035191797 4.66940432371919 18.662321506903
6789.16 100 19.765764434527 14.5283716145568
7151.28 25.4807898273422 3.95183064615957 16.6548731072498
7181.29 25.9357366014827 4.05346452489301 19.7116502716781
7587.02 60.0596329096682 12.6807964281542 17.2050823623331
7627.61 34.8859530065628 6.96146417699899 18.4836566183722
7727.75 12.7554430108547 3.38471022653538 15.4207721686262
8008.17 10.1420352375719 3.19382441653437 24.160546510021
8066.83 9.8759330800552 3.03881824958892 19.1527247941694
8494.56 6.51654740032454 5.6383874978684 14.7681065239231
8815.24 16.1151335784379 8.2387895821659 21.9424937223903
9062.24 22.7156676109367 5.86482284993129 24.0558163245005
9380.61 20.4124504221922 5.1349601767009 24.6692795849431
9554.52 28.9487041992831 9.00592314005049 24.8530686830163
10034.81 7.09269912718919 6.05922894749328 23.0257787971113
10413.57 5.71642297506671 5.62975091535627 19.1429079132304
10520.36 2.88000748998978 3.12566444761782 23.4961402568133
11147.6 1.9022185233871 3.23839763888529 3.15350826062604
11460.51 1.73998769977279 3.01774450443209 3.05838962934831
11693.48 1.3849502777931 3.66147321114156 8.51330028456505
11961.48 0.653357875896898 4.11236130986316 1.61261176167682
