4150.65 55.1855846387548 5.74877311062709 10.8482206616263
4212.3 46.0040714206522 5.67181327708002 9.88293466915093
4370.32 28.398311727429 3.40005027405828 10.7405051316482
4493.03 27.2346504811952 4.21662420429245 12.3574951519186
4672.53 32.7381853211674 5.99383002174395 12.4845932339731
4894.87 25.848080668671 4.63647435906958 9.99901496318125
4982.04 38.5969630628528 6.95073215138977 11.2420855989576
5061.73 24.9948448480184 5.10272557960834 10.9121318592424
5173.52 18.9679518074909 3.84064400142571 9.92820363021838
5253.93 61.7968127867279 11.3408843460256 12.9768131760375
5382.77 59.9421041149512 11.7273490221728 12.9984194299723
5616.98 13.1869219918671 4.04468200768918 11.7218291482122
5818.03 9.36042429557846 3.40735421941141 10.4170306422093
5931.96 12.8712930207258 4.54805918933346 13.239509440873
6190.62 39.3416062038801 3.27342373156845 22.0955014430747
6220.45 45.1717097131398 3.59096508481008 13.6985536174134
6748.11 25.6619837177098 3.79892045957041 17.4231478191532
6790.07 100 15.4033466800906 15.7799125401198
7152.84 28.1673091711603 4.58104294338454 15.404260472711
7182.38 21.9948161016843 3.50934674878035 18.3766451716856
7588.78 79.4306485597755 14.4519248894796 19.0659665752737
7627.45 38.5500311261495 6.79057353803279 22.9358195291525
8009.8 12.4857493924096 3.40566306756185 16.5765480743348
8504.14 5.47872914187596 3.67637982421126 14.9338859915079
8570.51 4.82445915700612 3.0359422988601 7.12108846464798
8815.92 15.4586083321425 7.38279387436675 21.5331674762347
9065.87 18.8653314883654 5.91170847570289 21.3308136263713
9381.31 12.2920049600963 3.18286929736655 59.2532011972507
9554.69 30.7148269438948 9.81313211700941 22.9968054385026
10034.45 8.64924301760556 7.10462579440129 21.357598376102
10229.25 4.26645667824791 3.00226287372056 10.4881816885954
10413.57 5.89963283359715 4.90438614069448 21.635038957731
10880.86 2.75474889051945 3.18657820300385 10.6259469819306
11457.05 2.90855051460719 4.53010195057098 7.47778570840273
11690.37 1.63349706630621 3.31059541313036 2.30670709273909
