4151.02 62.9664375905002 10.0659250638977 9.26937116247882
4212.79 75.302176474977 13.7531820035149 8.51212006959122
4285.88 17.3994621473866 3.64598102922226 9.57542021231166
4295.2 18.0716894486215 3.83894727649726 6.83177029216677
4493.4 14.554459402227 4.78039892632011 9.68488383850581
4581.74 13.7081968909722 4.90323155190968 6.5873524274748
4672.15 42.0365782385884 16.4405423752609 7.72238988703157
4895.52 19.3067620510545 6.81159507892102 9.52530976178605
4916.01 13.3302107974157 4.35577741175554 7.83522889470623
4980.6 33.0306943420042 10.8302328370492 9.66207663772002
5061.86 13.0891677348627 4.98331898187386 9.73508659264917
5076.83 12.037658140807 4.72688749620754 8.94662593845442
5112.02 8.31159261059719 3.45550746270257 7.80428617101461
5173.25 8.47839298479909 3.60728265476384 10.4460153707469
5252.85 39.4161061506836 15.277659634161 10.1464149468266
5380.87 50.9978798864413 20.6658341337493 10.2276535890915
5615.73 8.72858092638178 5.02473668321536 9.94594760434757
5755.62 6.02862836128631 4.28707731039499 10.7109399769133
5815.49 11.1969817891383 7.92506469541816 9.5870649167091
5932.68 13.2726812573035 9.55542235683885 10.3434724597255
6144.77 28.3868895349224 4.69136745528661 10.4658095570067
6220.16 41.6051911541486 5.24086801877716 11.4103992239561
6245.24 28.6641015470781 3.40475160878948 12.4694916039271
6448.44 14.8734928621482 5.1660636745521 10.8535584429546
6510.64 11.570142678164 5.52431559309474 9.8704360855545
6572.22 12.4970977962922 7.12004929229047 12.2574703845748
6746.15 28.9561852623452 8.74315902111868 14.9822917887332
6789.16 100 29.7337282103944 11.7871458756645
6924.77 9.75264883316358 3.02004881308741 13.7247852250121
7149.11 16.3965961774202 4.27597275262025 13.9467457855717
7179.74 14.7143777265534 3.79033402607222 16.3532674888656
7475.51 7.8434910244768 3.28813028321566 20.8158187127055
7587.34 45.8813898409714 16.1261277107503 13.680198318456
7626.33 26.842051528361 8.9052380556508 13.5503388109728
7728.23 9.8725233304564 4.38335884900624 14.6764345833526
8008.17 13.0091869935966 5.74245840547316 17.3313733381747
8069.3 9.47478194546573 4.25238768928317 15.1987203414583
8498.59 4.1034276611986 6.4940715488839 16.3037456377024
8816.78 16.9361783075238 13.3672578498741 17.4099563902382
9063.62 13.8442394513206 6.0850877580188 18.557281030513
9105.9 9.59992687516303 4.33455169042017 16.4891449213701
9378.33 13.7531909148819 5.75630933186641 18.1560467850668
9552.92 37.60673380428 18.3271074230111 18.787862836316
10032.63 9.71496611181421 12.2332335865634 18.6928451245931
10411.36 5.49736252949053 7.7747572273718 19.431765264464
10872.4 1.48512202688099 4.08074602813357 5.86343771438987
10880.68 1.49713358725165 4.12973789913926 9.57603869133345
11397.47 1.53379627756781 3.51895566950361 16.3809854065457
11464.36 2.16688469651919 5.09523635657017 19.9749505164145
11691.73 0.907017623275167 3.58908371930171 6.63701330739968
11800.11 0.483077345846623 3.10041142948536 2.5363555606873
11820.99 0.429548571566593 3.12567017021233 0.834777905740339
11956.57 0.899262357604562 10.7925207511279 3.13071180749466
11970.11 0.395503293583284 5.03543778574908 0.908772546566979
11976.39 0.42939928553676 5.64678656414963 1.08400242739299
