4029.82 13.7590905476469 3.18260068146588 4.53960956485935
4069.08 20.1197771611376 4.88313089941211 8.24088995142438
4212.91 39.9409733039479 12.7339538487876 8.48113608464246
4297.9 16.2238332666101 3.05334177306974 6.33299046268439
4370.44 48.8098500703413 5.22552491579289 10.1480984145383
4422.89 55.0574870315311 5.52959183119854 7.86425398469873
4588.69 40.1561141851759 5.82003348573709 8.55768480099232
4634.72 26.6188702298706 3.51324096723615 10.1107423677468
4678.66 25.7852374830484 3.74544714064647 8.76510377682916
4981.26 15.8239151699137 3.19588217464693 7.72567462531424
5010.34 17.7520845736474 3.26709756336597 11.8926942389753
5058.68 77.8634709884231 13.5684467292876 9.88579564950487
5253.25 31.0837005091275 5.98791306342647 9.95474343608385
5284.69 50.3694440361972 9.16026729908085 11.474851273505
5603.51 10.5859369436276 3.20744535606552 14.6221185614013
5767.43 9.09176102800421 3.8195997167224 7.22880291813908
5902.64 4.84039929698495 3.03728871663441 1.2629454449243
5987.38 6.24559186028363 4.09735466531097 3.49636005956381
6145.49 100 13.4939219868932 24.1213633857515
6220.16 48.419072367456 5.48427556895825 12.2964381593429
6276.07 38.7857230049331 4.53810701420092 13.5339134834985
6725.14 13.2394681867036 4.89253183096509 13.6147583793991
6758.86 22.6884823715279 8.51782497494887 11.5761377543877
7063.61 21.7898034124743 3.09949159867125 16.192182566675
7151.44 72.1555052445332 6.5796893876894 14.1248426497768
7602.19 24.1774217447697 9.9113884576995 16.365491011702
7974.17 5.85767496204113 3.03917405995547 8.6796751671709
8023.39 9.25123600256434 4.81239290308945 12.967528639565
8192.52 9.68392985925543 4.86719632028223 12.3425301457573
8287.49 10.2591620529307 5.1736596806985 12.975589373722
8427.79 9.86296759557102 5.07003205512604 15.6133899556698
8497.08 5.93467634640881 3.16165625613073 13.3420644950384
8819.34 15.0145242098587 5.78130091826092 16.6378628969796
8959.86 16.0114608692963 3.21350380216887 19.6580496812949
9065.01 50.3700961362289 9.02346763772396 19.5979985578288
9388.7 47.0083354124696 6.66528689394482 21.585193513778
10220.65 11.0970734886499 6.5962671552986 29.454036479081
10737.09 3.63653173907334 3.00790632672766 10.3635951669767
11139.24 5.01796512037154 4.19238076932201 51.3555562172151
11688.23 3.65194453805391 5.54264220518164 13.7033569717551
