4069.44 14.4151723917162 8.47535335990434 8.14608446974762
4212.3 100 41.735262875619 8.28359720033313
4368.59 36.1570474646224 9.3143022586518 8.17659825254395
4421.77 13.6778678146701 4.66214701952477 7.07792481466822
4588.57 19.1308715171 6.40593645255878 8.03174707863309
4634.84 21.0144287097064 5.56707547627979 7.32381309158609
4678.91 31.5678003297534 8.43644508296805 8.76174989113679
4721.25 24.0813337560286 6.89032434095406 9.46068517306048
4763 10.206176797025 3.36846270375273 8.14217429592463
4982.31 11.7664415521352 5.06518753830369 9.43720343057612
5057.62 85.94641532819 34.9405649513053 9.02138652847316
5252.85 23.1124036694233 10.15394457789 10.1221959666445
5283.74 45.9508532689683 18.5682171478283 10.2946090448195
5601.01 6.24583021494822 4.79018897999117 11.9635036191248
5634.36 4.04466290971323 3.36928137043523 8.98111146532483
5702.75 4.95753619643547 5.04661040626798 10.5024164258966
5907.9 1.28292990763487 3.02928014860117 1.90476595615291
6145.35 96.8083831844576 26.4109847602416 11.6096041159035
6220.16 34.1508273567001 7.80123681608401 12.1486203028135
6276.07 26.4368389283006 6.28852262857633 12.5706753506856
6538.19 8.33839117823931 6.27848422605297 9.47217398588054
6726.05 14.0058189824065 13.3209280863743 13.8891902381547
6756.44 5.22535819591808 5.26881321096947 12.6333424851618
7064.23 8.24022768573025 3.29059016819972 18.9086397568408
7150.2 23.4361675771988 7.53247575865039 12.2654166824896
7251.96 28.4997610629166 10.1861637923396 12.9083800160433
7600.75 33.1428330574579 32.4074794002036 13.5091006188522
7727.75 5.54459082634464 4.77233497719411 14.3670570207414
7818.77 10.9648979763397 10.4869869150395 13.9162408561397
7970.91 4.28368340315568 4.27387608484848 16.5548191043499
8022.24 7.03654670822136 6.81269419015326 12.5131150086509
8191.03 5.60370201831814 5.7746877148278 12.0381156983558
8425.95 4.26585139197708 8.72835907385165 12.6236459267639
8498.93 1.29644214938518 3.3067551012792 11.296794994938
8818.15 9.38905660098971 9.66415229475865 16.3429552114994
8919.27 5.94788015291977 4.57874681638493 23.0517027632195
8959.17 7.46175185945393 5.50133504236267 15.1817068932251
9062.24 13.2522207288874 9.91455862275923 15.1898762373876
9389.4 18.7243469378578 12.5509623708465 18.6398545950433
10090.35 3.93812043355492 9.17518012435529 19.5874492533894
10214.62 3.08722835390287 6.69396488910488 26.1456255422236
10327.1 1.73553545954466 3.72939999249768 16.4946245251704
10341.43 1.96146843162183 4.33393688802136 20.8791659021972
10577.83 1.55165182795944 4.49919698190051 15.8025748736709
11127.65 1.43873531589043 5.49293112326959 21.9847883618349
11689.01 0.471751802057975 3.37499360026509 6.35266816685362
11704.94 0.434584346659439 3.22688241109237 2.72938563631396
11859.07 0.333314497864408 3.72900306452102 5.48561586118922
11865.52 0.444974261227832 5.0563223256065 3.07162685056028
11872.36 0.331296191880028 3.80244678781199 6.95211046294753
11880.38 0.286796557565952 3.33797208694615 1.27199528711571
11952.45 0.41490503866636 5.64694311748866 5.32922217761552
11966.97 0.292428642485968 4.1081379829456 1.39426793829443
