4073.26 13.4804619380331 4.86237362810315 8.81264835018101
4214.61 98.5355201777381 30.1855985160826 9.05224159915451
4299.25 17.8484359953126 3.83891166041952 6.74600192374237
4371.19 40.8698986724838 7.03925414508823 9.11969295028302
4424.26 30.1829750041257 6.18131431288997 8.63192429796618
4590.46 37.1339126344787 9.37044091909317 10.0027030779784
4637.64 19.0195942400794 4.07949626565143 9.11760802115896
4679.68 22.6855956337271 5.15926045407002 8.74482579905452
4722.66 16.6058820742435 4.19736718462909 9.56085610900573
4983.49 11.7112957945349 3.89329949434887 8.40545393481807
5059.74 79.6621462469351 25.108620490784 10.3225245892263
5256.35 22.0189004453282 6.75836412923999 11.9727331771928
5285.9 41.3150960661124 12.0584851339079 11.6546335240992
5477.44 6.99022857354148 3.08205199592237 12.9857129438724
5606.42 6.64622531421365 3.9226509391559 9.77161942480416
5705.12 4.59078584135507 3.22530716522117 6.15229340956648
5859.06 3.26293163043649 3.39447314500543 2.42205274735625
6147.67 100 18.3618502876474 24.4006234691396
6224.68 37.0266183529091 5.60741492995509 13.1774205334532
6278.12 32.6865544961626 5.07363012612135 14.5901756737931
6542.96 9.3616164971887 5.29773930350584 11.0232107842703
6730.13 19.1177275391372 12.4324681825255 14.2711158769534
6757.34 10.4289642101795 6.82777047576366 14.8093447082829
7155.01 35.7966362421592 6.29372121750274 16.062652600458
7256.33 23.6134407041125 4.22251549563745 31.9849416908983
7604.27 32.0409505065581 18.4918587805402 15.8309576583715
7730.81 6.2416083667901 3.36473068888999 15.37533268267
7820.07 12.009229021333 7.33214384466427 15.8431027009883
7978.91 5.165990215706 3.3754938133147 15.6988907968389
8024.53 7.05665109263861 4.41467021739587 13.5300460683757
8195.33 7.55945431138928 4.74937279678527 13.9740261369398
8429.47 6.53731756946259 6.57459741341589 16.9310526039044
8499.43 2.80740776936107 3.32021600681212 14.0362789107821
8541 2.3222681595474 3.02410877456288 1.71757891905145
8821.57 13.9997691697876 6.57945549996472 20.8932244326152
8962.96 11.8651586920184 3.75934554565002 19.1704167246753
9066.74 25.4110346759842 8.43924631322122 23.0986196255199
9393.1 34.4166395961604 11.044671980103 26.6403511144945
10094.53 4.39064870795806 5.04960000766404 20.3259758481436
10217.73 4.56073767857333 5.04978634854809 27.9240664455119
10581.36 2.53433090287046 4.02117809147463 13.6173549029445
11131.64 2.43818179905493 4.68935545295721 36.1330906473777
11695.22 1.02695263766752 3.78793636180536 5.02938663215173
11705.52 0.870706226905985 3.29717772704285 5.2659414698046
11868.45 0.818690878226829 5.0887506444867 6.75975773301434
11884.88 0.49426210449305 3.19284319651408 1.71823558403412
11955.79 0.478570129256129 3.75245620972445 0.959710487877601
11964.03 0.406434020546639 3.26707357793029 2.43839969919463
11970.31 0.474247235179539 3.88845933255875 0.870428808037104
11976.59 0.37959675266621 3.17426822802125 1.24000429400621
11984.05 0.409356727767215 3.50752179638825 2.73057375639655
