4070.15 13.8372103622527 4.59079941244911 8.39183734890321
4212.18 80.1631240501408 27.1334772927902 8.20954113746939
4295.32 14.4686278302036 3.56833802644584 7.26010286507062
4368.34 34.4797106472402 7.08707569225768 8.32253668365047
4421.4 27.5595618041175 6.93545408152396 6.81884278126563
4587.93 26.8191302848127 8.94941394713146 9.04098979063656
4633.32 15.8992014824884 4.61762643499959 8.64217082020605
4677.25 15.3727926421466 4.70632863928832 8.87895210762144
4719.84 13.3215432297086 4.54403008036038 8.08270001372603
4980.07 13.9652680838697 5.80535839923566 7.99336906471854
5056.7 70.1661930225388 24.4304862679738 9.58629652342552
5251.64 24.9538064812236 8.55796017284749 10.1464502110821
5283.34 40.4172253864288 13.3298806466756 10.5327165716963
5600.46 6.24354285177927 3.68384753919116 11.57657994495
5702.61 4.81733665029974 3.72807848585234 8.00969961130977
5903.21 2.2058380786238 3.0788243208643 2.01064619946101
6143.9 100 22.739415330093 11.1341150733533
6219 39.8957001137575 7.56828302482941 11.0688725521795
6274.76 22.8829463914952 4.42683085764001 13.0728914037827
6492.36 5.858320799056 3.17461843335154 8.53002205405937
6539.83 6.63282638775129 3.96773781121826 10.931042010121
6725.9 15.393758351536 12.8274995046891 13.3455822707356
6755.07 8.76815283729002 7.70698172353195 11.106071432474
7062.68 10.3734288262426 3.96962135847107 19.5637355029503
7149.42 32.185794576621 9.55512063490319 12.125484736147
7251.33 23.2980640483304 7.30346862702289 13.160411586141
7599.31 23.0272722397646 18.3927758783101 14.2248365897904
7727.59 4.58798729773368 3.40615767671799 12.5381677526302
7816.83 6.01088682183967 5.13167126589926 13.527726169772
7970.58 5.00017454226047 4.6564406487763 12.2887640771096
8021.1 6.67785143030304 6.05437347488375 11.5352502776968
8189.88 6.49969124778674 5.95053982510497 12.0343676008524
8284.84 3.25687758792242 3.37337122904572 11.0289385693359
8423.77 5.08302009050931 7.39443631634731 13.0262615993997
8495.74 1.91670012023364 3.25633273636568 6.94990440487527
8518.44 1.8734774296146 3.32634849735471 2.0039746281891
8523.66 1.69763196025382 3.0396348757198 4.59303030516821
8816.1 11.1979859439726 7.64249812302465 15.6118722932297
8918.92 6.38915531701185 3.19139033421949 21.4374108750053
8958.49 8.55259189973773 4.09257206629029 16.6170709340004
9060.16 22.3107185337729 11.1156483981957 16.0050737586007
9387.64 24.8331910868372 11.9345866095998 20.1265941993261
10089.07 4.29839172035808 6.35095733860424 14.9627080984355
10210.24 3.40079296998457 5.05308749430447 23.4612694351272
10316.63 2.25866372586334 3.53779086264834 15.3017353620471
10572.64 1.92875569852167 4.11047335046464 14.9624112485908
10684.26 1.34771875140459 3.0229595172775 13.4888441651328
11121.2 2.03012379423671 5.12172272621215 32.7610923975699
11685.32 0.975221540108363 4.56498790239263 11.3929998767526
11698.91 0.735350294282333 3.53587255138661 3.7137917831169
11865.13 0.721928089610175 6.26740107422224 5.15857935231725
11878.42 0.564010821940594 5.07553490191552 4.44914288694235
11942.45 0.290046191919061 3.21735395712703 2.09942857655369
11951.86 0.443865756713793 5.15345864829461 1.52703395574645
11958.14 0.280822868341745 3.31783151448619 3.88414502557316
11964.22 0.258364143754396 3.12659353346647 0.717531017606234
