4071.23 15.5406285924295 4.68677759150028 9.46619908152798
4213.64 80.5714021248048 17.479656652515 9.93663680481586
4371.06 41.3195745136028 7.29564818433259 10.4607493333287
4423.27 21.4888338816043 4.60488969960987 7.44039519721264
4588.95 19.6117012172769 5.86229049586737 9.06279175184955
4638.78 11.5989725846991 3.00795266352516 7.83894562951991
4722.41 10.6317514636381 3.07296146281164 7.68346880643003
4982.7 18.432007721761 5.67558940804511 9.56306028867948
5058.55 70.8358516734449 17.8450981020581 12.2500522586352
5253.52 21.7194232197836 5.20910318360175 10.6301228326038
5283.88 37.0682818786505 8.60778714674663 13.3703877156495
5607.26 9.8849136982736 3.56917774691989 14.2525654161973
6146.36 100 13.148450592609 25.8480501089052
6221.47 37.437846955666 4.1462411392296 13.6334309100321
6277.24 34.398910733526 4.09030592687316 15.3859243351453
6511.24 10.0807299829786 3.70970885254295 28.0380748498828
6540.73 8.0178299644544 3.05632017295753 8.2240371720909
6726.95 14.2064265893215 5.75232929564021 17.9242931802446
6757.65 10.4175455941135 4.34874748748355 14.2976481857186
7150.2 27.8358064620364 4.57099339339909 15.8524799390898
7253.05 35.5442447256448 6.21422285120149 30.1786758207181
7602.35 52.0902918602302 15.9827624429905 18.4526946644564
7819.26 10.620240654904 4.07435501324844 17.7313199511736
8024.21 8.20601718021894 3.82701967106582 14.6422962799097
8190.87 7.27371217082845 3.4511610010216 16.9363796480247
8427.12 5.90427519712125 4.60714532721992 19.3671173671464
8499.43 3.97056468319213 3.39489988029286 8.13552860812888
8819.17 10.4121675723655 5.6381326622258 19.6163837078293
8920.99 8.26862538071935 3.38058270731795 24.6245660492605
9063.45 20.0078580980292 7.65627754268831 20.4592998656663
9389.05 24.8426062641294 7.86014670813529 25.3780974567017
10088.71 3.85724479234547 3.71207358417241 23.6260905859144
10159.69 3.41352887932813 3.11822470245283 18.6883106599889
10216.63 4.20202433366135 4.11531299937959 26.5000991234847
10577.65 2.53794849048666 3.21232043542898 18.9518585433125
11128.6 3.66896136812597 5.98557997183032 32.8257715535165
11684.35 1.39758721929998 3.99606975375862 8.20829817344929
11702.6 1.1218821887756 3.33338310994246 2.84280509977179
11829.58 0.792665738882438 3.78812025301652 1.5800461383551
11859.85 0.592733040627722 3.04875549767556 1.48484287080282
11879.6 0.87327763741211 4.86361913235678 2.75014528704742
11951.67 0.579775898547811 4.12390473372192 1.59150875520754
11970.7 0.502180069647488 3.85555196926832 1.08228100641827
