4071.23 10.5338366887747 3.80530846332841 10.9989315643388
4214.98 59.9819127335495 19.620685417171 9.63071708110783
4370.44 31.8241408205784 8.71478943220491 9.74140425593941
4421.77 11.0187291677134 3.74904786413563 7.91815335879801
4591.48 13.3403669977686 4.64082071645515 9.41806658485712
4636.37 12.1210546749689 3.7546460959202 9.1559457442645
4680.57 14.3833037582401 4.66955933195869 8.34232723843888
4720.74 13.6126448711871 4.85537776807666 7.47031692779547
4983.75 12.5118965431382 5.28983905520117 9.50888240813401
5060.53 81.2179568122051 24.683834695029 10.2991295844095
5255.01 19.5728678966819 5.38537569246169 11.7627058507196
5287.25 37.5517167039412 9.96845131693733 12.3563388047878
5602.26 7.23769124867933 3.59953271305253 7.74504722836446
6148.83 100 12.2228382772699 24.4103020047032
6224.53 33.3645257552523 3.44898763736673 14.1579723981949
6280.17 41.9038841256548 4.7218010959122 13.8767999647653
6731.64 14.0789594211954 7.37925704998596 15.6948862150039
6759.92 7.01580833182014 3.65377785598529 15.1334839971878
7258.05 31.3720634183835 6.1539476204815 29.83713961385
7606.66 56.6606406585684 21.3317909870446 16.4510384832129
8027.15 6.66338507657469 3.87572888119445 13.3754911010474
8198.97 5.21415200776446 3.34088832170636 13.2975373224672
8429.97 3.9536609866219 3.82577896744524 12.2742737932167
8821.91 6.47914133319172 4.54650294696157 20.6968861986952
8928.03 5.88772929356068 3.08841093332562 23.2564949908483
9067.26 10.1703078212269 5.13017784197058 24.736062863376
9395.91 15.9711866773596 7.15736698010611 28.4273080853873
10098.34 3.79562498282877 4.9410674043454 20.4500316777285
10224.68 2.85172908734933 3.51449348716313 26.2848334837581
11136.01 2.48545866133671 5.44693234931589 27.427304767798
11166.24 1.78726835557283 3.77315983917455 5.95313859057933
11869.62 0.704457843933116 5.02548219173212 4.40723510875432
11884.88 0.500973347173383 3.70888965658276 1.95769127879612
11894.27 0.495740002320927 3.79675383913945 1.20934723827486
11953.83 0.333116181838701 3.21102529757754 0.834493187439875
11960.1 0.34209652235048 3.40239695600169 1.68909985463142
