4197.73 10.4423228863353 3.35839686825985 6.11219905002145
4213.52 100 30.1436010448765 7.58064056990406
4285.27 37.1923060961625 9.25516177034802 7.94487396861678
4370.44 16.2179126006453 4.48923138871558 6.41487095121192
4422.52 11.2743100947874 3.95468937931459 6.49927929842306
4565.07 4.76779148795868 3.06620983233647 5.35638916252356
4591.1 12.0845241287782 7.57437357698021 5.56512724160348
4634.84 5.91463944460913 3.3443828419639 8.5295480314262
4856.09 3.39817353820967 3.07118794751598 4.58020646246496
5058.68 74.9969589919743 25.0669930624003 9.05375031693984
5078.95 24.2514933335499 7.67890290286724 10.1121622915789
5285.5 40.729867871001 18.1301889756286 9.40893024890374
5600.59 5.58650152540119 3.50770247417571 10.8964418396363
5618.23 17.7865846850484 11.5884010076346 10.7894623637376
5634.78 5.54861743942227 3.60313119833149 14.4471037216063
5933.1 22.6402580899241 21.9900927985868 9.53748215764244
6147.38 42.063192199775 13.4771169731603 11.1778438200527
6161.29 44.9436755753594 13.4909777639433 11.4934152610358
6241.16 14.6084367834056 3.9954580055262 11.3708810955895
6277.54 38.7021830670873 11.321787327946 11.1955021393314
6540.88 6.0173528982289 4.59916753162321 9.18130713051687
6574.46 16.3093599913414 12.2215458967817 10.5625370540947
6729.52 10.7585934031734 7.23922998601642 11.7602753998699
6758.55 5.36263817526767 3.57829432007795 9.60800991224096
6814.21 4.63911379935844 3.50702355147563 8.96315422634234
7111.1 14.5469004556699 4.44886740865632 10.5766481581195
7153.61 22.4056272190123 5.87212359215478 13.7146221300372
7253.36 23.3027699190461 6.53364341146293 12.5667151459411
7271.51 18.6582430908691 5.41893930474965 14.7412253519578
7507.09 5.48629356943796 3.17202657043584 11.5241784965801
7602.99 41.8472243568176 24.3926591463883 12.4846323737856
7820.55 12.7052948676675 9.28370326769338 13.1871093200853
7975.97 4.2323011531155 3.59332263034988 9.73156709622435
8023.72 5.18091870561856 4.48618293698429 13.5370915000958
8194.84 3.53564425292185 3.48682238975388 11.3229147877255
8427.79 4.83789193316067 6.71906765266063 11.8443080446305
8526.35 3.15945645890635 5.01240755214043 12.1049235602368
8712.45 4.04181428773061 4.89772594642766 12.5990326163428
8819.69 7.12257160268986 5.11293145173513 18.673239455733
8961.59 10.272016560358 5.14210376040553 15.5114361057495
9015.9 6.5675916745878 3.03491900458014 15.6682020864755
9064.66 13.7032909194324 6.78804282677386 17.1643222196781
9392.57 18.7131608985486 10.9336791274312 17.8910526400814
9917.66 2.96928313232154 4.24060023495343 10.7339371279286
10156.77 2.92877334033424 4.12675954879337 17.3976952050125
10216.45 3.20443183221295 4.64152205848009 19.0989184655919
10584.7 1.89410126817371 3.70974862358982 16.6907979080752
10830.72 1.55322418668101 3.09780479385952 12.1784303887671
10883.87 2.43870586449603 5.058590857774 15.9142082584858
11398.04 1.92685144465192 4.15400454052754 17.3902909357348
11693.28 1.49438286581057 4.23667493381245 16.8797774588365
11705.32 1.30068057275623 3.74512396268662 6.36794801474753
