4211.45 100 29.0353488112216 7.28341787651061
4283.43 44.3799768749184 9.84458144160743 7.34209126247333
4368.34 21.0982221434329 5.1553613781936 5.76572439593929
4395.21 11.7096298368527 3.16913044491261 4.68585187156259
4421.53 14.9700567740323 4.73735788922245 6.33995142524691
4588.82 14.0819548344598 7.54002590104652 6.53995444836801
4633.45 13.3696856796147 6.11698816041511 7.83796224466005
4678.15 10.2958566693471 4.59376826315441 6.47794843562224
4838.96 4.61570072618376 3.32741341566858 3.57689362779911
4854.92 5.13852694376309 3.794396999267 1.73328547905749
4978.63 9.82128268834457 4.04101445044781 6.100967369518
5056.43 81.2933372293769 24.114350866275 8.35714879157968
5077.49 34.6214350203002 9.8610972919545 9.07118635744428
5282.39 43.990709782035 20.4166125003256 8.69544016579493
5615.73 19.256160750817 11.200774211987 8.99304859347194
5766.3 4.83260198946234 4.02325494674258 5.59279705353219
5837.82 3.52398250977954 3.15152039036019 8.95686965642108
5931.11 35.0758976170954 27.6893657216657 8.9798239125912
6143.61 58.7656064884931 16.3699728438907 8.792887115952
6158.39 54.7836334124291 14.25686431333 10.0011031212771
6238.38 23.572446503802 5.71456514160366 9.3877621590218
6274.76 47.2389278012718 12.1494682241756 9.81097135959408
6538.64 5.94669462830415 5.03228530726024 7.39304814408206
6571.77 25.966040012955 21.2573418950603 9.51927440562486
6726.8 11.6168285848562 7.5755487196078 11.3920764086679
6755.22 8.40239538203368 5.46071641761206 9.90660081352598
6810.71 6.51123871640441 4.58700629795643 8.27263360009511
7106.77 22.7087256807889 4.39843157331864 9.88856577586739
7148.95 33.8383742058821 5.98182865854363 11.0389897479472
7250.24 28.2801065481444 5.70601596891716 11.026350272643
7269.48 35.1656816588432 7.57467558446479 10.4911061607481
7485.34 9.62444774051714 5.00770010668139 10.1151785247839
7503.75 8.17684961738211 4.43850813089238 12.0401374479925
7599.79 36.7058739037276 21.1811266522954 11.559668186711
7816.99 19.1282884738058 11.4695784002861 11.5142216535132
7971.56 6.15082320902891 3.66151635206314 11.4408269501937
8022.57 6.33895351070495 3.91279197433131 11.6837658851791
8189.05 4.19933635531405 3.19582937043056 10.4820507304985
8290.98 4.73484847874854 4.45275025020298 10.2957062130754
8423.94 5.27033288439191 6.95118889517894 9.71950923267286
8522.82 3.72545811093286 6.09897159173742 8.47711039312526
8707.35 4.74463792238628 4.64286881788306 9.75008515720583
8795.59 5.22850483250441 3.05888444859995 9.7791557145265
8817.63 11.8560702034878 6.34703804469311 14.1896151696474
8918.92 8.35825544025879 3.09606537093211 10.4542247035461
8959.17 13.7200537047298 4.73478125291676 11.9855941452315
9011.59 15.2223736653674 4.81060350783532 12.1671998293259
9061.54 20.9659800494416 6.86295316443106 12.8765866565318
9388.35 25.4414486461529 11.6315070461157 12.4354492383354
9478.77 9.01347695119739 4.48431637497351 23.0680461882803
9913.15 4.20116328412989 5.31735231980567 12.5534899701834
10154.95 8.68579332261387 7.39743583705466 13.4002890989523
10212.43 6.51214698284639 5.5189271338379 14.0197712816134
10578.2 3.7259798769795 5.2495638564709 10.5675807430434
10875.79 2.27810322633545 3.57811482059752 14.9807950894774
11125.76 2.46818244789155 3.53684996530294 13.4070418411848
11395.74 2.88120183937295 3.65359974298876 13.9695640995669
11689.59 2.4855354365862 5.18742570372287 13.4382512145821
11859.46 1.06876201077153 3.35792152227066 2.43071939269976
11866.89 0.9478274740387 3.00912940270882 3.09056798117672
