4212.91 100 35.9533404971513 7.25731189962971
4284.17 46.0907368816125 13.4848277385606 7.72974134551259
4369.58 14.5668356796025 4.55356123009846 7.56103325948425
4423.02 9.28047572250787 3.57903003149058 6.41962365407926
4490.27 6.93276072303932 3.88146631777033 5.06227599031354
4589.33 15.4052288362068 8.08848357902189 6.98269709898341
4635.61 9.11463892378836 4.15182178747192 7.23972293128372
4679.17 13.4218184234582 6.23170526895828 7.46860327714421
5057.62 98.4638852825891 36.25998339778 8.23339649958325
5077.63 28.5077315273768 9.99820744695819 9.59366250067796
5096.21 9.87726754050547 3.46890431055207 8.5922321096632
5284.15 36.396046909533 21.5075888682559 8.79791686446515
5598.51 4.32879514753541 3.25034850370498 5.9305527882243
5616.43 13.181005912244 10.5139903987135 8.99206242104447
5767.71 3.0045115285683 3.20292743524411 1.46555216959587
5842.21 2.73708251647799 3.10496215580087 5.22217366207678
5932.25 29.932046136345 29.6303417531669 8.78558149867786
6042.46 6.3588276658484 3.56368932679613 6.79009383758512
6146.07 43.0714298031376 14.6010288699216 9.18646238617202
6160.42 50.3979069768258 16.1448554565188 9.89414738526648
6238.97 25.4791739204929 7.89294901217004 9.20860449481097
6275.93 43.4250205572775 14.2599835849349 9.70024443610509
6541.03 5.12385331396152 4.62439973452227 9.13376042145046
6573.71 27.0391971445371 23.3392593449528 9.3174381749759
6726.05 18.6243053363027 12.324810886428 10.6078624443844
6758.1 7.25236153518876 4.67919589554049 10.7458727063377
6812.99 7.62129159710306 5.30534147632034 9.85544035921703
6877.09 6.27021053981915 4.56836619343705 8.0412772101954
7108.78 12.4822741928236 4.71540528494082 9.96771855478892
7151.75 10.841238727769 3.69366080231465 14.2148796242709
7178.96 10.2175891370793 3.28477653232841 9.36929399743894
7252.11 33.1109723075802 12.5024984033697 10.2101957954374
7271.98 19.4828996566659 7.62750924004362 11.620794840127
7505.03 5.73666357542764 4.4162680488007 10.0770573591453
7601.07 56.1135651968699 38.3703336282864 10.3699007496616
7639.93 4.82005874629699 3.11055434112856 12.4199311349685
7818.61 20.291793905354 14.4566153207627 11.4534420586415
7973.03 4.14866713748202 3.55782923316923 11.4547343870154
8022.73 7.57257680361684 7.11980064537151 9.48507862875067
8191.7 2.85226461952634 3.5731939702596 8.80151053763166
8361.93 2.54627580126701 4.47201803730762 7.27718882178851
8428.63 3.2953011716196 6.13808917040099 11.313076958786
8508.35 1.60626183848869 3.10344708740774 6.23967356159665
8707.18 3.15211741487622 5.33912958464834 8.67212877491147
8797.81 3.91004885224828 4.60435000977055 12.8639418743314
8821.22 5.14500615867482 5.52274117312217 13.233952664732
8921.67 5.40671740762557 4.52314174580765 12.6972462308895
8960.21 7.48750453870198 5.97585926487948 13.8690068795404
9065.01 9.75415147987263 7.69875493607075 11.8892640398317
9129.68 3.84535233457957 3.09952325260435 10.4789648445094
9391.34 19.2228151683299 16.7849655413564 12.3848859783429
9914.59 2.2670676395085 4.49584673958112 10.4861259193603
10090.16 2.69093931364862 4.71585347683139 13.2609021861645
10156.41 2.50124046381306 4.22875758110464 12.679422539426
10214.62 1.906300892607 3.18189268831895 9.50291323697638
10346.39 2.29629031436341 4.04903443685249 16.7022893268404
10578.02 1.91329630189615 4.63412906342394 10.9614434602609
10876.54 1.48379437081332 4.63217305146244 7.54062182269627
10962.79 1.38863138594653 4.31615168168073 8.75156743280968
11398.04 1.75277402311435 5.41116035137558 11.8398754877235
11509.44 1.04957063721694 3.47278902364607 6.75709170763548
11689.98 0.739435686427396 3.30852024851819 6.16772332768232
11847.93 0.570728301135988 3.90927817605455 1.16470441473575
11860.05 0.714968666526342 5.02620171609533 2.45885732174975
11869.04 0.792527162739257 5.67546566929847 3.82553913386801
11875.1 0.429073675484785 3.08704105513338 0.704789667825025
