4214.73 68.3293186716832 16.3736051310023 10.3431413747667
4285.15 15.6274186736358 3.5890778517132 8.55518121932528
4369.95 17.0695518570267 4.39779578538584 7.86736401772032
4589.58 12.6678765745607 4.67422380282405 6.48706123188367
5059.61 100 24.5573571400332 11.3326781099267
5285.77 25.237623391561 10.4852133403982 12.4305436170507
5411.29 7.38581157724057 3.06418760614481 6.60728231515714
5618.23 23.6262444455928 8.56350318851663 12.361752165908
5934.39 25.2241788882474 14.2293111203413 11.4745522688945
6162.16 51.491981788762 9.39958289921511 28.5129513219272
6278.27 44.4079972503978 7.37833687353129 15.1930554103064
6575.81 15.5381801862122 7.21753787927961 11.6450977728146
6729.98 17.3911661915387 7.19928771130344 12.3359867957552
6921.71 9.23400959786291 3.60878452898231 25.1459057735183
7253.05 31.5355614365661 9.50575259469702 16.3726226887848
7604.75 57.2834948733512 12.630813596372 16.4432983618608
7820.87 15.9362182239881 5.80509876077729 20.170356372003
8025.52 6.63126925424908 3.48739639911782 17.0555179994735
8195.33 5.33335205602136 3.62553581538633 9.55224779219679
8426.62 3.76897635384186 3.1845968605745 8.98927197285229
8960.38 6.23377403466762 3.32989983175597 19.572441544602
9064.14 6.20078519277244 3.50445890385843 16.8290986340871
9392.57 12.0205014221379 8.61975032819818 19.290394336047
10093.8 2.70422620416932 3.2332818087977 23.3152103805696
10328.93 3.86461635690067 4.59715793369861 31.9542096975947
10879.55 1.98549837416157 3.24007285490636 2.9848682328502
10974.49 2.60522505372948 4.31956784856826 15.6796257979677
10983.93 2.05020496045339 3.28079763684844 2.37363840319085
11399.58 1.98959019734317 3.4540414873978 2.7829530295221
11430.89 1.7906948136622 3.10928640289071 2.33146668615336
11861.8 1.20517313335435 3.72602595183234 1.82131063919405
