4195.67 10.8166849012049 3.33438267523628 4.75073126109055
4213.03 100 28.3040580844038 7.70834944775015
4285.52 37.9797854457357 8.28511326178521 6.97983779216793
4368.47 25.8410822052424 5.7427146160199 7.04805188641603
4422.52 18.3571577296636 4.87254029096616 5.38284081999154
4589.83 17.7218703964853 7.48526527200892 6.14201661644347
4633.83 7.4486432628114 3.02324340479029 7.10435783092998
5058.02 90.3025814124331 24.8514881725705 8.29732246720596
5078.16 25.14876527955 6.67699717508133 7.97207545210313
5284.01 42.9144073549352 18.4716562633368 8.3163152670104
5616.29 31.7570267641373 16.0924039913801 8.62917914125046
5632.14 6.76726848998283 3.3326102022918 11.1582434519087
5769.82 5.65719621579436 3.27813125799894 12.054715505079
5931.82 26.6597417807269 19.2495919297122 8.53229745818498
6145.2 50.9194782038798 13.493739807301 9.35872741622097
6160.57 52.5954964079834 12.9940897279727 10.3280463912761
6240.43 21.2040535395855 4.53761814768398 10.6339586677977
6276.22 59.3399081426115 13.0885510122679 10.1510184773824
6538.19 8.26381470500088 4.98556742825817 8.29308845940704
6573.71 20.0312126990878 12.2379696063315 9.68101473120896
6727.71 12.1729062144688 6.13715708001998 8.70057425699815
6758.86 7.16563450908479 3.51295642949163 11.2179437891718
7108.01 20.0495788014763 5.18079620295763 9.80190737681914
7151.91 33.8081620363161 7.43120900401805 11.7907434542494
7252.74 28.0710543621856 6.34551649394285 11.2218287260303
7270.73 26.9391166527925 6.27754554693662 11.1523133140017
7601.39 76.746036714346 25.8090209728767 11.1309252136225
7820.39 15.4063444078603 7.38687296413799 11.234483561846
7974.5 7.04140881660746 3.934830648445 10.652106068118
8023.22 8.51705268840242 4.94599260454542 12.2031722690417
8192.36 5.26934120119506 3.7922052964136 9.71886133477801
8427.46 7.02386437275225 7.42919390599209 10.0766494487507
8525 5.11366828132731 6.38041540508016 8.11551476337263
8709.56 5.06983963953442 5.04299984702426 10.0525230724779
8797.64 6.62796567548596 4.08256475424745 11.0126434732156
8819.17 8.60423775367 4.76923274396128 14.3905870273647
8962.1 15.5276739851455 5.84629123781709 13.3595343631696
9012.28 10.8701185794674 3.76356023630435 13.1181924792309
9063.79 22.3273090140224 8.37381783368039 13.7009310025551
9390.81 27.7622655047779 13.7946788706413 13.85008490158
9479.66 5.87815414828986 3.0703714864326 22.6977250179443
9885.59 2.66716944867867 3.21702509303477 2.79195705846359
9914.77 3.41182130420373 4.0818868275862 13.926291273614
10159.51 4.29396641255548 4.54223213705777 10.1183613187186
10214.99 4.51594934332929 4.87635809763835 15.4356350099424
10579.69 2.99071208771894 4.65838527361938 14.5264405394719
10880.11 2.69001747965545 5.0418728401112 10.1329673900655
10975.05 1.85314489609905 3.49520982230324 3.9103734465607
10983.17 1.68862304405445 3.17206029992666 1.30134775371698
11396.32 2.64903522833802 4.53840476296833 11.7474575172546
11694.06 2.23875069172993 4.66743787334693 16.0759815214078
11834.65 1.29086329549024 3.47453276645419 1.9145896481532
