4210.48 85.2312391876103 18.6241162398924 8.38233572320587
4282.58 26.4639306398738 5.2684505403347 6.89073108488537
4366.86 22.0609328437016 5.01257204577478 8.16126170609459
4589.58 10.846964407245 4.20244336013941 4.65633551627343
4631.54 8.88797595940866 3.31053717727982 2.71592499190319
4676.87 9.95981898985825 3.72675287347905 3.35507599477842
5056.17 100 23.6900334991121 7.81704163617542
5076.17 30.3137320970439 6.83695410204263 9.2307604892294
5093.82 13.5379245834096 3.05397700510111 9.4781580668423
5282.12 44.1398414540068 13.6359004718699 8.94720208444505
5615.04 24.5444352483937 9.61442611847342 8.88187040088633
5774.04 6.13530498645867 3.16029085905907 1.46046779006792
5930.54 23.4991687543218 13.8051172031182 8.26071169778788
6143.03 53.5068821390289 12.8466144575672 8.43325395897682
6158.83 55.9593156322797 12.418312417987 9.75247389570995
6237.22 21.7451872590438 4.44343156625547 8.16208476153406
6273.73 42.1553251457486 9.10914458677334 8.45344117429704
6572.82 17.3976228824861 8.26859815055941 9.04531773031522
6726.8 14.6317560408655 6.77754728082418 9.21891158671679
7108.16 9.97199887102157 3.54542467582677 8.62417283611921
7148.18 11.1886185587143 3.64491486419197 11.8398783145849
7249.3 26.4857830563281 8.96077254540559 10.3356059762327
7269.48 16.5686116830913 5.69679920610113 9.70052546216994
7483.76 8.09996772702039 3.01119075489648 9.4302253204296
7506.77 11.2361812659765 4.10200909266415 10.5200079747055
7599.15 44.2975020502461 16.776241990024 11.0460921394915
7817.64 9.07115043725705 4.93650957303657 11.5376669111392
7833.02 5.73557995034643 3.20231291246939 8.63640072960879
7970.91 6.04119817975306 3.960698872298 7.67924885339653
8020.44 6.1420084043583 4.17376841639734 9.62061854640797
8191.53 5.48882022649491 4.24229891641555 8.85981662863105
8813.19 6.99496368177613 5.01036127854338 7.25252429232023
8916.35 5.90032117721687 3.58136683698416 12.0884895508007
8956.42 7.36037739080001 4.3737450345247 10.720294171042
9060.33 7.32277730643144 4.46674707252755 10.1354488443121
9389.05 12.3498590575793 9.73221897332207 12.9791554695985
9479.48 4.48044261439047 3.59480966096434 3.06701467166204
9713.07 2.75070725072519 3.17614603615972 2.15434028291929
9907.56 2.8479822823765 3.67207311835075 1.86973583017607
10152.03 3.48104146265158 3.59717899021665 6.19153370140157
10157.5 3.19622857646995 3.26873254213663 3.53978526908213
10207.32 3.70011553479611 3.82781906575266 6.33565940202061
10570.78 2.30441570891195 3.23382141300799 2.12473301218051
11015.1 1.96317315434114 3.03437000717735 1.80925324920281
11398.81 1.98188107051257 3.20194207564822 5.81342276472606
11863.37 1.01909354892718 3.23711711325664 1.42245299507886
11874.71 1.02746502978884 3.31936647250402 0.504849325874602
11927.36 0.877949004785661 3.07765607412586 0.708123264235837
