4027.56 5.65418717135684 3.50820517998793 6.43910577186034
4212.06 100 37.6526365488266 6.69091581168232
4252.62 9.60982674354377 3.09677950259484 5.70266203960819
4295.69 10.1188398942495 3.07157557626997 3.7222961085572
4353.52 9.90925563861939 3.38812451997567 11.0597060007158
4420.16 8.74727654034683 4.15643860646933 4.98278497117826
4536.72 11.2211954926145 4.90679032972769 6.41886027703094
4584.77 10.4107432977757 3.70593696075044 12.2409226517857
4634.46 15.3849496333395 4.69315401620839 6.24356196555527
4677 20.9450621568239 6.60618714233811 6.38212809485321
4720.1 17.3351570844467 5.87984995942088 6.16137673510366
4765.57 10.8062523474431 4.26923078680113 7.82197290487875
4981.78 13.2634327249916 7.20353441568531 6.15816313319465
5016.27 6.05299552586474 3.29128646312754 4.08311049174063
5056.56 28.1085266251147 16.0962141757973 7.18983075212691
5252.85 31.3839177761987 14.717137761344 7.20213839433927
5282.53 23.0833304637629 10.2576182852325 7.68827598076496
5576.47 7.27388037312859 4.30352699264578 4.63492156758184
5603.65 7.7943950698364 4.72575213185402 8.13906813779886
5703.03 4.29919563524203 3.0843830200457 1.14951708602075
5766.72 3.84774974178025 3.15021221023003 1.62053262864083
5836.97 3.42988973500904 3.15884719586551 0.830556532777337
5855.09 3.51253879949124 3.30227776368184 1.8768797459843
6145.93 54.7931567943869 19.8798204915565 8.32079312817223
6160.71 26.4370262536082 8.87440285900627 9.89775142294457
6221.47 31.4343812189177 10.4336648279266 8.22229919843176
6276.51 13.1007126430198 4.53043590320785 7.70501131512174
6352.79 7.99300909328177 3.86416370408018 7.75729824774862
6465.19 4.75617647118458 3.35370797151987 6.99034759314145
6542.37 5.42737647951752 3.5734860986059 4.5484768769802
6725.6 5.99591504607333 3.70985331742982 7.51226747734472
6735.72 5.44348937586619 3.40880731354301 3.7190066338535
7065.16 23.6252631630737 10.6155873771195 8.94154200403864
7150.04 15.8075483241072 6.68672586972311 8.65992218637803
7252.11 10.0775813356531 5.26686052354653 7.03352675774204
7384.14 6.39748877587397 5.87407615461059 2.40263914249772
7589.25 5.27667710006262 4.41155953154912 5.37250978724205
7602.83 8.52393661946714 6.96132710515067 10.6385119248262
7612.9 4.23790714700046 3.37646468670733 2.69821383180079
7627.61 7.63639157034011 5.97552559574867 7.28945917863894
7634.49 4.14363088566186 3.22684814472536 2.28045385710084
7728.55 9.42159403226279 7.52330990659113 7.69071134852038
7820.87 7.93245788472129 6.9852642353649 9.98907640863217
8024.37 4.61733465398687 4.77283242983574 5.62491073016554
8290.15 8.55529370115216 9.76009821599797 10.3578244444652
8608.35 3.4143634768252 4.7891851993226 2.64902000372786
8614.77 2.29342806836468 3.15848609486852 3.91173866484496
8818.83 10.8118185422936 9.00326300791198 12.5180402423139
8932.16 8.06076950580025 5.76083914416511 12.9544437928362
9063.79 14.4621721257908 10.5615886950694 10.2305219443297
9385.71 14.5165058562829 8.33149511174704 18.2997311273975
9454.76 7.56080618601205 4.17528605772034 10.8097124678752
9980.13 2.55298601818237 4.39764433577803 3.15957403229186
10232.17 3.66766648542231 5.97554402601091 8.8056390466154
10238.39 2.23467378870749 3.60982333073067 2.52151240636158
10577.46 1.63665363142751 3.3169276242783 1.60149097972317
10655.18 1.44654458734366 3.04299567909453 0.860899580169644
10686.68 1.5435787473182 3.25142180178721 2.7488354418274
10733.72 1.45278557769802 3.06044610475612 1.24788064884888
11012.07 1.99223751265064 3.43541161375392 4.07620733960903
11019.64 1.8481595281571 3.16841094899632 5.78661443059354
11153.31 2.10470441585167 3.53749981816075 1.66069190185226
11600.04 1.09533694778797 3.00768789013283 1.43215132143996
11622.3 1.09131266502758 3.07851291799642 0.472788093384224
11690.76 1.11017060641701 3.21589747464032 1.13047485150673
11961.67 1.18928606466128 3.30761071386628 1.4645508092417
