4025.06 5.18361522479918 3.84130042928751 2.96507459244276
4066.21 3.88164538469633 3.02530637287561 2.32191744542115
4210.11 100 47.4503691021072 7.3737715989655
4295.69 8.68540091209599 3.59212696512688 6.36422623853741
4348.46 8.29684852379713 3.6139953224267 9.17511494212067
4365.62 7.95922866876431 3.56559786861085 5.85635052186353
4419.66 14.7117430683464 7.76393113852927 6.52244850959869
4533.19 20.7257727191109 10.4112616629617 6.43506649579376
4580.73 12.2741448317253 5.46712525448728 7.116418931113
4718.56 6.21861914997076 3.21740870978796 1.87365136145581
4978.1 11.8478491828197 7.31821283247751 7.54120762890852
5013.5 5.40317000167715 3.18827804687183 7.33034315828627
5054.31 26.0714139320434 15.9218694267599 7.94122433236316
5250.02 23.7689132478382 11.2805553733627 7.93888004230303
5280.5 18.4656078730724 8.50974277999266 7.37392601902229
5573.84 8.03239032779085 5.6343709608389 8.12774480158441
5603.37 8.22923543125537 6.02100629319022 7.53910097483549
5707.22 3.42014675285204 3.24254343127153 7.67045843673986
5857.5 2.65809023771402 3.33521986815885 1.94596845809338
6142.02 50.067562500524 23.3745636135591 8.78299667855936
6156.36 20.4627922043889 8.80463656533624 9.4521354878998
6217.25 28.5559855838136 11.5392921802729 8.49460989198815
6273.29 12.6767973865637 5.13274481498048 9.19943870197039
6348.82 9.82959366731192 5.20035468386825 8.66064456380991
6465.04 7.26224403213379 5.0209164495159 9.45960314890726
6479.43 4.71696161645461 3.28963182754621 3.99984437653256
6537.89 5.98969523043315 4.35848728770989 9.02843514158849
6723.93 5.6642181256009 5.10917536167277 7.59394740254356
6755.07 5.4317099885129 5.17429775891376 3.43579063828929
6898.92 2.50786341450683 3.0779876221305 1.67499477858382
7059.13 15.8510045635275 11.6434008426378 9.10180908393704
7146.78 31.7555771823781 20.7865048178651 7.94433896934152
7247.89 9.74227111707215 6.70153398965223 8.58684752523368
7382.88 5.02746915851619 4.95376682524723 8.97437787385297
7466.48 4.52341738968827 4.49128577003892 7.40823786480269
7595.16 11.7879435218341 9.81178784649551 10.9410243036036
7605.7 4.1357002672459 3.35921012049408 3.41996736853071
7621.21 8.41959056172323 6.71076243976446 8.67704730820515
7723.89 6.72658543372587 5.83577986737374 8.81797646387895
7816.34 6.64251881940088 6.71403630863521 8.4715362259185
8018.8 5.54718909294056 6.5909387978806 9.07173332552793
8285.17 5.82499707813338 7.95897003261493 11.562410438637
8420.93 2.51506848709445 3.98038210827571 7.2865285762382
8495.4 2.75853352402356 4.59368080021104 8.27798603101292
8517.6 2.24618838512189 3.76009559801899 1.06305190122839
8605.98 3.25917009215509 5.56843630202291 10.2725037901691
8814.22 10.6723543883026 10.1035994496344 13.5537810390815
8927.69 6.91605746562411 4.74483091632258 11.7288680154652
9057.39 26.2603182360204 16.3588644360883 11.2614146058313
9127.6 5.89891586213739 3.81693072343549 14.8778993926026
9374.46 25.8020217877253 14.2805417444818 19.0184438902943
9448.76 8.47812016165834 4.44687099529546 11.8696750298604
9765.83 2.466970756645 3.03723447650168 6.21592620423871
10083.8 1.66541814690218 3.1721345553156 3.87984818382938
10223.21 4.6261752344747 8.362748644157 12.9541470513177
10539.99 1.99726708483369 3.78719982564894 2.87775656048871
10676.61 1.59075280011504 3.26507880444231 1.33917806051249
10732.42 1.41180102168453 3.02426985460569 2.42786003996116
11136.2 1.93658351674273 4.05034589423949 1.85288537719498
11143.23 2.05300731755557 4.30551403709916 6.0007597011263
11260.19 1.96534623154466 4.23679906392358 11.3230654645104
11453.01 1.28360919464321 3.27458137064862 2.51632264168984
11570.64 1.30714800687492 3.68987680794714 1.32592052159453
11687.07 1.22728634298954 3.70536874344819 3.25441429010061
11695.03 1.10190943894583 3.3290931331671 1.65679745141097
11853.99 0.991632736184103 3.02850273027326 0.729844834260803
11929.32 1.05068961793919 3.18527458760223 0.996100784572263
11949.32 1.14173924565466 3.4545657758811 1.03009593833303
