4028.75 6.32039100975543 10.5479555922515 7.20940064391107
4211.82 100 48.3986039236137 7.4774481010063
4296.18 9.80197929160526 3.90786259355256 7.20680080150669
4350.19 8.97761814498888 3.9781293464549 10.8733143922173
4368.34 9.17634019655504 4.29606160171626 7.54683491122069
4421.9 11.7046127386091 6.93278575481473 5.25539390692393
4535.96 15.3194553198844 8.96758690042643 7.9489744833345
4583.63 12.0185695906656 6.09985906609596 9.73136157658246
4619.23 6.58760110626881 3.04933191149991 7.14472058548199
4635.35 7.72824588442151 3.5644565045322 8.81235189950166
4676.36 7.01465351819524 3.59817000737567 8.81151429368947
4763.51 4.76407626974473 3.48873352348308 7.13953689174923
4980.99 12.6834625677982 9.81989650416588 7.38949880251312
5016.01 6.12029382109374 4.38778993384051 9.97728155996629
5056.43 30.8052034431711 22.0249601154325 8.29202691424507
5252.18 32.5688630442995 16.9324845462575 8.47409849481846
5282.66 25.2771294119615 12.0899078857859 9.10791158555276
5574.67 9.03808548575617 6.77328900614383 8.91813598519002
5606.01 8.18119270242915 6.47538828476517 10.2175608253356
5705.54 2.90192408272 3.09676189487933 10.8617504990998
5766.16 2.49317578234468 3.2952709749856 3.60392138208317
5897.09 2.61854841345554 5.12737395848101 10.033271982109
5929.26 2.7082990279706 5.06937371092681 7.3074475658168
6143.75 58.3480864097568 19.1716133985286 8.93125500179394
6220.02 33.5605220689823 9.24758032017284 9.2527325579531
6274.02 14.880356890846 4.15588390926473 10.7610438165839
6352.5 12.2086415478073 5.19866112714794 9.92279530875658
6465.04 7.85468866179327 5.93000564053911 9.60363893796239
6541.17 7.20927224569776 6.40908201005537 8.62612686037028
6727.26 5.6742404296493 6.53844740667913 9.69847418633071
6757.19 4.66787398460843 5.68998724339128 11.4195507472323
7062.84 22.5281782091455 12.3988513918586 10.2045901802048
7150.2 23.6534782167946 11.0545379649094 11.217457716064
7249.61 10.5118548084429 5.41899014796712 10.4575722316904
7382.88 5.3324015679365 5.26415104103681 11.1993317798779
7470.28 4.47544654566814 5.31657407095697 10.5270257583743
7599.47 13.3870518289479 12.2438523014751 11.9766674987941
7625.69 8.28685260564519 6.99992769023311 13.4700204709861
7726.14 7.91505282900801 7.46553131847273 10.2692558362924
7817.48 7.635207309301 9.32350584693099 11.0900294049343
8021.1 4.83634425020531 7.73341929074745 11.1479304911736
8287.49 11.3120469949807 15.6934368590491 11.4571396918309
8425.28 2.21708488590779 4.19314854821458 8.8163059485978
8494.39 2.19360090122202 5.02878683901659 9.27677717996448
8604.46 3.55341246525054 9.23009118136997 11.5329803608838
8816.78 13.4195648514666 10.2543937083242 15.3551663470553
8929.75 9.05182374111262 4.53704382825541 24.0994522627716
9062.24 22.0160633012441 10.0548906451745 15.3512918263023
9134.89 6.32276216360732 3.08883525494157 18.0342027888437
9380.79 25.357265486789 8.79866732791579 22.8147264303625
9450.53 10.1924887269311 3.29065852703856 19.4640716679569
10225.59 5.74215989885263 9.97210277021695 20.4059206898201
10540.74 1.62512026518935 3.17486117030947 12.9577069938041
10575.98 1.73489154665539 3.5418503114913 18.2395200187366
10676.8 1.36536963388287 3.14182680768053 20.339191500716
11147.6 2.18951431663394 5.41564639027904 31.5263227719788
11260.38 1.94179260223052 4.73240359930473 15.645247401033
11574.9 0.886003578548414 3.41708213986751 9.79199759597032
11685.32 1.21221033468642 5.79408014291168 18.1842596613624
11868.06 0.793181296071904 4.82694867337708 9.2600623300641
11954.22 0.810335664034277 5.18231827553316 5.00970398413483
11960.69 0.632106398079638 4.05786418701685 3.40475514831269
