4195.42 13.3900024279457 3.62972342363417 9.00928330809165
4211.69 100 25.4234390773896 8.34800964515853
4421.77 9.53088559639806 5.14641444012407 5.38479170953633
4535.46 21.3412065320373 10.4224848945876 8.46169451675541
4582.88 12.2646485451014 5.47018086776261 9.40271574876351
4981.39 12.0062766208548 6.06019509618648 8.3793229469029
5056.3 27.6921436062552 13.11489651457 8.79772261176458
5250.83 17.3349364889421 7.08736319799274 9.57783114104222
5283.2 13.8497822447853 5.3662705617188 11.3002313632951
5575.36 7.01911166898483 4.14364772452908 7.88917734511051
5606.29 7.08809074634856 4.22810208346743 10.8943444532697
5893.97 2.63217558513573 3.2129149253782 2.56428282343404
5918.01 2.78199424401378 3.49132693958 1.51483532442853
5927.69 3.45533880950589 4.37652409829527 6.34134827601247
6144.62 46.8219792714643 13.2674119454986 10.8699543216535
6219 25.3791085692351 6.02593578303028 10.4152192791826
6351.76 8.34754071025128 3.02180557904652 11.2809002878857
6465.93 8.36139309738056 4.63192340665681 14.2037952561186
6542.96 7.49021978769372 4.2062300169695 10.9886866048237
6724.54 4.36480897280949 3.23185717837384 12.5155451323872
6755.53 4.51267584204844 3.63847019037678 8.30852667960517
7063.3 10.6270444402917 5.42944192583931 11.6187423861575
7149.11 19.0710413019716 7.84800967796694 14.1691106992994
7250.24 9.76457742745146 4.04962343976091 12.6568870303927
7383.67 5.03524511133939 3.36831288957084 8.89761984187589
7473.13 4.70563386459714 3.42035797871661 9.52250612317221
7600.59 12.4239052013655 6.96363651658524 15.9323134253327
7625.21 8.91423487268896 4.65164266742458 16.6256951121177
7724.69 6.64075421016538 3.86519607243802 11.7847560858181
7818.77 5.6717472690871 4.2775814385893 13.4565087536394
8023.06 4.71318140432694 5.10104388692008 10.3143617909327
8287.99 3.81985406760136 4.8281219904046 9.10081691597225
8292.15 3.81857743225512 4.85958156756908 3.49358074659176
8493.05 2.12794334954384 3.79184744563498 2.08973272234289
8500.78 1.69953740741384 3.0417680088302 7.31034056720819
8598.54 1.53022803359 3.04713165964489 2.32379751919507
8612.41 2.25107590864402 4.35069166063042 11.2973992996522
8616.97 1.85879418746142 3.49958409328258 2.42206880951926
8630.51 1.76048958190518 3.08349813394099 1.92893189452116
8819.17 8.54571974580871 5.8777895472238 17.8183395636679
9063.45 18.2066053335156 8.32280859302682 17.215982796366
9379.2 24.1538781855588 7.20908667883506 26.5458508736319
10224.49 3.89171104471115 5.73660585854059 20.1824783685061
10543.15 2.22241001068807 3.60193888121408 6.10481884371984
10581.36 1.97384132983212 3.27483653153448 4.04418709718993
11141.14 1.78094641929298 3.25060126926425 23.6309056700447
11824.5 0.752141444798112 3.32190464565704 1.92117229621908
11872.95 0.684303314855428 3.23604270057736 3.96546056581792
11884.1 0.747240934363526 3.59384281709694 1.98646610815194
11963.24 0.800454005648344 4.36434709729986 2.05023362561769
11972.27 0.635125279911835 3.51472013891933 0.945888612921408
