4028.87 5.11106164006854 3.47238020441522 4.61376049040382
4210.96 100 32.6105788661835 7.22868974431731
4297.04 13.6759120197575 3.9796859508978 6.75828189040021
4367.85 14.3247928909384 4.24165971017619 6.61903873274059
4420.9 32.5250442114229 10.8858536968579 5.90155704857716
4457.9 9.47147024827124 3.3321277794807 5.55160125629118
4535.33 19.0421410760945 6.37511555865187 7.77505313807796
4583.38 34.5002264591929 10.875709024711 9.2610393310797
4979.68 21.7746786979663 9.88200660645621 7.75405069439785
5055.77 53.9841070111838 22.5135522159892 8.80816458438039
5251.37 23.1365038797737 8.25349605483452 7.71805303754991
5281.31 16.912884269756 5.86389885327562 8.46410420813208
5379.1 11.7017645351324 5.05832847275557 10.20961324976
5573.56 7.60546098759227 4.25743021712723 6.55531793270893
5603.09 7.42097239750041 4.30093771773589 8.61890417144423
5703.72 4.93622648080045 3.60988378689954 11.2804680029985
5767.01 4.08658373539762 3.65528698922549 8.14415940092658
5855.24 2.70960471378961 3.22594729076873 2.14450186655267
5899.65 2.39970102857687 3.31021557876886 6.7988222943477
5927.12 3.95390778538604 5.40452200763721 3.78505884567403
6090.99 7.28326532141525 3.05575100712014 8.45004366644389
6143.03 76.4925877345939 22.7358864146071 9.2747493495026
6218.71 48.8803350048273 11.4659183754074 9.02182522069597
6273.88 25.9088372744483 5.74818292461121 11.6727201087615
6351.61 24.0443850838861 6.35306636285303 9.33741573490352
6465.64 13.7040870980133 4.54524703077064 10.9477950852925
6540.43 10.8677115065466 4.20798571597363 8.54419681621312
6672.08 6.5296909125819 3.31491820618965 11.1082578241558
6725.9 11.336259105908 6.46730118955865 10.7526258683083
6755.38 10.3567728918191 6.29065289117303 9.39631542714869
7061.45 12.863312090033 5.12876884928632 8.90204802724384
7148.49 60.1104294429737 18.0478588143717 11.2419949006307
7175.69 12.1084979373211 3.20007698432974 16.4983444330392
7249.3 19.3937894831319 5.6225534679334 10.6109235579506
7266.97 10.5816107732197 3.06398465814287 12.4853169670168
7469.01 14.7079395259321 7.71217510643548 13.4739076253736
7597.88 29.0430912261339 13.6740904189436 14.737628357776
7624.09 18.8737720038165 8.53173676713083 13.2794091648393
7725.49 10.815809153189 5.34904653535634 11.732932844995
7816.18 9.56251809054792 5.55911250712536 11.5391666973183
8019.3 8.24156781612303 5.74071883729448 11.7095346671185
8287.49 6.70120801896169 5.66270287888483 10.21375758469
8424.94 4.80171195154889 5.25486141532894 13.0776258843507
8494.56 7.55391599545317 9.57212662885558 13.7243956203547
8605.98 2.24188334985565 3.68741359438684 7.52992629060827
8815.07 15.3575169360146 9.80661488353481 16.4077404856343
9061.2 40.9255105875188 13.613522063068 14.9397340713713
9133.15 11.256649379297 3.91718126890504 17.9433924640889
9377.45 49.316170889489 12.7715565419195 22.5444134630106
9699.68 6.81710445423855 3.13338006419012 21.7711719100116
10087.8 3.19473153887695 3.68418974239566 16.4065775265062
10225.96 4.09716612529198 4.72224034640179 19.8645223398198
10490.56 2.68911168167104 3.03855357341104 8.29428374291456
10575.23 3.51953014440707 4.26483652934448 15.6786918898943
11145.89 3.45884715108156 5.53204053486162 29.8683672687475
11258.67 2.0566335424038 3.42352246293169 16.0575924578916
11578.96 1.32533588458338 3.32502629958318 4.9645222290219
11687.84 1.87935296910307 5.82680017066482 14.0794657512834
11702.8 1.05303432774125 3.36592317051707 2.56092915038607
11795.63 0.7762991851702 3.16080570352111 2.11225101116543
11853.79 0.667305039201703 3.10794536203583 0.697663200693569
11866.69 1.0754323486018 5.13268844218089 6.3808780364925
11958.34 0.869183229386592 5.0020410015469 5.07922466038144
11990.92 0.531094942574133 3.29727470555556 1.29061556047236
