4028.87 3.57468110646949 3.93642159396445 6.46339969163773
4212.67 100 49.0910541087479 7.58050053249553
4353.03 7.16479555279994 3.31962707908164 10.0140120447386
4368.59 7.5586381143985 3.68297747806043 6.98608110632449
4421.65 13.0266551816648 7.91179348174455 6.51645195622223
4535.84 20.1684753982424 11.1970576203615 8.24513816290528
4582.62 13.3566097862204 6.34478224718067 11.8405016538773
4634.59 8.56453195602556 3.6319687185561 10.2491145556542
4679.42 10.5587643278454 4.94629139951058 8.29639211754329
4719.33 7.60313112920012 3.85739703329065 9.07419529357139
4765.32 6.23883096183508 3.71614438126462 9.12107851835481
4980.99 13.5755615684567 8.96448917965343 7.89601017999121
5016.54 5.24869694704778 3.22008913982353 7.11742316462369
5057.23 33.3106780018488 20.5098282686143 8.30347083466495
5252.45 19.6859273992363 12.1894330708267 8.62708447025034
5283.2 15.7624453889046 9.02257920968135 9.38379270926271
5381.96 6.96029676933538 4.28380244361786 9.86807029025022
5576.33 6.94067802224477 5.34416811352516 8.86704944142184
5605.87 6.92089848801172 5.63140480310306 10.6297663368068
5705.4 3.57561840318368 3.9716795326225 6.11535894163626
5766.58 2.2666205619795 3.1930494153113 6.75310256679495
5899.23 2.36176742323576 5.41265207264333 4.31934602237197
5904.91 2.02734494719774 4.6301168050161 5.29559979882197
5920.28 1.3377950450892 3.02066934706852 1.34966471318603
5929.26 2.0834857796448 4.69560176844281 6.93773862657872
6144.62 48.5210353710249 20.7759554207235 9.34063741751561
6220.02 25.0094341341934 8.59963384421902 10.3024190694896
6275.34 12.1734427009048 4.07028178389883 11.1940480912235
6352.79 10.0848742735224 4.57202272851258 11.0204412361245
6466.23 7.60317515885982 5.15653956345537 10.3059252713574
6541.62 5.58868969304274 4.40280224862793 10.8006366656446
6726.35 6.37084558811072 6.5756914084744 10.8420856400071
6759.46 4.06419957485997 4.4016791714143 13.1779822821891
7063.92 10.7316976045286 6.09406876919478 12.1199904107552
7150.66 23.3669852645919 11.4802717391815 11.1157655693332
7251.17 9.56395203008494 5.16224335534957 11.2963206871927
7385.4 3.58017391294802 3.68765741969572 9.61640033375897
7469.81 5.07687653433528 5.87261138960761 11.2425029309143
7598.99 12.5326802507289 10.7278094830283 14.3393265592158
7626.33 9.54458031999951 7.5437260738547 12.3754638302653
7726.78 7.06748441383217 6.15705429351829 10.9951371487168
7817.96 6.07353271264821 6.70206547274358 11.9827675611423
8022.57 4.13668212785509 5.58850701473789 12.2901630991228
8291.15 4.48453335245341 6.56032090992865 12.5880148576616
8425.28 1.69223943516208 3.16638285133659 13.0156396544135
8496.58 2.21841046452206 4.83249096792092 10.3363650401843
8608.01 2.33785471093606 6.06109211320296 12.1456135704157
8817.63 8.29193640097382 10.2218959234225 14.7604229116005
8931.3 4.64347643530072 3.68680096687438 23.346735771227
9064.66 17.7370066049891 12.0214278527831 15.1036901004336
9380.08 22.1201867566513 10.3051931030214 22.9522559463639
10088.53 1.34417082828554 3.0624165643474 12.322895673753
10230.53 2.75128417485496 6.39366966552346 22.1576950322669
10573.94 1.44283833910708 3.5338517580871 3.0648086855108
11150.84 1.30917389490199 3.9938873133574 34.7599655099166
11265.73 1.30421257432476 4.03915754879245 10.6164977662011
11580.5 0.762393589641166 3.35588756443237 4.3396016631923
11689.59 0.799435700980899 4.23511468586482 10.1050429525803
11700.86 0.626962009994775 3.38420861076163 3.65100632107897
11860.44 0.483971335107859 3.60877744041292 1.51950606830542
11868.06 0.51556266727147 3.88535381192528 2.51248187104648
11956.38 0.621938306746349 5.32916348193102 2.61165362655083
11963.44 0.433726690114915 3.75513469653997 1.05948575686489
