4209.99 97.6325527621085 18.2275300617391 8.63703842776795
4420.16 25.7210706025494 8.05364040088588 6.92084789885848
4578.58 31.7866733553938 9.39741224610635 8.50422745990454
4676.74 20.2940010425566 3.77050360644736 9.54549601068538
4717.79 23.2815860282762 4.19364986743289 10.6271171483704
4762.48 26.3994929257494 5.01058210781349 9.85223683946606
4804.79 18.0437738419539 3.55042338635397 10.0295674130957
4978.89 56.9926004843992 11.299518311776 9.87430278868487
5016.67 14.3864907918517 3.07920931417333 12.9035208035175
5249.62 45.899005451728 14.3108422832938 10.3264810960227
5539 15.3080487838663 4.38576668912985 10.7130045113763
5988.53 7.49059968751776 3.97585322401251 10.3237264618901
6140.57 56.5187663735431 9.01553930857082 9.45833811873217
6215.94 68.2302159331888 7.83931966587308 11.937281960747
6257.07 75.3065669189563 7.7255024989694 14.7178876544776
6347.64 38.3827108337753 4.71817035698917 12.031279018508
6618.92 11.1177806904473 3.62676176538428 14.8971514426012
7146.62 35.8387458952051 3.60380811037351 13.8793709213824
7173.67 41.0843041541751 4.23291632965664 13.9620405274318
7623.29 100 15.5683399753157 14.5289099423726
7720.67 27.9162864418789 4.11629798004469 14.7863039994681
7958.34 12.436661044443 4.67657571168769 14.5427147887785
8150.58 7.73567558008189 3.581038423654 9.37974221666809
8169.72 6.72292427911837 3.07858635325773 19.9794088089675
8286.66 7.58278936570861 3.44195820752272 10.4460531515251
8410.72 7.25744087992474 3.39593768513182 15.3045853597305
8493.72 19.2645290990526 9.66317012369502 15.0521527999044
8811.65 11.5786730693144 5.06408800462663 14.4568710786789
8926.14 10.8204936405467 3.23027938237979 13.3224694219352
9057.74 48.6555408332161 12.3395379454461 14.92603163686
9373.4 74.4284928524492 13.4272262437266 15.1544971644016
9969.83 4.94421854838318 3.3218598210348 9.31260534871581
10178.11 8.91161729574848 4.45035366715659 21.8197374683259
10222.3 11.2650652617658 5.69706798224244 18.0767095924512
10509.06 4.76906923574939 3.30470401847678 12.1990863457886
11009.62 4.40701031760285 3.35485201007165 20.0991460796595
11139.81 4.1171901329996 3.10326676339146 17.1945362144579
11256.76 3.73212554776591 3.39967460473017 10.393000050708
11572.58 2.86110282279204 4.18966737053709 5.02537313991525
11786.86 3.2412194333279 7.94190310728128 10.7909272492197
11798.36 2.67126686736542 6.83144666238715 6.39184371676856
11807.92 1.43357600066861 3.79954366487702 4.32405465950069
11816.11 1.80657541572961 4.95496473019532 3.61799363218961
11843.44 1.17157863622934 3.47053951353025 1.07629793515662
11922.86 1.20274215977507 4.54350574266369 1.64599923889909
11950.1 1.83228686059159 7.64374623539423 2.58903095041205
11958.14 1.14070301091686 4.90773323992166 1.62542936267164
