4110.07 25.5659190706928 5.05553494288768 5.92917443130227
4211.45 43.1496934664294 7.96034666243463 7.90182914907928
4420.41 12.1921477892957 3.70830348572521 0.928853214820265
4583.26 9.85824545257617 3.17205039270466 1.9073535519301
4679.04 12.2245077343196 3.34453744265199 3.03657900809139
4765.83 12.1523645143551 3.16049469022443 3.15273209907809
4979.02 37.7760183226595 7.17882883251814 8.05462989108855
5014.95 24.3992672541398 4.44840809837904 7.39128451863144
5251.91 15.6847633246099 4.94050710243383 6.1387006255718
5354.06 10.5881558395489 3.41135772518471 1.18024160541609
5539.55 10.6885304180472 3.50650815305002 3.5729035795548
5816.06 15.4850858097879 5.20046067123016 3.97234532279617
5990.96 18.2494854629334 6.24710105604411 5.69164515617649
6143.61 28.1129653522008 7.09358829639707 5.92777014855164
6220.02 25.0747895864812 5.09016666369963 7.3834473245015
6258.97 57.131361692349 10.8256211606151 7.84018796663804
6281.78 16.5892621084411 3.01834478066491 10.6647399692374
6298.03 17.4951383953644 3.29039791846849 7.01819682845871
6617.27 8.98170449593817 3.79559260659358 1.9783061542912
6699.95 8.68204187621051 3.46398031255606 4.56316315893491
7105.68 8.91626472950283 3.18660009291918 4.12351368198597
7145.54 9.60024961406742 3.4219061561956 4.70959733539621
7152.06 9.78384469667919 3.48783254718395 3.1102275775238
7179.11 11.0526580662981 3.96562876634051 10.9586598238502
7226.96 7.95420224452752 3.1692522160695 2.96706236823138
7496.93 13.4556807286104 3.6944704288998 6.01137016621669
7513.29 16.5888982541031 4.19575167879808 10.1855451049114
7625.69 100 14.4998153952642 9.14228058770641
7711.34 30.4070690710965 4.34489890197937 12.4923913588564
7959.64 10.1390276499163 4.01225981144501 4.25468763781282
8137.39 5.50953145988573 3.01647984639217 2.215638673375
8293.98 7.59825277725334 3.73737513353396 2.82375849771779
8430.81 7.99161352451644 3.73501975048584 11.7816637927626
8445.38 7.07503764963074 3.2857519766138 3.90988962458141
9062.93 7.03589680316772 4.24732685751204 8.77982867058563
9376.74 11.2735432556829 5.80948042379092 9.84147574699819
9424.44 9.00918572908583 4.56861456263423 8.26791910536849
9784.99 3.83327731909312 3.2788320388122 3.9783605572029
10182.85 7.43782125457327 3.05032435281916 11.7787670080997
10225.96 23.9083362526774 10.0555864454201 13.6478140057861
10262.92 7.93344803944845 3.19766439469692 15.3740163705606
10762.89 3.43579466435953 3.00609147613479 1.7381035609269
10790.79 3.39999539187961 3.05920243051186 1.28657149274659
11479.38 2.308853188469 3.06158347833936 0.637699724811682
11539.35 2.48157978666739 3.11729163972097 1.17255277211734
11594.04 2.58819929370098 3.1019457822667 1.81236298602016
11790.17 17.3587201127043 15.6038735818262 15.2556321097909
11928.73 3.93661213603652 3.1296690640772 1.76997159529856
