4111.39 12.4024392530488 6.83050099063303 7.86518546963816
4212.54 36.3574528374318 19.764979392676 8.16807819368569
4422.15 4.65309449325457 5.55362884747233 5.47614153073664
4490.52 2.55635754040364 4.40772337505481 3.44085876740246
4583.38 8.40166918236607 9.3645094737427 7.26240811166826
4674.83 4.05685526401203 3.18845966338323 10.2910284986929
4720.1 4.81202068897543 3.76621569845338 8.27084065226791
4763.26 5.26632580117663 4.37718339693447 8.37807578581032
4964.45 9.87723531167545 4.38395475710706 7.64023402513885
4981.39 24.8212566587205 10.5130773078048 8.97536322141059
5018.51 8.31511234378333 3.49920380382985 10.6024747186757
5251.91 11.7379883129794 11.8258653021717 9.24360283592159
5538.58 4.5542743642459 4.77747541243286 10.5586544401995
5720.11 2.99047151101063 3.69180456064587 6.40283932219518
5816.34 3.11891250782141 4.15655468240231 7.86921169026391
5992.68 6.11773898967553 8.73284647552531 9.41115607907432
6144.62 16.3733174024347 5.63208745760959 10.1714068883475
6221.04 18.0572198808324 3.81263274893691 11.0768585630949
6259.55 100 18.3811860710547 10.5396707098816
6297.89 16.8452643747427 3.07889443885044 12.0758517493132
6619.37 4.08455830453438 6.25030104923236 11.8031822614239
6701.15 3.48175686935082 4.22291213667842 12.3785847849886
6810.56 3.70828152541748 4.36880608391169 14.074901570475
7151.13 8.24559311680546 6.27343708541841 13.5740686967411
7178.8 10.3375590746797 7.64305543824292 14.6157207807018
7226.65 3.98909783514778 3.14113822173139 13.7936205169708
7303.16 3.65746200913487 3.58543370961222 9.70268225377458
7512.01 6.23148407472318 4.62044655158577 13.0216158033845
7626.17 38.2583871267839 14.5065404383971 12.5643838933593
7708.93 9.12171804393182 3.2353390332014 31.5875687871294
7956.06 3.78736588251128 4.078464034685 12.6169126236873
8157.35 1.83113264131193 3.01035600936049 21.6329252123624
8430.64 2.99462699984465 3.83782204135792 21.8019193928358
8497.58 3.75593802012246 5.15980234129685 15.64629070505
9063.97 8.1194897081307 9.88917073994088 16.2279124428078
9379.2 15.6367025817071 11.7562225858645 17.7151294980267
10184.86 3.42301556871794 4.43299232070198 25.4495160403512
10228.15 6.49157894522402 8.50430786802735 27.7892223704512
10768.51 0.746973139172284 3.14011119567314 3.85274506884707
11154.45 0.685148284384351 3.0361877858564 6.05253679213274
11789.2 3.8949270912462 13.187357205369 29.4775087526759
