4210.96 82.3831868776769 17.4462120612401 7.47725738271947
4420.65 26.7152084358515 8.88458428528574 5.8017975024386
4490.9 7.76866320102447 3.55333968587071 2.30759922292236
4581.99 30.8909800742923 9.77093400184714 6.27987035967362
4678.4 19.5376345565042 3.77365768714574 7.88396531969556
4721 26.0827459635773 4.7692834296062 7.34616052607998
4761.58 29.3055362311064 5.38716209518286 7.58836798478751
4805.3 19.6034533277111 3.66707557592397 9.94414888182564
4980.47 55.6432799518114 12.0553206053936 8.39173128069069
5017.46 13.4403900458599 3.05187938128178 8.85110596192681
5251.77 41.8987393443046 14.4250014821704 7.1071743627972
5425.91 10.7079143017251 3.29619978309039 6.01905191118931
5539 12.4566415012051 3.61276780711893 6.55381410586779
5979.22 7.58486944602195 3.54021978471186 1.97685610980989
5991.53 7.84143329586033 3.55419293695605 5.92760152632036
6002.85 7.22389537354618 3.06627018219732 1.88919161115791
6142.89 38.6582876545358 7.73613051772694 8.34880126147436
6217.69 49.7363896915365 7.65985711983781 10.0754565134239
6257.8 74.9200787469187 10.5893644693632 9.13378060174637
6352.2 28.9220316419478 4.77835895770552 12.2526187954891
6616.07 10.4333271988101 3.91347629022217 9.08653232443248
7148.64 37.6702370290428 4.83903959102061 11.3063255065808
7176.94 39.5231189112043 5.04754343961788 12.7978902074592
7624.57 100 16.634967851162 11.2431111137248
7725.49 24.8951495983324 4.07620935963241 11.5390582591517
7958.01 10.850486248743 4.16584478208109 9.06428328141919
8160.81 8.93476036859001 3.50261009161472 18.3784940252335
8411.89 9.64906717603652 3.7813119456184 10.8918620419827
8496.91 15.6283157380284 6.34970638846395 13.6672179950583
8818.15 7.75338647375397 3.69223356892469 12.4656511058292
9061.2 38.0309891372066 10.6972527246 15.2725304460655
9377.09 56.1010191992271 11.7587924966286 15.3625577348557
9960.79 4.55218177168015 3.33615546323201 7.19280660579352
10186.68 7.68872216949408 4.27568634563152 16.6761225920218
10225.41 8.15529238508782 4.47921122834238 15.0983656004573
11003.76 3.66172914284072 3.16196646882131 11.549427828948
11146.65 3.53523866933126 3.08533738361832 2.82328372015945
11261.15 3.16575574417423 3.16197171473861 3.16415135581519
11581.47 2.39539992396631 3.53887079867643 3.00243106626112
11792.71 3.21503458580375 7.16125461193157 6.02335664577913
11799.14 2.22801914255912 5.04902306522934 4.5746925298572
11815.33 1.73199795970347 4.11143647725801 2.40625427580562
11826.84 1.40996972643411 3.44239848150531 1.50369787403906
11835.04 1.41495518118068 3.51614112318612 1.10118277358742
11841.29 1.4163390226596 3.56803188136543 1.49913539925001
11932.26 1.09668894116609 3.45346227956073 1.14433818187536
11949.32 1.41267258190345 4.66819665130542 1.13848850372597
11956.57 1.36510445059915 4.60721747027253 1.099494047392
11966.58 1.54614938466738 5.37689189303609 1.46837159028837
