4016.62 8.16499506598126 3.12443411405949 2.45786236735421
4211.21 100 23.687605474103 7.04032944103437
4251.28 15.6102741705913 3.71754870247425 2.66347937639785
4388.76 11.5688406856131 3.52588734227741 2.57475753568997
4420.53 26.545445232536 9.36184834900254 5.93563674693814
4490.65 7.38335238579933 3.89139737956444 1.61775464404127
4581.49 35.579859937922 11.9420620110623 6.01101666234172
4676.74 22.3889503573937 4.50090417284212 6.25166143021306
4718.56 26.2084422750549 5.03814990974028 6.75238203168556
4761.84 27.181069272179 5.47698602867861 8.18162236571243
4803.49 19.1775397471342 4.1163489917363 7.04959492029866
4979.29 57.0670405081284 13.1297278827872 8.09706891317092
5015.61 15.2162945745234 3.64709925107409 8.98520010573066
5251.5 43.2059361365298 15.0293423330665 8.17331914914303
5469.34 9.59556905558662 3.03837764678208 6.4754957510786
5539.69 12.3932124976814 4.16936120747153 10.4358054407867
5555.58 9.58763268505541 3.21647141115068 2.25750732150664
5979.8 5.68230863672338 3.13573654021448 1.65235065204797
5987.81 6.20356472586387 3.39418522960494 3.44078605934828
6142.6 52.0937053195431 9.45927522889718 8.13986379599828
6217.54 61.5696324657365 8.54575643498755 9.38429507714318
6258.38 95.5788691037923 12.3100972670179 8.88574677935867
6351.61 31.2770304287634 4.95134995513203 9.75531531683646
6614.72 8.2184020452623 4.01536292385938 7.43001285901846
6755.07 8.22675409896489 3.72505919573007 4.72468551378824
7148.49 37.7091000635407 6.66361555450526 10.3231520722311
7177.25 41.5923709802296 7.26006388467194 10.90292186018
7224.46 15.780004722103 3.01791569125423 13.6334488421317
7625.05 87.8198250319841 22.120453041635 9.6029349704495
7664.93 14.3964762316958 3.38513213794606 8.7784676298761
7724.05 22.1833784388366 5.0260857142578 11.1614548502212
7956.06 9.26600056322303 4.16689664791665 5.31399221269658
8169.56 6.4438480134344 3.315333603345 19.5578173559616
8296.3 5.8749683003138 3.05687812959056 9.30159657879631
8412.06 5.74159895806104 3.0704452875897 9.04307415145195
8427.29 6.22455521383109 3.34619404648961 8.74860751706001
8495.23 18.6420869203874 10.5050920650199 10.590633325899
8818.15 9.17234296457915 4.92890375213955 10.9843398810608
9001.06 12.0361995291439 3.60007752357603 9.28945295715857
9060.68 45.2233723932812 13.8075836576839 11.2533878002814
9376.92 67.2446771328371 15.9424372568443 11.7406865676676
9418.8 16.2107191894312 3.4515786598048 16.8826617141349
10182.49 7.01238179252412 4.12573822257749 13.0365368937801
10225.77 8.8909410863672 5.34202784241548 14.0843324096804
10998.09 2.67271983794443 3.13869408568527 2.86286661663689
11013.78 2.92911637261061 3.43433340671279 2.68071133142621
11145.51 2.9429451932857 3.34102891656211 3.14522550330548
11259.43 2.90763343639507 3.63506663679383 10.2402052807829
11573.93 1.69677033832949 3.02537342522617 4.04675926095297
11689.79 1.70821988440063 3.39515628126687 2.13284565227514
11788.03 2.75296115563841 6.09532217546131 5.69889387161675
11800.5 2.5926365010912 5.82394496275322 3.32246748543548
11809.67 1.65601070584494 3.76008124932841 2.13753383428411
11821.57 1.64264470615469 3.78126529303159 0.635051863258923
11953.63 2.14821130436678 5.60796654118265 2.45004213681386
11962.85 1.59542883541345 4.20426171249465 1.25314829634408
