4194.33 79.2635478032366 18.0843299688473 7.84760570883645
4209.99 100 21.4549074954695 8.08365711370516
4351.05 18.0358277599094 4.73042650741439 8.21674827834704
4363.89 13.7004679091682 3.83895549452847 7.31241121388848
4456.65 6.84358470311279 4.11150813723408 3.5400924415344
4590.46 16.7193803419426 4.29144997517782 8.13085786999181
4631.41 37.5828944570428 7.22525428951986 7.97000169985949
4675.21 42.1272848250113 8.13815894663434 7.50932724232734
4718.82 20.2034950031916 4.07341482849401 9.09404543814708
4760.17 12.6289300908674 3.13317149367561 9.52384695226556
4843.5 8.60760608920399 3.4843885872941 8.18605820036464
4945.96 19.6829508394678 7.4322338512755 8.25752191385982
4977.71 28.6171641623229 10.1043026613023 8.55978747964309
5059.08 19.6496452001503 7.7826510899456 8.19895084513155
5249.48 91.2061471847347 27.9721061696756 9.34819332159168
5599.76 4.6390857511576 3.00723308971472 5.26743204032664
5611.42 5.85724066141233 3.95979509992697 8.49329944166584
5764.76 3.18311326026013 3.27901055292149 1.38557860939272
5802.51 6.57233912931565 7.9341029902985 10.6763136697455
5814.5 2.81521045561065 3.43706789507837 2.81736842178452
5926.98 4.93980749935492 3.60597028248987 7.79085549228876
6000.41 53.1246933111521 20.0942482223028 9.79660659424644
6113.23 50.5311814895424 8.07580513447049 9.74923908299661
6141.58 28.9471861572915 3.97319364202276 10.3117189290188
6216.38 48.9528204503167 5.99524135077866 10.7572243787126
6332.8 48.2056507497245 8.20397053964758 10.9405065670526
6551.76 5.50185585675834 3.39670807140828 2.83654954154463
6565.95 29.6796775845176 18.9089761746295 10.7778566786419
6790.98 17.3107401686344 9.14444850740111 11.2754830494896
7146 12.8829374010836 3.63873204461923 14.8175254487205
7189.7 26.0748844084762 6.97184125934141 14.9008408548043
7333.3 9.6456787026766 3.5194459261603 11.4315533037689
7584.15 94.9548210718412 19.8939699467947 11.5944788104007
7622.33 43.9282650516981 7.71434693202183 11.6335265029011
7736.28 25.6860601296489 5.2229006172514 15.2487601644279
7833.99 18.3756243545852 5.74355812241045 11.2570432272341
8081.12 6.28703692529339 3.95870372519883 11.7070292426451
8307.45 4.66013206351118 4.29388037295974 16.0900509951625
8563.93 2.34544868634576 3.09378744430298 10.5112779592437
8782.28 5.63444235343261 4.82742051881989 16.4793471590674
8816.95 6.43783675502068 4.92209489257292 17.0130162531168
8902.26 7.42020086563271 4.71845220243751 17.2868141953568
9059.47 7.96875900939216 4.75566641063312 13.119601318529
9131.24 8.59888746476031 5.36479014544166 13.2882010860394
9374.46 15.3453519846173 5.727686458531 14.4386990969033
9457.76 16.844798869059 5.96004846081342 16.7522021949499
9853.92 4.9126838220664 4.79830820303796 14.0672652553367
9893.15 11.1295675853926 11.1080990441393 15.6181273142283
10220.84 4.33900633927004 4.9151938340684 30.9894312967062
10447.51 2.82601888663362 4.11115360607013 12.6873501050013
10513.69 3.26048226893512 5.33848294405415 14.8405837237842
10852.3 1.43919588828212 3.28108125580984 10.0818861504977
11106.96 2.2468195241722 6.01624745743138 13.1117190605419
11395.74 1.24097390077093 3.35263192257402 3.63200081257492
11569.87 1.11352679503053 3.63015359484496 1.95327976415319
11743.63 0.66068472161785 3.22678045907646 1.11870855126654
11753.94 0.62841237710557 3.17533999365272 1.3071029712064
11763.68 0.850340950534067 4.53913199724309 2.37881734353687
11824.5 0.751115145436088 5.06644832993945 2.07383939999272
11858.48 0.443592306395631 3.19861065791312 0.895019157094794
11922.46 0.605086913128076 5.29994505770837 0.800860266212112
11943.43 0.833329911367898 7.84227764138582 1.92850390704007
11950.3 0.808262357599003 7.7764144753182 5.13051757140238
11959.12 0.611444508322487 6.03735343195563 3.90745400902051
11969.91 0.390145925890054 3.97052597364908 1.77583344094273
