4195.55 98.4556203605646 21.9562652309153 8.58608175609061
4211.09 78.3244885651699 17.1375601764922 9.16297261256022
4351.42 22.9282486152644 5.84666013657224 10.1663580751701
4366.74 17.1800094416507 4.68042922591571 9.51877273710306
4457.65 14.3551188679718 7.46442056787785 5.94739947750713
4490.15 5.93551092724886 3.68989304581803 4.82795595882271
4630.52 23.3994270976001 5.39989252163881 16.1575342550568
4674.32 19.6081263606518 4.67528333506697 8.34474451781171
4847.26 10.1998115651541 4.4807424190917 7.27909425436155
4944.39 22.6233665708811 6.83023953537657 9.87012226072147
4979.94 28.8581592844854 7.7695984631723 9.62901557095483
5060.14 12.1112218346539 3.72415641755015 8.30851347233965
5251.77 100 31.5057460199525 11.2834554178744
5614.76 7.05681258700207 3.58370436550821 9.95779483285969
5806.6 6.00368190253386 7.32800584032781 9.10741805203543
5931.11 7.03479898439627 3.94494142226964 9.51618297067762
6002.28 80.0760212626163 22.8035665426096 11.3349025578891
6113.8 75.1732825734622 9.94290634270629 11.5452122906472
6143.18 29.4600023462475 3.37237207969899 11.7588909446886
6217.4 56.2947993811334 6.14222945365745 12.0670761724205
6334.42 69.396718460266 11.615216885034 13.2164341896269
6568.78 34.809174489669 17.3488833464891 12.419989493078
6793.41 21.590225820959 8.58929332064189 14.7279425413572
7149.73 14.1709844576473 3.3957406124351 15.5515116804463
7193.44 37.6954947606569 8.49881228313002 28.0458533274877
7585.1 58.9524803317019 13.2611003556298 15.0229181083878
7624.25 37.8566913497465 7.11905869642223 14.9974970956373
7737.41 42.4980156506835 7.87736602488601 17.5314309483329
7836.09 19.9087307838341 4.69021654500154 16.2037535421514
8080.96 8.05365288942627 3.14261711166831 15.0891958585635
8307.28 6.06062269180543 4.65601018103144 18.1495901121234
8495.23 2.83872979599095 3.55421013805991 17.8466908564988
8787.91 9.16164075983355 4.14994378683855 20.6435727783191
8816.61 9.95741552139519 3.86142513765842 20.16523681338
8905.53 12.5538362353155 3.64811797968625 21.1050016489535
9060.85 11.9119246780865 3.28341908700782 18.803614962022
9135.59 20.877223036407 6.61361983754344 18.7400314686529
9376.92 16.6339117701579 3.88933186505126 19.4828762281995
9460.94 33.2757840313352 7.51174928445411 23.0401233006596
9857.7 6.31264556692775 5.06993211730328 23.0796880099824
9896.39 12.8638331320041 10.3934372834764 23.1329306577372
10096.34 4.30562584764188 3.15590698602989 21.5592641979583
10236.2 7.55143927755858 5.81415008344617 36.6539840234473
10448.99 4.62572157401232 4.6851281562186 21.1421157030309
10513.88 3.59309098348929 4.11758300339892 25.1439863931082
11110.76 3.22838687267588 6.65022467619797 23.059766104514
11332.85 1.76831760878745 3.45401075992838 17.6651097403283
11396.7 1.75078413023267 3.56403377771046 13.6079344260161
11686.68 0.932631290777055 3.1699519610642 11.4074551188096
11701.05 0.874654269595417 3.0902073923279 10.494017266672
11925.21 0.611035323689379 4.0413334349751 2.20926622664956
11935 0.750937769105781 5.08745916249444 2.82556155047314
11950.1 1.29331253471389 9.10202592495433 14.8626343864707
11966.19 0.517224821649634 3.79242708919163 2.22068283892258
