4195.18 70.4555321412631 17.6724859302266 8.47279933496338
4209.87 100 24.0825120207832 8.6359238055893
4351.3 12.1614024371987 3.91923167538661 8.95628011744975
4365.25 9.38531795907929 3.24624513058823 9.12446152285975
4420.78 6.73178425853477 3.5345825900957 6.45137775313651
4591.22 12.8619179674335 4.08922840516643 8.38659400401593
4633.32 26.6653875516166 6.70223303329322 9.02218750251177
4676.23 25.9216930555363 6.53756480289056 8.66521545904834
4719.07 13.7000411987783 3.58645134098597 9.00987036677998
4762.48 10.3536228141003 3.38338122565688 10.2454199843696
4945.44 16.4523735009083 6.57058356997091 8.47107055701235
4978.23 29.5608786363384 10.5709039384839 9.82751479992839
5058.81 15.6379004959979 6.23012177984549 8.86007670696745
5249.62 71.7620435745038 28.2336062985184 10.6241343607135
5614.34 5.39296850322912 4.14926976774037 8.52820247490581
5804.2 5.4761686044184 8.83339697194127 10.9607630684941
5929.4 5.77542263285244 4.59488958627212 8.84710048574289
6000.27 40.0377179608297 15.0482656241286 11.3415429267716
6112.65 34.9533079282746 5.34113935707934 11.0806164209871
6141.29 30.7981879584965 4.07269384219833 10.9346425685717
6217.4 45.5307192852818 5.33382235751639 11.7261203858043
6333.39 36.5848506260568 6.11848646544147 13.1165821432642
6566.84 20.3452310045721 13.4156801989437 12.7388979428151
6790.53 14.4564825834495 6.98722392716718 13.2353793928005
7146.47 15.4606599981066 3.62387708490636 15.8762038997138
7189.23 24.9407427667179 5.59673600356895 28.9742604990624
7334.25 9.88661946539917 3.41826624143222 13.886815382778
7582.87 78.1374793308668 12.5057593467369 14.5675206101405
7622.17 39.7515791505074 5.19815641551836 15.1835273243914
7736.92 22.6857351711186 3.48049433960894 25.7152054445796
8492.04 3.42337402666038 4.46371562672961 15.5854334844371
8559.04 2.28646524559023 3.0833180507228 13.3032108451844
8812.34 7.72109623246823 4.53686998034302 18.7532485387346
9058.08 11.6337305959936 4.50688878912409 16.3725662488014
9375.16 17.3291754418642 5.5553052848545 16.4492955336773
9455.47 13.5398168706978 4.0709126875051 25.5720742512531
9855.9 3.34691011329317 3.23112162324261 19.0557657846293
9893.87 6.48670886635996 6.47749871407492 23.8884082997683
10221.57 4.44305119421934 4.72894641887376 30.7098661567725
10510.73 2.96705474618181 4.14017467094274 24.0928776899382
11105.44 1.99169872587678 4.68473267964684 18.0041820732131
11762.7 0.667804975411105 3.28964827146617 4.25294343423957
11854.77 0.475107108003224 3.19940256139708 1.5423801576253
11947.55 0.766686665965459 6.76856949081165 3.46546796699295
11954.22 0.708674451873467 6.38780633500008 5.43435501843305
11964.81 0.344093846935186 3.18622853304002 2.31620014958389
