4195.18 100 33.3021305540073 6.97186188205251
4210.36 52.2670062886695 16.534087847934 7.21955361060009
4351.92 13.2013891925438 8.52797506404058 7.06048055063548
4367.35 6.53353597810598 4.93948710000749 5.58990365994123
4457.15 4.09753453167498 4.03370884647306 5.01037144262864
4546.79 14.222506601987 3.65470005989521 6.44005415167703
4589.71 38.440088576343 6.88078674619564 7.50519573991005
4632.81 61.6198140473937 8.59188381196391 7.97840724189518
4676.11 56.0090806790916 7.95608807624917 8.30058726135394
4718.18 31.9009176178493 4.92674468389875 8.65035685741896
4761.33 16.178584782583 3.24970255130998 9.03236797336012
4845.58 11.1714229602735 5.23643226744026 6.33483650183916
4945.44 43.9601194726673 25.9824431641935 7.113749588465
4980.21 19.6839239491054 10.9160840986049 9.28597000426453
5058.15 5.38667295990935 3.5409885049525 6.8655475396472
5076.04 5.59123191312751 3.84575354576429 8.30774137559638
5250.83 64.8523327722972 27.3514730695309 8.50172299600581
5297.12 9.07534136746277 3.35664407037021 14.5705229258947
5339.67 8.66916635127609 3.41896878254784 8.75389556957543
5383.46 9.77679934130444 4.39404883087144 9.2243058179738
5426.32 8.88727436234038 4.61378347744972 8.3792503063305
5467.42 6.13841154826553 3.68635562724767 8.43523448712131
5614.06 6.15905673014376 7.27625087122201 6.81196650693073
5701.63 1.84712734086584 3.93943770030969 2.35242535401267
5717.03 1.66696189517126 4.14589905338015 6.99240066025595
5806.88 2.48274269424106 10.6220931514209 11.8631615806407
5827.5 1.32952248196298 4.20312647926697 1.15133959928335
5929.54 4.70127940205451 4.14923136894673 7.44566547562863
6001.42 68.9854407677067 29.7576006304169 8.4730779001211
6114.09 56.008683358928 12.1832706749656 8.35015763195315
6141.58 22.5519364753513 4.41625134587017 8.32859269231449
6217.54 41.455629388371 8.17924945422775 9.09778273231495
6333.09 34.9679670780172 11.9055559358275 9.74713543899361
6351.91 8.01892367080011 3.17105534347558 11.4561438484534
6567.14 34.3880902558133 30.8094798027527 8.98694961557248
6605.73 4.75178116272902 3.84430372281374 10.5738255197266
6791.89 17.7961979312279 15.307395742266 9.17385621540598
7111.41 8.52066932413546 3.85054004493917 14.0909819231365
7153.61 7.76360214454692 3.30343326567526 13.4500415981847
7175.69 7.74653723720085 3.2026711026422 12.0894483364473
7190.95 11.2530431968351 4.92990231683387 12.1305216265291
7290.77 6.0451966824344 3.6488770703164 9.39673593163479
7583.99 32.7930821937201 16.9210044781776 9.98780757301211
7623.45 27.5139834295018 11.4833001053851 9.5945564199219
7738.21 33.9666449722012 12.3069707135463 10.8809801911784
7836.09 21.359100661967 9.46898645506971 10.1827034664293
8018.97 3.75585786212866 3.06387342703628 10.0159550800363
8081.45 7.81632201633895 8.70516770294856 10.7849614806055
8307.28 2.09311062503735 3.86461598358649 14.457760019719
8786.04 2.38228102446939 4.19114844983342 15.0935426770848
8815.24 1.97922696979662 3.24982764803331 11.0166999463127
8903.81 5.5027473510766 7.90016759440356 12.180352599722
8930.78 3.01675394407249 4.21168891175619 17.9523637085167
9062.24 3.60810293798811 4.70029066339548 11.935752791449
9133.85 7.24982559366488 9.39041454192142 12.2316542336775
9172.45 3.52597707528252 4.11054664211192 12.0534015917874
9375.69 7.58327069816197 5.23458565506421 11.5065020960101
9420.56 6.29649642645258 3.87445039968688 14.0189829653136
9459 12.3047045881485 8.02207544518425 13.7120168882884
9857.34 7.4310227019154 9.06217008294743 12.6532914463078
9894.77 15.8640106562596 19.43083069531 12.4494941034663
10181.21 2.26830484874207 3.33189454918536 11.3653869225527
10219.01 4.27917726692739 6.79474049400804 15.3007196743438
10365.33 1.92834237146402 3.6508520617315 11.7863423785438
10513.51 2.86003929372981 7.49622614223497 12.7272389646041
11105.06 0.886297819872819 4.35531996734058 8.42202317622832
11392.28 0.721219462015549 3.79777873146848 1.40840482143176
11401.31 0.795928257950189 4.23117628383487 5.1315233232981
11573.93 0.762197598834298 5.13656145082213 5.03863571359216
11766.99 0.587201695938707 5.60906761603321 1.50960756788481
11798.16 0.322300689545615 3.25797279841044 1.2440372443416
11818.65 0.340458531765168 3.58871370966637 1.63617876925491
11842.46 0.359366055521223 3.82920668832702 1.08406373905746
11881.94 0.290548121629689 3.13859692143404 0.904865489330405
11954.81 1.06746318246761 11.8509953416742 12.9307424369945
11963.63 0.323927178156356 3.60617271969375 3.34494685419668
