4196.76 30.1197543164523 14.3854361322558 8.56729925727996
4211.21 53.8229549822768 24.6686352193356 8.51152814645866
4352.53 6.20291803346915 4.9546072068196 7.06063955105765
4367.35 5.10274966348939 4.64262770218988 8.58853304187141
4489.15 2.63705899611459 6.65015047416127 3.94972716009579
4492.9 1.81134660698751 4.6261829944543 1.47730291200787
4592.24 5.65731648643429 4.43529505802545 7.66169674815501
4634.84 10.7038570784135 6.53318744875933 8.58792860004087
4679.04 10.6375853635956 6.00855222492054 8.95550723152246
4718.18 6.32631631676452 3.46154822101119 8.80615741092697
4766.6 6.10998767420305 3.78751691101021 9.52771540533922
4847.78 5.25774922821857 3.47038190809667 5.96153179854082
4945.7 30.1552623867506 13.7385890466623 8.51248504138312
4980.07 16.9178495170054 7.20229508881826 11.2148972896375
5060 13.5676842368581 7.44020084302195 9.64777264193253
5251.5 18.8513132545923 16.7491393972054 10.019755347128
5615.31 4.61231686620586 6.58009298058787 10.4149616793993
5806.46 3.25233822615229 6.53314951800418 10.7932246911269
5824.25 1.60493688368862 3.30259368439124 3.36994344079903
5828.49 1.50256197549226 3.10678091844528 1.21282763054478
6002.42 18.0352960103634 11.2312424240121 10.809876323834
6114.67 15.6326381098561 3.67747869958722 10.6885649985907
6142.74 16.3670536202622 3.35343054722924 11.0493540178522
6188.59 21.6619237186906 4.0392359706342 20.8957181064943
6217.4 29.7764549295934 5.79864392716113 12.9807551826525
6333.39 16.2692225632157 5.15571074413151 14.1579099464798
6567.29 21.522559880968 28.1923491365951 12.6057831878961
6586.87 2.8403817446175 3.32919699358046 4.04900714886207
6606.18 6.12694177602808 7.06416280953499 12.5464958379162
6791.13 12.3018872458414 12.0462825219729 12.8332980254672
7291.4 15.2110549535575 12.3817608052121 14.4658189926613
7334.56 11.9037852353772 9.64616227843732 15.1422992941953
7584.63 100 17.1837373032774 16.5283816731044
7623.45 38.9197536238865 5.44974501716782 17.0331770817438
7837.07 12.9427402751272 3.89658633543853 15.7777193424126
8080.63 4.37555057661601 4.00524566980028 14.732872312662
8134.92 3.67100242197176 3.38291908549207 14.9539138128084
8313.27 3.78987260504661 3.80116897014248 18.0755111278177
8933.02 1.38272739255211 3.50896740689923 23.6378828692013
9420.38 4.35313484165341 5.23281982103488 22.8964928026471
9858.6 4.02742740404431 4.21982988909881 22.530654029104
9896.75 7.46185114647571 7.91458340489879 23.2100996859917
10223.03 1.98628622308388 3.30343009760958 20.0808937994316
10519.8 1.87839085598752 5.2205755487612 15.3302527707328
10855.12 1.04493252549955 4.29066569651276 11.9486900483207
10861.32 0.927359658980568 3.73325900852474 6.09451113643263
11431.66 0.573753249989481 3.02643360360132 4.03581833929456
11438.2 0.579626411986449 3.07434009777146 4.66897446832991
11574.51 0.520460578532041 3.25936337794087 2.36312796754464
11768.54 0.814585356151325 9.31595189250263 13.4105692842259
11784.13 0.355158605528171 4.27806666066172 4.14997238068463
11805.97 0.349803656270297 4.74127103379115 1.84843897579958
11817.67 0.240399783178837 3.45089831672358 0.804385798048315
11826.84 0.2353674517998 3.50163147556414 1.24262664074558
11939.51 0.285644526870865 6.64383170430621 1.37058817595425
11945.79 0.293713773104936 7.04803302168464 2.16910663318049
11952.45 0.522332074732072 13.0270211496818 2.83558241229912
11961.48 0.482103887622656 12.5966776660816 4.24917362205088
11968.54 0.199159436861404 5.36504091501501 0.461128268105313
11975.21 0.160048955026129 4.46672448933942 1.67929100881884
11990.13 0.201132352454141 6.16763149229325 1.01619013556956
