4197 61.6854055018602 9.39726488804798 8.4369705792169
4212.18 100 14.3275021130063 8.78218014806589
4352.29 10.6917433557723 3.41766849963709 9.44689266114892
4367.11 9.03528611476846 3.433003819926 9.41119024459022
4419.54 4.27292060314577 3.18197046844436 3.04529102261949
4490.9 5.53853345342432 6.33810279887475 5.38534383697242
4590.72 13.1012969261763 3.59596244318073 8.50943423126773
4632.43 29.3871094388816 5.81455386722271 8.42531760793554
4675.98 33.427705516074 6.11822214224726 8.36896066153076
4716.77 20.6648220670699 3.67011749906403 9.99041955487155
4947.4 26.6721246622302 8.28320041371365 8.15165591568257
4981.26 23.8804109311439 7.0831083702862 11.4518925634893
5060.4 15.214704360192 5.40602198016266 9.24015718587361
5080.68 8.80900131742866 3.36343435149799 13.1343776931362
5252.31 42.1286896248522 20.1709203370047 10.1426540345019
5291.31 9.20311843072962 3.71139700164061 11.2949299098846
5427.14 6.14759621254916 3.00490207526055 4.22579518498969
5614.9 7.07937024442741 6.01780366862011 8.70193436636146
5804.9 3.41246923709815 3.68399905815932 10.5506644899888
5813.66 3.52063242518114 3.80673948665714 3.984320444687
5931.68 8.43324989495426 5.60932356739767 9.10094879019471
6003.85 32.1147500625882 11.2704977552698 10.2195249061169
6114.96 26.2647235614811 3.81019407271113 10.1196271459221
6144.77 26.7223475473296 3.31593646474122 10.8694815778508
6219.73 41.3488959953102 4.74589758561196 12.4707487658334
6335.74 27.0430781973609 4.64438627185211 12.690293717701
6569.53 25.3422692783226 15.7541682449258 12.6554331973139
6609.03 8.4767560367887 5.02371412179257 13.030033803635
6793.86 14.1539195897493 8.13987555993091 12.0877957049552
7152.22 9.55468431238327 3.12525038700604 14.0257558692638
7191.72 13.3835076426096 4.10362593466494 28.3242133703006
7335.03 12.4944972817248 4.69017752192393 14.2404483944383
7587.18 78.1779097642319 13.3810994425223 14.074050584436
7626.17 41.8754591664465 5.93156014005913 14.4901951898291
7739.02 19.742887200662 3.07488164404656 23.5653780023058
7839.5 12.3990965438677 3.1540446738995 13.9809204560734
8084.57 6.44348129793473 4.54732835908049 13.5047630443514
8314.27 3.56642987605089 3.56093000727355 8.15487475733971
9062.06 5.23116681364873 3.89292790768483 15.7476278955692
9137.32 4.29876869555825 3.31627612289968 16.0058423733626
9379.03 7.84773061527449 3.53091063392395 17.5594497008224
9461.12 7.43301789210426 3.12860118369099 25.8840380846032
9861.47 3.35535970554853 3.14724106259274 16.2953011185273
9898.37 5.79699969891249 5.68528415815315 22.2510270532603
10224.13 3.25425228885541 4.02292201169125 22.841268457576
10517.39 2.45558911860457 3.73852041009848 19.2892540533667
10531.1 2.17850610707856 3.30562108447138 7.9381307564945
11145.13 1.3051310406648 3.14688271204833 2.05100685204525
11401.88 1.19804365062581 3.04650062503832 2.60914649633378
11947.16 0.657881996776796 5.27074639173961 1.5038130203302
11958.53 0.958681282825789 8.023873692234 2.68434256023829
11972.27 0.392009726024506 3.35565074717979 0.843481724206868
