4210.72 34.3210955916169 13.6913376082839 7.25945934421998
4354.63 5.9345145591029 3.42158305523338 6.40346169081477
4420.9 17.9150408788081 12.5390265111581 5.62598470436205
4490.65 4.306472866367 4.01274985857846 6.85790685722441
4582.24 16.8848162395422 10.8213156870734 6.59667007134158
4677 9.56927355966348 4.17950434580995 9.18596056027309
4718.95 12.2524695697607 5.25522269780836 7.25660930081085
4762.74 13.1695136085452 5.8913871086818 7.3650425834785
4804.79 8.14461270938321 3.66366879230212 7.85500081859118
4980.21 32.9320702639846 13.5108119989901 8.1943698273144
5016.67 8.7623677776625 3.67008655220543 8.92054216701763
5251.91 20.0847166838889 16.9815531646408 8.08621012439835
5716.19 4.0078479464138 3.32368387899352 7.2094829290636
5815.35 3.11050750568435 3.16066362237743 6.3702662452497
6143.32 15.0445453005654 8.28994797491284 8.35654760886337
6218.56 21.4244394322458 8.62720928761581 9.49311591201786
6257.36 29.8083833390125 10.7103060706389 9.40539975448519
6351.47 13.9089881077402 5.65723011078951 10.8344550454958
6616.37 5.49562395911708 6.62904516832061 8.23336722757085
6666.52 2.90068152537761 3.19341455548807 17.1041546086326
6756.59 3.75793270441873 4.21966370424996 9.10213569527241
6790.37 2.84284642849481 3.257047482268 6.17117077660987
7177.56 19.1410501738427 5.0148630518835 12.2420583163203
7625.53 100 21.6366722843328 11.1923704553828
7725.82 16.2596500729798 3.40599030380884 12.6043673390759
7956.06 8.50154134572634 6.55492859022137 10.8776072713299
8135.58 3.99948089092256 4.05220326515932 12.1638907262641
8168.4 3.13654178209164 3.14355680621701 13.1046299407262
8431.64 3.11801175899296 3.54378818881671 22.4833092233657
8496.74 4.92033191198328 6.1691610087533 14.4597381725653
9062.24 23.4326154547979 14.5903424444301 15.6698533371691
9378.85 27.7871740474953 12.2914616822994 15.831179086641
9958.81 1.63252929389314 3.20722221127292 16.6086273314413
10185.59 4.2665041849328 4.69752728912243 15.8786055038854
10226.5 5.16542093341944 5.60181108363351 19.0386959791176
10515.17 3.62110283439114 6.07837331562843 18.1352322005732
11006.22 1.07091218894318 3.25647848884471 1.94912161093816
11265.35 0.870064698688986 3.13010685471554 9.89329786615963
11576.25 1.21110655850826 4.44846412674202 12.7701119989906
11786.86 2.858785287512 9.22825113917376 24.768530224128
