4111.75 26.6628779764751 10.9981591668041 6.87781632579845
4148.84 8.82994741168786 3.2257767881495 2.61128162254226
4212.79 65.6336008979409 24.3083099848108 7.15958963904814
4355.62 7.68116960368227 3.69844454800226 7.05330826097634
4422.27 13.1312907646383 8.90116610899098 5.37762665685113
4583.26 19.8886129246821 14.6469027483651 6.45082140975228
4982.18 43.1140459894553 12.9054638036844 8.2772218432001
5017.59 11.8848381443923 3.49419208487012 9.74000440210057
5042.41 10.8133122173 3.37707028450268 7.93542201484161
5253.12 27.5057741493438 18.8840693998761 8.45212846386858
5540.93 6.5396045996744 4.02223537057803 10.8668461196175
5557.37 5.11056152298565 3.12305392739419 3.09264760453698
5821.71 3.30439516994898 3.00443144999251 9.06065479104291
5991.82 15.534836442689 12.4879444308112 8.41481328525151
6145.35 33.0184789708606 8.46059619019971 8.33762606253185
6220.6 38.4281853631166 6.99054870919139 9.53428222064758
6259.41 100 16.2729309991134 9.49528771962196
6354.41 19.2388182127472 3.5073965503226 10.6480179905702
6506.78 10.6973717726863 6.11757428142216 8.42762100821074
6620.57 6.57098755531991 4.91530444550755 9.5848411195193
6701.3 8.02158456685274 5.61418610216949 10.6763752080387
7150.51 15.2072336562908 4.16406770433715 13.6350667589786
7179.43 25.2663638684952 7.02609024544009 12.7035127992922
7303.79 7.59130183123158 3.56046692072036 8.71092999869143
7627.29 74.6313458641585 18.1280176505594 11.4526075988069
7727.91 17.8525801660937 4.25079791589892 11.9638115326816
7958.83 4.92687485906927 3.97990851501053 13.0044985955201
8162.3 3.17822067970509 3.09743815761551 19.6604551816945
8297.47 4.34762712579284 3.71882406737266 12.7112692421742
8432.65 3.72156549363644 3.30220046587486 16.7247941243731
8498.09 8.82810694135814 8.88752952883286 15.9107526827192
8748.7 2.61487726531896 3.6435349211044 14.5121450734732
8817.63 5.38826490543971 5.09683631269468 16.3164192883523
8934.4 6.27383534215514 3.88546015337726 11.6369258382947
9064.31 20.0214337811019 10.5064121016319 15.5521082566647
9380.43 31.7834646215713 12.2769629940344 16.1699156623181
9419.86 9.00939401092785 3.149369407627 28.1269863416092
10186.5 4.05048797174629 3.72514551435486 20.3357945277476
10228.52 6.69516841796291 6.31821527942343 23.3221334505397
10516.1 2.38985572774854 3.76079891618065 13.6105222372498
11262.29 1.42046592377937 3.50691527721165 5.89054913039035
11792.12 3.4037844715183 11.8978738933581 22.0284851292363
