4214 38.2986772159941 7.75796703805374 9.28319085920521
4355.86 11.1500322515348 3.19242020505 4.64545161746264
4423.64 17.8345024970588 6.65041747411241 6.70804449066054
4495.16 7.8676932507051 4.49188041995411 5.35565378866158
4584.77 22.4235159504969 6.38016077808124 5.92128071846128
4635.35 20.1393922550699 3.70538929889703 7.73239697484223
4678.66 42.0644139299244 6.45030832786816 7.51737246475477
4722.79 50.9017250598089 7.28921868411778 7.43262938405951
4764.42 48.7898819565013 7.21332625376854 7.73822518778888
4806.98 31.2253088060882 4.93720034936178 8.72957548633894
4982.97 33.2587177160909 6.99615251473815 8.15004802649582
5020.23 16.3879343233742 3.79351885915438 7.75128794053308
5253.25 17.8658818054115 8.57122402070994 9.02151703253639
5268.62 7.20250863934539 3.35823394893283 2.69384541385989
5430.83 9.85020332875916 3.2627169684671 5.75657650454195
5474.56 10.7984112372507 3.34646479487949 6.5741440247748
5819.87 8.33657254954183 3.62667756396412 5.57397043436777
5952.79 6.7957733460996 3.2927554027735 5.29570890797822
5994.54 7.35908288462392 3.69891648102066 5.20107795274362
6144.91 14.2544233336688 3.89857781161913 8.52625736298796
6221.77 23.4755236358913 4.36262841613307 11.2128952161602
6262.04 81.1316104414393 13.4018106920495 10.6043330974135
6354.12 18.4887101787359 3.14797881704504 12.295205157252
6620.27 11.7183660378396 5.747887333251 11.3188222591043
7629.85 100 14.8207886154626 13.578102696325
7961.44 13.280928165651 5.5670606790164 14.2881281734908
8138.55 8.75664443910551 4.68164821991023 13.3789859001936
8171.71 5.84986661093342 3.06707681354037 9.33705771786208
8440.02 8.11841463974261 4.91568190525013 12.6591273023914
8501.12 9.02424861427604 5.94647231099664 17.8787801204217
9066.56 25.3751045710415 10.0262162132699 19.8894920221501
9380.79 32.4427352852752 9.69561875712492 18.1075281473113
9966.21 4.03612992691651 3.80396827755775 7.72045514114507
10184.86 5.77668202021728 3.29833794139303 20.2219536310949
10227.6 10.1831915473695 5.68799018806187 23.0473108529131
10522.58 4.32134777097124 3.36690499861831 17.6002728970961
10992.61 2.76250455803139 3.63834367636916 4.2323448199204
11016.61 3.07797061891987 4.11193853277684 9.41347183926882
11030.42 2.38386140740213 3.11432058601822 4.01479470483173
11583.98 1.95512798412438 3.73838406098609 3.36693072586422
11602.17 1.64067229206584 3.10323077608651 7.62062831178991
11610.3 1.69602911847163 3.19447688635246 1.80179928749021
11794.85 7.84683803615246 12.7566952022545 25.3123875565434
