4110.31 29.3930318194169 6.65869879660037 8.24020424588434
4147.03 16.4630275867982 3.52831137624264 6.21913588530879
4211.09 37.1264128389347 9.35299406382911 8.18048501370049
4490.65 5.91164327741029 3.64514464835432 3.59146880173284
4580.1 10.0830523279034 4.29184559554343 5.99854826121918
4674.83 16.5609232067943 4.37373742472564 8.28686446463962
4718.69 18.6522554593967 4.52893446154149 6.60345079838498
4760.94 17.6444111196355 4.28060116657055 8.07247613997788
4804.4 14.0490472421223 3.48934655165918 8.00683610017313
4979.15 42.4667312375992 8.5484584982322 8.41569436700775
5015.09 23.8598303490987 4.8306091663977 9.87772689238682
5042.15 14.9697540020835 3.20645473115489 10.0659984137319
5249.62 14.7959713538927 6.82000037198933 10.4818685999335
5720.11 6.34817628488444 3.40265530139502 1.65458278808819
5815.77 13.9519319103331 7.14086333774658 7.09710959334188
5989.53 17.4322306252747 8.8069257967275 8.87658553676829
6142.74 24.3914135428497 6.74693134114233 8.96387523047088
6218.27 24.6779954181252 5.40355480983032 10.0502822489252
6257.51 93.0511690602822 19.6183586645293 9.13885512484285
6585.82 6.0164787813586 3.32402885890965 6.77595614676011
6621.32 7.39285895483884 4.03995771595888 11.9043769125401
6700.7 9.86251017191016 5.54917886301441 8.53973335174851
6787.19 5.27251933198022 3.11088046333457 3.41669391200139
7148.49 10.2233024019542 3.12477569709175 10.8523483323806
7178.49 11.9124123561289 3.63993336322194 14.7183562097625
7494.86 17.1300620671662 4.36355750873969 11.3816724831349
7509.79 29.2905285633537 7.00885156055692 11.5322865466023
7624.57 100 13.6852559382347 11.6104596825926
7708.28 29.4334592790826 3.94120473404355 12.7950651689443
7955.73 9.20911499508748 4.19601061872416 9.07298980812902
8295.14 5.50710413764045 3.15501416126729 7.85389942429902
8429.8 11.2786886082909 6.24785804899529 18.4406641329479
8927.69 3.22282241149784 3.04139189323727 2.31765931544032
9059.81 7.18275842233462 6.33243162842126 13.5368775856005
9376.57 14.4258081388533 8.4648446220797 15.9156275102669
9419.33 7.65352541390682 4.14170926042197 13.2432838437471
10184.13 6.79212682151173 4.11658984860645 14.1445877608076
10223.58 21.7293006504208 13.3064740027208 20.2951631470933
11060.51 2.07498330577533 3.04825296103268 1.52326292003454
11595.2 2.28379359559438 4.28293523243541 4.09008332989288
11785.3 15.4052017852676 18.8400084107526 23.6051510297675
