4107.91 21.0873579301983 7.13999420751314 8.41293164180661
4208.53 42.1964373691065 14.7088394216713 8.71089098415632
4352.41 5.83268677227036 3.23805062855173 1.70685269747355
4419.91 4.73168914974892 3.73815421684065 4.09033953407834
4489.02 4.06294310631197 4.69509850146892 2.03224023650546
4578.71 8.37921858841387 5.59623658651335 5.31333079926662
4719.07 10.407803109387 3.94726641321847 6.46942307778863
4761.58 10.0024969999981 3.8392883757223 8.98396890354888
4977.45 33.8561206310321 8.11391674348103 8.97143297421553
5012.58 14.7695605828689 3.43158829941418 10.3525952960226
5249.48 21.9483882366065 14.1263541675385 7.96731273879232
5529.75 4.89412294455733 3.18084331711102 1.49393191804575
5535.55 5.80649841028447 3.82691206673965 5.98839235149535
5815.07 8.6807180016859 5.87891013259738 11.5883032089896
5988.24 11.4146670101106 8.53334251991561 11.2000585464348
6138.83 27.3999333754207 6.18633521872174 9.54215313929126
6215.5 28.1105095408334 4.43219346167947 10.9662237249267
6255.61 100 14.4874321628082 12.5839847903226
6617.42 6.70108076347315 5.19323321933098 13.16072295905
6697.08 7.31797835004559 5.16013592199363 11.0262679890875
7148.8 6.9580814592224 3.06949605292123 16.4570037394888
7176.47 9.5317112448676 4.2597335122084 16.3693239475924
7298.77 5.38213661303879 3.43479330658435 10.0449991178175
7510.74 10.0417889051914 3.54742874950149 13.997677444735
7621.05 56.7806109622594 10.5310778540585 14.4842140137507
7706.84 20.9234269988623 3.77555750007304 28.496897255166
7955.24 6.77283319112633 4.41821717571898 9.45756455876653
8429.63 5.96172114349091 5.11152442226388 21.4128563657559
8491.7 3.64572753939452 3.34378394995725 12.5889217542863
8804.65 2.2087718527531 3.08902365561946 2.97151226035567
8811.99 2.55350708816373 3.54034560271847 5.82851260786629
8926.49 5.01726591077836 6.02831535039226 12.881076742935
9057.39 6.41168138732336 7.16294988913551 17.7191793732836
9371.65 15.3515562464002 9.77488013208903 19.1535006161739
9415.98 7.80194633937575 4.44558283041691 31.8285522354454
10180.48 6.19688714371502 3.62450996131841 21.9518538544762
10221.02 16.6560467295832 9.83400919206278 26.3432823100593
11003.38 1.67550812167271 3.20062900332806 4.68779988965798
11591.91 1.7225241005281 3.67725578300154 5.63394978655197
11784.13 11.9038777258463 15.542318414032 32.6489953745131
