4149.93 53.45247329662 11.3627669099771 10.1515395694014
4211.45 59.2284461774559 13.9964480703394 9.65639171001203
4294.59 38.9486424312936 6.60603135608643 9.75331764015573
4367.23 31.1603051916138 3.91096842470844 9.65043471263471
4585.15 13.2182535954648 3.6485420948274 8.88876793795498
4669.6 29.409624712313 8.71701144454547 11.650970683555
4894.35 10.8700352018545 3.72781947811783 8.29607798000052
4915.22 17.3561370153445 5.38238647644454 8.77240332894326
5056.03 57.6450411127135 11.9184937388924 11.4024791917891
5252.04 33.1146327994869 4.58094075692754 12.9515960989456
5282.53 63.1653878118058 8.68225529774509 14.0864905308126
5380.19 46.5464871484436 8.81385658449911 11.9191131358129
5812.67 11.2833375547704 5.81365387901747 12.5141647829087
6143.9 98.490678766096 12.8808008616432 26.1441509738615
6219.87 35.4232506566767 3.64071280013243 13.5875636566079
6314.6 45.0848686161517 5.30912448285325 12.498621076079
6446.52 14.0620029770133 3.08170999339078 12.3609295273209
6507.37 11.0531321983495 3.28921422942999 15.8778229597274
6743.43 38.3829440919411 5.83841967287146 23.4614325627044
6787.8 100 14.8904025223276 14.3860843726425
7057.28 17.1578938801238 4.08898349196069 17.3634066212826
7250.86 27.784885898174 5.61711352799775 30.7499116964482
7474.09 15.4917892101226 4.77218167362424 16.1717117390372
7599.79 42.9759791998214 14.8965173060981 15.4080902219957
8016.19 10.6949495719905 5.60273399738277 29.0678848847892
8067.16 12.5805438184165 6.52418840784568 16.4089429770265
8189.88 5.48982145835007 3.27152543907885 14.1068878948945
8282.18 7.14739102905472 5.4047937229206 14.978478220215
8813.19 33.3431263033479 14.155424531441 19.9830282935418
8919.78 13.683785811888 4.43993641886122 26.9484433173238
9056.53 9.68928673470086 3.45150606908492 19.5332649891752
9101.57 10.3909089854477 4.23784864933562 17.7924684876052
9385.36 14.1762675591557 6.8704905018144 20.2239080847139
9550.97 28.6413816303355 15.0484499665695 21.565051712696
10030.64 10.4263898285843 6.44164482041718 23.0665945448054
10410.8 7.01609987677058 6.33747872045382 18.6713716028135
10576.16 3.1169049968909 3.69905364736585 17.5871535277929
10754.29 2.00215974351377 3.04283019660805 2.61896804318167
11103.36 1.7907566645973 3.45616815132077 3.88466998277727
11118.35 3.70871188831336 7.52839416324639 15.9939126256613
11457.44 3.87439639639122 7.16797488787876 27.3249281101198
11853.01 0.899267546271075 3.65602321508232 1.51277680654675
11862.78 1.31335471462658 5.42477413889696 13.8105259985805
11878.42 0.771643161631249 3.25495341231633 3.57666812092975
11884.68 0.861811141692052 3.6718720970243 4.17016924378549
11951.86 0.892486243391887 4.23437968301335 8.48003775759207
11963.05 0.870451811547894 4.20897191948778 1.46637603339877
11970.11 0.712623774292569 3.48719953761666 1.30563480704041
