4071.83 28.7262033830859 6.13828378458453 10.4642652239063
4150.65 27.0287315405177 6.3294935731971 10.5390265555716
4212.54 33.8478820572357 10.0681281084866 10.634703687223
4308.21 9.43865703671253 3.18570935210877 9.97216204042161
4367.72 23.492275396495 8.49382982260784 11.0036151206314
4493.28 8.92972210363672 5.79614389808827 12.9733982218413
4678.28 12.6462527700642 5.0545516083989 12.6474066713636
4722.54 10.1869616451834 4.14970868953491 11.4115276395041
4895 6.85280339774276 3.39824968045379 11.2262777535407
4979.81 11.5810454873583 4.70604013114517 11.5278977729649
5056.43 79.3988385959548 29.8613762032741 12.1113714835301
5249.89 8.90488382807411 3.088903723114 11.5278388579836
5281.99 16.0499573170132 5.15069315191517 18.3336111628696
5381.82 48.3275009093754 14.416053569888 13.1929835470082
5812.53 5.84523465459306 5.63643826088748 13.9489956519328
5891.7 2.88682241808064 3.27074610070159 6.12247812623445
5898.23 2.93158899362398 3.40027765451244 7.34992079780932
6143.75 91.0092305653477 17.6779389496126 24.738517660905
6221.62 22.0582226793403 3.27536725196979 13.5433079175218
6315.19 39.0137993697817 6.92839431070621 14.0424350341418
6504.84 8.34481186597182 3.58353521225982 25.0178408996198
6727.71 20.5622103517529 3.59165043532335 28.442818989919
6789.16 100 15.6580303003088 17.6725172431607
7252.74 44.8194931717696 22.234365740684 25.3343196213673
7598.2 25.5197206564854 18.9694119299684 18.5010079876838
8018.48 3.56462509608438 3.5507165929612 18.8182484160125
8283.34 2.05048599289481 3.20954580817125 7.93817173153911
8813.19 5.6708873929342 9.61288377721853 20.2236461944267
8918.75 2.72403408456929 3.98019213529102 25.761022574201
9103.47 3.55086566893339 5.15287213978962 17.5619403936835
9310.23 3.39261759307098 4.1816660284987 22.5594750790351
9549.2 5.00945040753378 7.27335813185269 17.152468606082
10087.98 5.94883262590038 9.53185592273687 31.581507582463
11121.2 0.826058389719264 3.59128835255521 5.81871594193217
11127.28 0.853596467312747 3.75582531761418 1.66042762751931
11141.52 0.729033680982936 3.0890376743068 4.45068939548401
11459.74 1.44346636557288 7.50650975825691 20.6566170196875
11482.66 0.668919792192934 3.12562161501641 2.91812639994714
11864.93 0.708519326753592 7.2263762994262 13.4841738048872
11874.12 0.478060677932693 4.92504019647141 6.39998054973694
11886.83 0.324764764161491 3.39944289999321 2.65627039301944
11955.59 0.276318378390668 3.55676420574566 1.63029683728382
