4067.28 54.9068532311636 11.3530013396913 7.84530241196853
4149.45 43.4087590947357 10.8385961283999 8.59325346720652
4210.84 62.4424293786015 20.0849508099293 8.31787280156459
4294.22 31.2775124889207 5.92538928186499 8.08702284049377
4367.23 54.3490315151433 5.85227468144165 8.34524955687539
4420.53 42.7274756932762 4.59829225915169 7.67765316418081
4587.43 38.1524723686195 5.97587022056608 8.88391497524572
4632.18 24.171308057633 3.21804931079864 8.68957810410393
4671.51 61.6339533089906 9.55849873361152 10.0208261290672
4893.95 13.3322652732364 4.33291879669749 8.98497732146279
4914.7 17.6338147978358 5.55617123452224 7.47434757776682
4979.81 16.8346717087556 4.62869548427612 7.09826560184592
5011 11.8641229437473 3.11669606082089 14.0179204830938
5055.9 60.8635139304615 15.5571569920155 9.79556001356559
5171.11 40.2589527197095 6.19350200686281 9.33240349406879
5251.23 42.4480713451903 4.91414321260051 9.948221525995
5281.31 69.310456922891 8.18667308868453 11.7964751828285
5379.1 39.935659334085 7.40137590173848 10.2042742233989
5601.84 10.5692286388358 4.07626892474424 11.023766466169
5763.63 7.8668333357774 4.3770688580365 8.94341054672259
5813.09 11.745597331679 7.28069314303016 11.3438720087852
5969.36 3.5025915055654 3.19388109405262 3.92051093934151
5984.23 4.92174586492135 4.63819279799374 7.53725322582613
6142.16 100 17.0287636181724 11.5584598013747
6217.98 48.0163511808251 6.24223923800353 11.8513654096287
6273.15 39.9590118071414 4.94989125658853 11.9537860643331
6312.98 34.8247291821903 4.75016196117171 11.2659445299741
6506.92 20.8156313938185 7.40684261879235 11.4612138194216
6535.96 8.95857977678926 3.99693902854427 8.60671826756425
6742.37 33.0960402388896 7.00686823179512 22.9750625660445
6786.73 70.2604024894118 14.3998371999309 12.5655900173388
7061.91 23.6307437908767 3.52850752673327 18.9615422092184
7148.33 80.0994209364119 7.99304755909703 14.6948176589267
7248.83 35.1181114398952 3.36025932862418 14.9135755423467
7476.3 17.8928125567858 4.36420356375467 15.5037958918774
7597.4 38.9376395892087 11.6077575296722 16.2747630964932
7817.31 7.59339385887199 3.42232165528099 14.4262627504777
8005.22 15.6981118414781 4.9253984486179 27.8072633311358
8064.54 14.1765100374856 4.47811503506956 14.8497601244244
8284.01 10.1203829087958 5.50484793506318 15.1884294016636
8422.27 8.697309028918 7.42772559960453 14.4686688728889
8494.39 3.66572396922289 3.87408809017143 15.7024091641688
8524.84 3.44312362229909 3.90721174776424 14.7738082075448
8815.07 36.5521574289209 8.54497600215003 19.7600625165796
9059.81 56.5034850223511 9.18781648366581 20.9921493747115
9386.94 52.1817984877962 7.24552144585078 23.9867040860372
9552.03 55.5328243327959 8.48265807080055 21.64907414769
10029.01 12.8877837508463 7.39567976789628 23.3629744358441
10221.02 10.043090948378 5.02276497455459 29.1289006876468
10410.62 6.22673424938464 4.24595156004161 19.3989499177042
10576.16 3.91071956740506 3.28894997094442 21.1950884488379
10732.79 3.28322379322354 3.29826364361385 26.0291706328135
11143.23 4.44160272752808 4.61932883402733 55.6282268848354
11368.88 3.10388252378425 3.17682351861197 17.2342400149046
11684.74 3.68475461725969 7.22179757622685 23.1305055805788
11857.9 0.93281549767009 3.23154111438953 2.38004377074321
11864.35 0.864050516081241 3.04051551882856 2.54137840595649
11958.93 1.08800146730081 5.14149780123618 2.07622088289281
