4068.96 17.7282355428873 5.9023723240217 8.19333419659142
4149.93 19.4368468304743 6.39083526772715 9.42839951632868
4211.45 43.6466895529525 16.5069335516426 8.13587278742853
4294.83 17.4294938305182 5.50721485295479 7.70271575521747
4367.85 28.3275263234798 7.25908213683109 8.48666285656236
4492.65 7.25717508983797 3.1819500667406 9.81331667608356
4587.68 8.52631913261317 3.13786425111073 8.07584279477305
4671.13 28.0196728506815 10.0755622082682 11.2180343749897
4916.14 9.34567464724558 4.27200486637862 9.11328866672102
4980.07 8.31311512889607 3.26806458890618 9.88875592991553
5056.43 51.4119375331631 20.4901819314416 9.98699507031415
5251.1 10.2701207083925 4.468111228637 10.0302897096235
5282.53 18.8429939289825 8.02787615965461 12.7297699194914
5381.14 22.1732067436612 10.1512728719624 9.84736900690768
5649.96 4.94293750419106 3.47510531332646 5.39819587579586
5816.62 7.50313440900287 6.2766415822264 9.65565789130414
5894.82 4.35472136944701 3.98276103476664 9.56464890981806
6143.32 73.6665617022538 16.1339564773817 12.5313561726125
6220.31 21.6325791256731 3.62787701558509 11.8387451564222
6243.64 20.1611415095708 3.26647261859832 11.4938294850581
6274.61 23.6584450017185 3.86179399738423 12.3460708895982
6315.33 44.7102444044936 8.39999465544747 11.5181895532014
6447.41 11.9698829672501 4.08748016280852 11.1784381428624
6509.16 8.80870644736739 4.10421458242115 10.633783835342
6725.6 13.1142654706119 3.27943109735685 14.5609177884289
6743.43 18.4457457012662 4.28962577357891 15.993036321086
6788.4 100 23.0190782743815 13.2250905776737
6924.46 10.930129608209 3.24795304351143 11.5959612292363
7251.17 31.1222564318113 10.3829439387124 15.4784452932799
7599.47 38.2606081903931 22.5322421266757 15.373815099555
7818.61 9.17374988196556 6.24839306415653 13.1914874013637
8006.86 7.59309363452721 4.82290141386466 26.7576852407656
8067.65 8.15599775395205 5.35456659707066 16.7672729064088
8190.54 4.40225615562775 3.47538783309762 14.6287852364094
8533.09 1.69624810246102 3.01554146662654 1.62146192857108
8813.36 20.798967472533 17.4873513638484 19.4601273420612
8917.89 8.4651346258452 5.51845464028795 22.1611847806253
9102.43 4.93639100517949 4.26214901827043 16.1016002879223
9385.53 10.7122186966059 9.80883391486238 22.6547715732122
9552.03 32.6741485860768 25.9358809793628 20.9091859158088
10032.09 8.36102315670485 5.1658130019145 21.029571490948
10086.89 5.64487324300959 3.48985578528 30.0663237087192
10412.46 2.87121050169453 3.62184387907483 19.1334087406576
11124.62 1.79469754844181 5.75815910708111 19.9075444225928
11463.4 2.75751205708211 6.18171666277116 22.3933951057334
11860.05 1.00085380373412 5.40944883190589 16.410782357274
11962.26 0.441801184679344 3.21214954785415 1.55706014671705
