4070.03 17.316727546028 4.40126241462246 9.51513051670736
4151.14 27.4724441945054 7.55592420711546 9.68842325945479
4213.15 55.9240118999933 18.1783179113421 8.62480461552605
4295.08 11.1055221807049 3.24790277767102 6.58071616130655
4367.97 30.3302513409728 7.8769277664966 9.10885168723507
4493.03 8.35609037371298 3.53383743746055 11.6416068277495
4678.15 17.6032428969808 5.39037270061751 15.9131147367552
4720.87 11.6832600267932 3.74697498974289 10.6864576213056
4895.39 6.8008666484199 3.26495081451728 9.96371222027574
4982.57 11.5125104822034 4.96157046100759 8.78373770366852
5057.62 74.6922924228431 27.0181628238464 10.7074650643999
5251.91 11.9334452872598 3.73523122668507 10.8085260153048
5283.34 21.6585950287058 6.57570127572872 13.6088773820638
5382.37 44.5359758957769 13.7108813138963 11.5236921546602
5407.05 9.61476835997566 3.08068743058544 12.9019870778184
5815.63 6.6680947610574 6.42016693003256 11.9388954763417
5897.52 3.52750521022683 4.04663588996665 9.5206278714777
5900.93 3.54486280117711 4.07800306814845 4.18758368996259
5909.75 2.82754345338884 3.20875394401261 3.89559120799731
6144.33 69.1383390992958 14.217968537196 25.1346383789969
6220.45 25.4776345040822 4.28659591994012 12.3274891539932
6275.34 18.7251055104798 3.16674350981424 12.2122916057933
6316.65 38.3473949945669 7.7966269490091 12.3144365206017
6449.04 11.0005248855298 4.12172209911626 12.4166617829405
6509.9 10.2154198059825 4.89084546542686 12.3480823285945
6728.77 18.3845247085224 3.60164223787709 32.1684510489931
6789.92 100 17.9404995767709 14.2223055841359
7252.42 27.0880065444775 9.25103829172751 24.3136126359159
7600.75 40.6514464026902 24.4277056964348 14.6782743063677
7818.12 4.55383323742155 3.01135690072875 13.6263455359549
8019.46 5.53896844705052 3.82608941464141 16.7215897529768
8066.18 5.20217733949403 3.79459567016175 14.3190892352477
8424.78 2.04424769617727 3.2168088217154 14.3927373539955
8815.92 12.2373055395016 12.6798509293448 18.500403703456
8921.16 4.32252399150212 3.46186716984559 19.23063840949
9061.89 6.67046935377088 5.45079221684663 18.5638369751923
9105.21 4.17192570741083 3.66703452670028 19.3645901391465
9384.65 7.06042113063163 6.66399730155481 22.6192924049137
9553.45 11.7046144216034 12.3211185999605 20.6497913505264
10029.01 3.33759903898369 4.49376506024682 18.7611358649392
10090.53 3.59269975365257 4.74350177050918 19.106593271119
10412.09 1.81125186991004 3.60235516124265 16.4959829112959
11127.46 1.17123076345955 4.27169776757264 9.30814626293068
11152.93 0.890556393399982 3.08889397564098 4.59724979574821
11460.51 1.40838792299067 5.08542471448085 21.4911062366118
11697.55 0.599336366827868 3.21363023012313 5.99567011707222
11857.31 0.38978229284552 4.19648397353114 3.61568987882856
11863.95 0.559801754591333 6.2294989441713 4.8721319360393
11870.6 0.497195216343052 5.65310060648687 2.59999152485761
11886.64 0.368663258599792 4.42130122369199 1.80793730784899
11958.73 0.37711428033416 6.28470547292599 1.76186522317039
11970.31 0.243537023284957 4.29286776115369 0.864916428199649
