4070.15 31.2804508356164 4.88431090476779 11.1507624354213
4152.46 29.7740698921936 5.52429669671778 12.2219813328811
4213.88 25.8592672069006 5.98299348932208 10.5298852112946
4296.55 23.5002577247288 3.45730188005659 22.5436460618084
4370.81 37.4542913430318 3.94426783765968 14.1256612667867
4590.46 24.3645516012683 3.04772011867612 12.6099169186464
4673.68 51.0282093853131 6.38469377873689 13.5005450308599
4895.26 12.3803156037054 3.72163771995657 10.8651218054592
4919.93 11.9519848842141 3.3831850249088 12.5476113531631
5058.95 68.2036601763108 13.5457998390289 15.1608802258625
5256.35 30.8139083365565 3.28316723558811 16.9399494157997
5284.82 57.2255921988448 6.02165000730015 18.4382178655687
5384.68 49.3526818908919 7.0980319255599 15.2559768124602
5816.48 6.66634825433328 3.92181796722874 11.9525272542405
6147.81 93.5711274026503 12.358380949706 30.2177434895711
6223.08 35.4167630937202 3.57232210760213 17.3191400864935
6317.39 35.2929348824174 3.7557712020001 16.46091596526
6509.45 18.0005065717628 3.92458453276366 18.5586445540885
6745.24 28.5804943410322 3.4740251562584 37.2109764236884
6791.59 100 12.4158662367397 20.054599814106
7150.82 30.5526433897061 4.78299849376956 18.067266308437
7254.46 28.2856155526771 4.2823837990772 35.8502516686094
7477.57 11.0703075270314 3.46770354816566 22.0276661238377
7602.51 31.116147894775 12.6823328071307 32.9959448852715
8015.2 12.8774544431741 4.83949984139548 30.2156321329076
8068.31 9.51967262379729 3.45764616276149 28.8476611149244
8428.13 4.20356759148091 3.65523837493798 20.4356442751086
8818.66 27.1639691929024 7.4632892013091 27.4521931044346
9067.43 17.8342764571423 4.40686708281155 26.5907680761702
9391.16 23.8522767989652 7.1323813685519 28.3410083185845
9557.17 40.5526566710355 12.5017815947969 29.9324163563269
10041.33 9.24565719161165 3.69577883308386 36.3155007851001
10416.15 5.99734847254494 4.03293723455932 29.7734137016323
11147.41 2.59863536793381 4.77299701577661 45.9286160034935
11467.64 2.77640482279914 4.50189229954851 22.2245351020156
11866.11 0.74098404333271 4.15679857313783 3.86690522636309
11882.14 0.768368185793696 4.60872105842194 2.54232894610141
11889.96 0.650671662067689 4.02460476022914 3.34649811526106
11949.9 0.429237466091587 3.57848890872755 0.36688625856732
11960.89 0.725530920736457 6.51844286851045 1.85732721623936
11975.02 0.368339189902752 3.60115433403694 2.23359255804826
