4025.42 7.25706413589892 6.01198837536478 6.23514166089171
4149.45 20.1156117948489 10.3309819349531 7.31008270185794
4209.51 100 35.5214393806957 7.35853995157504
4293.36 21.3891101400304 5.70957603294158 7.43880924437235
4347.23 12.7338758825635 3.42495974435909 7.52475606881308
4366.36 20.2933253667056 5.72575959644167 6.89650247533518
4418.67 15.6061492453508 5.6331755393504 6.8119140301842
4439.32 8.35129810692075 3.4571407556669 6.40014873755172
4585.91 18.421727566835 7.26734680812901 6.5188354650054
4632.05 23.9020553530818 6.30116407472825 8.34172698371458
4672.15 35.5448934025857 9.5301430045742 11.6331575040676
4717.02 15.0122002184584 4.24128062435478 9.66452082716387
4912.35 9.48880316439991 9.98823342280805 9.25427759458307
4977.71 10.0509110730229 6.48417635422388 6.93958641143581
5007.44 8.39224204399214 4.61820252522598 6.86896653737131
5054.18 83.7322217279357 39.8733904203929 7.84626404678693
5169.77 8.65474480518058 3.57280496496108 7.25413901345382
5280.37 44.9656785064422 16.4207080790709 8.31948380115864
5473.32 5.39332663093714 3.03306900581834 9.9347329005077
5601.15 5.6418617843693 4.38492966682448 10.4582715931501
5646.48 4.35212057306286 3.8202422913701 6.9047053033928
5699.53 3.1698987959893 3.10420869471825 6.54316029656093
5752.1 3.94129371736055 4.32468015243742 7.78596729527726
5763.49 4.16049109665129 4.66878011966594 7.29322440209125
5812.67 8.18250425105726 10.2226829043533 8.29778605694355
5851.41 2.243022760076 3.16273122862892 5.04864451929552
5981.37 2.89341391330984 3.59006080424084 5.6547767537586
6088.97 13.7871764421606 5.79641646624342 7.8468012845924
6141 62.1250652844702 19.7676402321199 8.81131243773598
6156.51 53.9198780500061 15.8765716278731 9.5768644398986
6242.03 15.2537002891656 3.96530493629141 9.04858378742665
6272.42 53.6449848068336 14.9869095813258 9.18132656187572
6313.13 21.9016433528624 6.92113025534487 9.21391370385118
6505.59 7.43716663168515 7.18204503725138 9.56149432809889
6535.66 3.7561684474762 4.33637473568679 6.58732292660534
6722.58 18.5776612180316 11.5308821208599 12.005842036373
6742.52 16.9342002376651 9.82540119614642 21.9985025239594
6784.61 14.8119343853381 8.47312132137986 10.1597133267105
7146.78 38.9404528058124 8.2017679806097 11.0601506003131
7175.07 22.182901989108 4.36373174299529 10.4841190778761
7247.58 31.3678942424195 7.30114906610195 10.2397230670058
7266.81 38.4322670477697 9.43640136476875 9.89483721319175
7476.78 6.55326247666936 3.6324017232325 16.9794057220251
7595.64 53.7860844741605 29.4850578610592 10.6093834713702
7814.73 27.7950094315845 15.6471339839908 10.8752776528308
7940.08 5.90710613126041 3.04387427223628 11.2363624083746
7970.09 12.2373000708856 6.19649713143531 10.8184122166076
8016.51 9.25484352020576 4.84425061497284 23.3313860020908
8186.08 4.23741313820399 3.21311908340048 10.4607910481645
8284.34 8.89361346021819 10.1774383715901 10.6574839082223
8422.43 4.95270998296357 11.394646837958 11.4948336671496
8767.1 5.54558677681922 3.59084667455627 11.1163080654114
8812.16 26.6008976548238 13.2891279291886 14.2013068891338
8916.35 12.5875882266056 4.38025030332277 11.807626900978
8954.87 16.9564248370397 5.62494385539141 11.551789504234
9058.26 24.5114508773963 8.34710794958615 12.2013892968371
9098.62 9.08019730698077 3.23985029574562 14.4370187565673
9384.83 28.26545309001 11.1021556406589 12.4215645691329
9475.95 11.8877921488618 4.72129693332188 21.8541394887143
9548.67 24.9547626284352 11.4640227805531 13.6500893312186
10027.74 7.04633570186776 9.61314341620755 19.8537199577131
10082.17 3.34128794440831 3.85380735694678 15.2443574077752
10153.13 11.0648185172089 11.5308009648659 12.8355558466246
10207.68 7.39072093697401 7.4771264801647 14.5104229022854
10313.7 4.96340506985785 4.95036166748289 15.1924984236684
10405.83 2.94440479824259 3.30891400181607 14.2744900622711
10573.19 4.62096948660622 7.0662024338967 12.5964869595209
10735.22 2.55525266183454 4.75838094754874 19.1008443784958
10821.71 3.95598487876438 7.90675899623448 15.5316010061488
11122.15 3.27337407531835 5.75333535026439 28.1385411983374
11155.4 2.70404395821348 4.54007796184561 16.288445885215
11181.46 1.93939810626338 3.12633822287587 16.9762179464487
11369.26 3.17540396528444 4.81268291175048 17.588434409834
11453.97 2.42256522836024 3.95080620998093 14.7216376282395
11685.9 2.19309680315446 5.87511405021253 15.2505972611307
11861.22 1.22068614767341 4.19849813798551 11.3525189199008
11955 1.35056819981138 4.80703602952767 13.1688078227835
