4026.97 7.7120943479111 5.75362639546579 7.4158228841593
4150.41 18.6916292022708 8.84158547160621 8.45540562043516
4210.11 100 35.8416252159056 8.12692089467419
4294.83 19.1960665072943 5.05959332071562 7.52578300221649
4347.72 12.5547511240104 3.01519159641114 7.77857207187753
4366.86 23.2667830856892 5.71994353546667 7.60046173501723
4420.53 17.8571881042792 5.33707141878102 7.21688754505158
4586.8 21.4005880116665 6.72078866619211 7.47621772142156
4632.3 26.9664704576223 5.72799987123322 8.64826644588084
4674.45 44.6017435713319 9.57425041330837 10.7849782993053
4717.41 17.5283352828691 3.85526974626057 10.5051753191483
4914.57 7.5924827899333 6.50487894478355 10.8187832749109
4978.89 9.88955721362269 5.29243162115126 8.02963130585431
5008.1 8.06374396511028 3.71936086562953 8.25482706126695
5054.98 84.46292783605 33.4784936134791 9.29197161741104
5171.51 8.56794901272556 3.14585097747843 8.10742987839149
5281.31 44.2166370498436 15.1940744501086 10.487038568308
5381.28 7.53202942142926 3.26253401551898 9.65230833529677
5472.63 6.25587261918118 3.42140510552499 10.102375538012
5600.46 7.19504115528677 5.34678103195087 10.7938240180374
5699.67 3.03964592686628 3.00863795210644 9.46203690097263
5764.33 4.49985426636451 5.14624849923088 9.980734486855
5815.49 5.58425342710627 7.0073966272398 10.1911950378135
5982.09 3.8059590432348 4.11761648319143 6.71582319634945
6088.11 15.245263561311 5.53777947412328 9.57705175112187
6141.44 62.6491548706605 17.3630508571998 25.621779617104
6272.42 52.7400575320037 13.3440696896458 11.7035518386147
6313.28 19.2044071180907 5.49699538583716 10.7684159945356
6508.41 6.37715843198385 5.79113752887378 10.7386170359996
6537 3.09148598343157 3.27545749604319 9.44035377722412
6725.14 19.0598202387903 9.61229609032064 39.0649009889958
6787.49 12.8354124881771 6.09004540036737 12.6847914545478
7147.71 40.3479678343104 5.93189621363079 14.7323017240506
7175.22 23.6437007431752 3.18142570751192 15.0347016374199
7267.28 41.1853074908724 6.84111814779574 14.9802853353385
7478.37 7.45246610249009 3.24512113842329 17.2590002320394
7597.56 44.5270268376932 22.8035871422742 13.8067363441232
7814.56 24.4903310722664 13.0334603970048 14.7670921859981
7970.58 11.9644521658592 5.07828459285187 15.0361068669563
8018.15 9.3552085974313 4.07506636448523 24.8554920017277
8283.17 9.04870915750477 9.49199182105119 14.7590428921503
8422.77 5.39867229656433 14.7661794420101 13.9203513517532
8494.22 0.716779483846142 3.237061295425 2.58080042104302
8520.29 1.15398611564386 4.74692926145269 1.8889855285106
8597.36 0.967005297959143 3.13457492259793 4.30674087990701
8604.8 0.996189907561792 3.16504426754758 2.51578804544988
8811.99 24.1662244759462 9.37299371284843 17.7361655467266
8913.77 11.7509418113736 3.13569650673531 15.7801378697477
8955.73 16.4430823172828 4.21744819562502 16.3626915155401
9058.6 24.859001921536 6.77791055373178 22.0155371000274
9385.01 28.9531576006641 8.97026652812815 18.3339063265084
9474.89 13.282187156431 4.05419409236159 23.8067760127051
9551.32 21.8965973071316 7.62564689600219 19.4461626858301
10030.1 6.73906174338663 6.57848980203848 26.2614957878377
10152.76 9.29291857883883 6.66844857700907 19.5981950650039
10207.86 7.34508131631055 5.20817278220878 20.4107853957903
10319.02 4.81412485521036 3.51154200773637 33.2565041205053
10573.38 4.0878018803669 4.976335299384 18.3593612714503
10727.75 2.66527686685861 4.3648242064887 29.4209386226412
10822.46 2.07243539772518 4.07430658022293 19.0049856962687
11128.98 3.31825897456089 6.00440768704179 52.5032788124845
11367.34 3.12340356058465 3.99316558192163 21.8254890346016
11684.35 2.02624056746733 4.37236706134524 19.0339094109822
11859.07 1.18005412060442 3.0941690866058 16.4064252907174
11963.44 1.40442372120046 3.66585291740228 30.1747825303082
