4027.56 12.0746061291694 3.60809862602269 9.26713168467904
4151.62 22.5201439920282 8.4816884655551 8.63581016188436
4211.94 97.6008480540622 32.1103440990612 8.08309344770896
4296.55 21.9474366799969 4.83332896352676 8.02594483098892
4368.22 32.5510059228313 5.62892757266685 9.38394475802306
4422.02 26.8593510463908 5.31912533776205 7.54248363019269
4588.69 29.4056908200566 6.55633147028206 7.48483661563841
4634.72 30.9433534623804 4.94565432627225 8.15470515068773
4674.7 56.0631715582868 9.27595393477116 11.4752355207665
4720.36 19.0475497191959 3.22559514952973 10.6036924166719
4917.18 12.4879451892928 5.30197787617401 9.67843521850955
5055.9 100 22.4724952563445 9.76443095327249
5281.58 53.8745792184841 12.0048900820526 10.6895228896828
5382.77 10.249026556965 3.17648845219826 8.94478106506267
5602.54 8.71901504661182 3.99223609858009 5.61450459156731
5764.76 5.57509216870353 3.2704536278346 3.15071424060352
5815.77 8.63663438342428 5.71618171379152 6.50609241698839
5902.78 3.6969923352439 3.05785201831541 2.21570470287952
6091.71 20.7569394567453 6.44310408023435 7.60305022849116
6143.18 70.5094702154507 17.2190375235156 25.113004059931
6274.76 58.0425607047366 12.7703829493465 11.5344682401183
6315.77 21.1220608547749 4.99799929559281 10.1495503564938
6509.3 10.8105213385743 6.54044193778875 9.1162170766147
6539.09 4.51260402207573 3.29331759569664 6.14696195619945
6727.11 24.7207783148084 7.46140610014698 14.2723073505622
6788.1 15.1965500138827 4.05244712126839 15.3405225212045
6827.58 11.9540055429592 3.29850450027192 10.1642104190378
7150.04 57.9484849256833 7.34159527985974 13.1783332375662
7177.4 32.1986174058087 3.65184681702387 14.1674993187116
7249.3 41.6338289797593 5.2049635930818 13.037038611893
7269.48 54.8798270006343 7.09241801305071 13.5969148192853
7599.63 61.5317350506835 21.1564120530327 13.7622496707136
7816.34 25.0856315214565 9.45228628012588 13.4497678889702
7971.89 26.6407445941849 7.09213634902958 13.0030610354834
8018.8 12.5710966375461 3.35807375240117 29.9472774576143
8286.5 11.4576927805916 7.04194819250704 13.099759778217
8424.44 7.65911436303181 8.50524594535803 12.0995702242381
8520.96 2.32235868397605 3.38046892361131 3.09188981805346
8814.73 28.1288430611867 10.6565495790162 16.1145542517497
8916.86 12.7141787575468 3.22277810955974 12.1993086078601
8959 23.1537820338081 5.45290043028231 13.876264213799
9062.24 34.1272612692676 7.96210820135754 21.6459559261421
9388.88 40.5227456217817 10.524157474434 15.4470395269127
9478.42 15.3116337040822 3.94442267459545 18.1012812890604
9553.98 34.0446512412175 10.0729197539781 17.8226354041835
10030.82 9.28329367529915 6.36331376641562 18.0867350074859
10210.97 8.32873965775471 3.27038550830394 14.0379888604148
10320.49 18.6702524950712 6.59357173818387 19.7091154001864
10575.79 5.33084514989435 3.20009191788801 12.9322530790832
10731.11 3.40021987365089 3.2155647601697 17.1812885089512
10823.02 2.60638068495999 3.10991134845044 4.82025476119816
11125.76 3.17847083071139 3.8484930338142 22.0214144416677
11160.72 3.40704252688529 3.95401679263268 14.3661471446412
11366.96 3.84497815270947 3.97232113575071 13.8653358666743
11686.1 2.37386214870846 3.69265440700198 11.0885743559174
11866.11 1.93385563581277 3.81242487528008 3.50853850836211
11960.89 2.71429591845383 5.5630826015471 13.81751356938
11975.8 1.45800010125595 3.00652811674545 1.51330633833641
