4025.54 9.11127274185527 3.35384045284734 8.2258491426719
4149.33 27.3943483933648 10.1153680526281 8.53827995344636
4210.48 81.9857207276609 27.511233712043 8.01898395673834
4294.46 25.4409263808786 6.13953375465022 7.2701513841057
4366.74 30.3993774275763 6.31854496235717 8.05115219851996
4419.66 22.0708046287911 5.64657778882278 7.73781368383425
4441.81 12.2410767915411 3.6112640549885 6.5299539652442
4488.52 7.96688190145826 3.76797545638548 8.21962595784225
4586.29 31.6476630417957 6.17339035781221 7.97060838163088
4631.92 43.6254352186856 5.584933451775 7.92900346788065
4673.17 94.8890578237445 12.4886481305934 9.99133576075656
4717.02 37.533032154383 5.16763075164678 10.050006360083
4914.83 14.4232631116294 7.24943718274741 9.31305826352582
5054.45 100 31.7582514853884 8.97891472643096
5280.09 43.2638304255015 12.8936740915633 9.80578953490567
5379.78 11.061464416041 3.73930999143957 10.9226797920746
5471.4 8.47391489284048 3.2850513506986 9.70994138008609
5598.37 8.41455603385445 4.4353539639231 8.8496244918806
5761.8 5.30359219109227 3.78004070457923 14.7670084661086
5813.37 9.18276256457017 7.11224722427841 9.68043298203156
6086.95 17.5302354517179 6.64263658765076 9.30368961067416
6141.44 65.772634186571 17.8823335533842 10.7881178394373
6244.22 18.2698157248454 3.92395269943392 10.796448471132
6272.42 61.5989437344586 13.824842418324 11.0708638630149
6314.45 26.1548997274279 6.45062936508505 10.7713024660643
6508.11 11.5606615078819 7.45070755128017 10.9012155114078
6534.47 5.09870382447304 3.9064808480191 9.71667911606892
6724.09 30.3789963544177 13.5007846006723 13.1224502166187
6786.89 19.5355932309385 7.56250012497024 11.2784084625973
7146.94 44.4661741190864 5.55215119216552 14.4916351564771
7175.54 31.5827400150817 3.62381001562892 13.8337839015212
7248.36 44.0222334267887 5.96387101342001 13.2456309330719
7266.03 49.9690284194878 7.09971523151298 13.6188085616359
7475.67 9.78997589820276 3.5406398526871 14.12493766438
7597.24 81.0840989868347 33.0325015015909 13.2258266621275
7813.11 31.3522305665623 14.0083437474452 13.2897344609282
7970.42 13.8859953996676 5.10202383680406 15.3469150942037
8014.88 12.0561486852716 4.42260909689849 24.9672394855961
8065.19 9.0211381574658 3.35064596346186 11.7647590735833
8281.01 8.67401585774496 6.0297047710633 12.9982668680386
8423.27 6.87813893837531 8.78943455331873 15.6378772827284
8517.43 2.34634978422324 4.10021157572224 3.96587207389166
8812.51 29.4485176646121 12.973420957693 15.4120585617493
8914.97 11.443046523081 3.4525182764348 14.5330786404593
8954.53 21.1276468897569 6.12250425353797 16.1239738021577
9057.05 30.743439368069 9.31306990380642 16.9617658067509
9103.13 11.2996495119058 3.70576734986792 16.6269812209594
9383.95 37.9683679129923 13.5671680529553 16.2368615349369
9475.24 11.7524297603842 4.00712642979042 16.414657790112
9551.86 44.1329331100974 17.1507809126327 15.4473206551047
10030.28 10.1217083531168 7.57921390069599 19.1617887016382
10207.68 6.3199567171407 3.40638402027478 16.650680970648
10317.37 8.42354972757958 4.46918901712154 34.0373112221077
10409.7 5.82995587459524 3.63560827926786 19.2003983747472
10568.74 4.35764175080188 4.0950166576046 19.437342830839
10731.67 2.52296466547824 3.66308059369442 22.979019206623
11117.4 2.47968557626773 4.143784502268 27.3039744502112
11153.31 2.58551089526161 4.16188619510894 16.9067058526816
11366.58 2.96582200972047 4.28084161186983 21.8296803532212
11460.9 3.10665273042285 4.71325038798776 17.5555033352721
11684.16 1.73784643890549 3.95604809068964 13.8408299496987
11859.07 1.37287472709165 3.90497080366014 11.1992952272667
11955.2 2.59701672233665 7.45676076082944 19.1474290026763
