4015.08 3.95745124363528 3.24953808772357 5.84032276780454
4150.17 15.1014148983402 14.688153265127 7.99220112775856
4211.57 4.77022939919825 4.72632878705649 6.90887610301161
4295.08 10.8636526206959 9.47649054759014 6.13015386471398
4368.84 3.79779963937816 3.14067494661364 5.87716700652254
4441.56 6.43492031678251 6.63646516487561 6.52807601890254
4489.9 2.68713145504641 3.23147104054016 4.07960160930452
4545.53 3.78133499923131 3.39246913427977 5.71293756199429
4671.51 34.5973687081494 16.6526953616415 8.77880696286138
4717.92 7.5255208243038 3.50763279770747 11.8727969836718
4916.4 8.39568351627234 8.31713743131498 5.1212493041503
4944.13 8.13583448199425 7.84480077818374 6.59262447225683
5056.7 4.67726329634803 4.83131631659968 9.34565042571739
5074.31 4.27488477369963 4.56035344427982 5.80139189484271
5111.09 3.64832640104786 4.03928130832702 6.23871034904914
5172.31 6.17856451860273 7.22885220828993 9.296549134835
5242.08 2.57925817697074 3.0807027901179 4.40421711641648
5284.96 2.47513277808907 3.0467135792656 6.83130855568925
5380.87 4.9750190845837 6.62341330782383 8.52096412661649
5426.46 2.28762022182369 3.16570587095856 6.9408618556181
5671.16 2.17457982017845 3.31718827409279 7.34309023284641
5755.48 2.52809335526935 3.38554706438325 8.80646206486381
5814.64 5.5978737416422 7.06980877309485 9.12467072016352
5856.51 7.65683111147641 9.8190974009504 7.2176643358589
5902.35 5.65041833956123 7.3655752534923 7.69574874108639
6030.25 2.45724670934858 3.32897121448599 9.09281632524926
6153.75 5.60926207851543 5.89413773257955 18.6785989286291
6244.95 15.3536654440102 15.6895405851448 9.22764678459043
6275.19 4.28949938593689 4.32777441610692 9.90846488261741
6315.19 11.0712011071192 12.464313110278 9.31881232768501
6398.91 2.46676294098374 3.41580480559937 8.14958031744027
6442.67 2.23198293296896 3.78465297292527 7.87552004400459
6508.71 7.3673597720282 16.7377845777028 8.7573807708286
6725.9 21.5997058153263 18.6162519909707 10.2099764306231
6745.85 17.0984179539206 13.2494737815619 12.02290994955
6788.55 14.3038504636771 9.92703250537819 9.92108908990576
7016.73 16.4171473797699 5.35523868914382 11.1404443142064
7251.17 69.5275326795545 24.7419422171309 10.0707624033967
7476.15 5.82611744616786 4.07064314350546 9.30848737027645
7599.79 100 54.4947957273796 10.5338250408076
7821.52 4.61708458045889 3.29311453218372 10.2455516651244
7972.21 8.93364713432415 6.61223233261066 10.326261636098
8007.84 8.84570586225947 6.78073238755192 19.9339318128896
8066.18 6.66581876655219 5.51606252419993 10.7990602409409
8424.94 1.29971641138553 5.05449909880027 10.6565774282935
8646.09 0.707836783525303 3.16674519371609 2.26690175091608
8775.29 1.41129976278309 3.55555209328597 10.9360284500544
8813.7 11.2589950654952 23.4316950646642 12.4094116380838
8960.38 2.95951130281126 3.58223495355409 14.0645681780134
9103.99 6.21065901470579 5.6331007488084 11.5139188956273
9181.85 7.41893995748715 6.40603953292122 12.7520679959107
9306.9 4.1474428646496 3.7095458198578 13.4132641978631
9554.16 26.9280940658152 29.0612256042801 13.8288985698509
10033.72 5.83929943916686 7.87949136857118 15.5361165244485
10088.89 7.3723475692338 8.94797044819559 15.5859053569766
10318.65 5.50248393209532 6.11694711167121 17.0328772488992
10413.57 3.17500895256256 4.20894634496573 19.4539604727324
10821.71 0.993718881510552 3.60436667908641 11.1142954616171
11001.87 1.03981291453001 3.80068032873044 31.1536952040533
11462.44 1.05741726845968 6.13414265417672 14.9937079781921
11508.67 1.49546613981702 8.61027537251869 17.4733193734864
11865.32 4.24786337728726 11.3673304714996 17.9739172224599
11956.18 3.43356683698131 7.54922403282826 20.6047808991098
