4025.18 9.11097062867824 4.07856566804138 8.59859374148255
4149.57 21.0712936197782 8.99954612594463 8.57741456667009
4210.96 100 35.6167499651517 8.49328230869105
4295.32 20.46711959708 5.30694438786033 8.67580607596665
4368.22 22.6274280539519 5.16435130684494 8.73898149744855
4421.53 16.1455798646811 4.48388277680057 8.51572293738172
4587.43 20.3473596610073 5.61207774837536 8.07100220568009
4633.07 26.0876239987369 5.008380439001 10.0356578025994
4676.23 41.0425891477413 8.23797105615694 12.3718159761556
4719.2 16.7234827401792 3.56004098455685 10.9144158787522
4916.14 9.18371282633445 6.39129283953651 10.3276323546925
4979.55 11.6391284592211 5.2419505891593 7.43909754688502
5009.55 8.18727167525338 3.22383502256245 9.98033903541909
5055.77 88.0278060573673 30.6496133124776 9.6291952997808
5281.99 43.6790503286596 12.6956147223443 10.9153281662821
5473.73 6.87637579305122 3.01769793324316 11.9217189547135
5602.12 6.77600354814969 4.13719770991491 13.6371593575359
5763.63 4.91494612151405 4.57825515654511 8.42896638742968
5814.36 6.48761640763429 7.14199909306441 10.1854543655791
5983.09 2.94587142900599 3.06673084444906 4.95055934675111
6090.7 15.6643919947085 5.26895322739217 10.533860932208
6142.74 64.68888828959 16.2620243268703 25.6450180250558
6273.73 55.5120954154701 12.2796162502372 12.2879947031734
6314.01 27.2205497546999 6.76354264548848 10.6342949944074
6509.3 7.50693945217429 5.57559089410953 9.8440500042052
6725.6 21.447325449896 9.82152281058054 13.3503733396947
6787.34 21.7856384116961 9.08002742101518 12.1144046434983
7149.26 47.4497781828832 6.87050313261619 14.5915264425303
7176.16 27.4983489976065 3.66564188648053 14.8166959169848
7249.77 35.5740325894921 5.50273112850934 14.5272913105919
7268.69 46.1107777649773 7.47378706179001 14.136226488602
7597.88 49.9215482328226 23.6066957603333 14.2624517402292
7816.18 25.4868176816459 12.7915187597689 15.2046341736241
7972.37 17.1900244001064 6.13950796592158 14.2007693220248
8019.62 10.3226249461292 3.69344698055857 26.7094791043946
8286.33 10.1771626019056 7.92599307050626 15.8865503296038
8426.79 6.32088836732453 11.0515717829213 16.4258969838775
8522.14 1.23995894155613 3.35384790224664 1.9055617836184
8561.91 1.12102854084322 3.12934504849688 1.68764265866776
8814.39 28.8934663447147 10.1959025475891 17.7932691549904
8957.28 17.9800390500121 4.12326115189349 16.665818804524
9060.33 26.2312693946916 6.36195796588132 22.7054644870295
9386.94 31.1440386775355 9.26897609686985 18.5696411538465
9478.6 13.9167657956589 4.17696272053032 22.5599257599097
9552.03 26.1439465392518 8.92976008519091 18.6311356328424
10028.83 7.9569400933654 7.09283444169048 20.6082175654119
10154.77 10.9474200387794 6.67517907752819 19.4828747637748
10209.14 7.53546506509183 4.37066572371577 20.0088081388003
10318.1 10.8431531335794 6.12077695835119 18.858728470841
10576.16 4.62015774294137 4.28968195152964 19.1870505974821
10734.85 2.99616501749653 3.99890800839938 25.9516885771318
10821.71 2.83844785530662 4.4908259428652 20.2455395986526
11136.01 3.36997171356957 4.66381823857849 56.1686900446421
11371.95 3.39015625351947 3.95905123102398 23.3535591782365
11685.51 2.45404324160197 4.63747735646105 18.9947524451891
11961.48 1.70614782744371 4.46762526350421 27.4397354643825
