4066.33 9.48917699188687 3.14394029686933 1.37170126399405
4208.66 29.6125951238721 9.63393909044793 8.65166146664251
4363.77 12.4304849062952 4.33782358490584 5.77000489472903
4975.61 7.94155659643846 3.14841180204484 1.70837300216044
5060.8 17.3539346422804 6.40002660714956 8.41545265034802
5250.29 17.713138725371 7.16015381454796 5.13815658241492
5882.32 4.75726326448612 3.26170207578731 1.01716951945855
5980.23 5.0830696270252 3.72696906035423 1.41834453655883
6128.99 17.0249671763809 6.10412284194168 10.1361685175052
6140.57 14.6932698350635 4.98457256421154 4.88657103477726
6184.81 15.4126646013456 4.65312725729223 18.8501529003233
6216.08 14.4810577686582 4.43252357581979 9.42925302468757
6607.23 4.82551316738276 3.13119758414724 1.3441763893743
6752.2 5.18879964781762 3.64633519778606 2.64705755292653
6932.11 3.73591595440412 3.05059755116157 1.08934844091618
7065.46 4.95046530774633 3.16466149975361 2.56960056173648
7146.16 9.33003370514163 5.7627448628338 6.45248842603087
7174.45 5.3626474203982 3.1283365552364 1.75492526122162
7284.35 6.30769949465853 4.28563767980219 4.79606483189764
7329.22 5.83695672793698 4.04892817097721 8.28294401755556
7582.23 100 24.3004626754658 11.0552817033877
7619.13 18.5250260325781 3.70343517668029 15.9641626340181
8131.13 4.48658541532702 3.74045739851413 3.49136754063693
8409.71 3.48789222871009 3.35330961445296 1.787331860005
8506.83 2.75568961137997 3.02401774211517 1.80305421632875
8730.99 2.54621374847911 3.12172667736277 0.90873863269735
8996.57 3.26776127778297 3.08453061405783 1.54617242845598
9055.49 4.56050767719438 4.20551470861252 9.60652949836913
9374.46 5.51287719999414 4.44949325109588 9.58015098249416
9396.44 5.61695270617266 4.52434998900682 9.78031794068374
10308.74 2.4227897468759 3.12075399835614 2.42153319258796
10314.25 3.72371196336419 4.8508393383626 3.08673469970381
11020.02 1.82530793867763 3.47905110638972 1.15076661063904
11104.69 1.57098757552834 3.03959213737233 1.14191736906287
11261.72 1.53345024966988 3.10904511789959 0.836174672245761
11284.07 1.96431345492296 4.03820242603262 1.27476337871303
11456.09 1.41514921604324 3.00156131833244 0.76765684313068
11479.19 1.4829753029178 3.17219059076238 1.86783941911744
11670.96 1.82746277777722 4.38657620965806 1.3930800466369
11728.84 1.25882973982495 3.27036184210346 1.31405972820721
11756.86 1.341598944937 3.63126493092211 1.76260484311024
11765.23 1.48006161635144 4.05691500617069 2.02344428802462
11779.65 1.29046239664113 3.61555116384844 1.60793316923446
11831.14 1.01871506844964 3.08109959003608 0.661657868706243
11845.2 1.02700807571816 3.15557252863266 1.08486422288115
11856.14 0.991355571429674 3.08417030194579 1.4635388115239
11873.93 1.04395388644537 3.31535510495081 1.15100709281069
11895.44 0.930325398316256 3.03065829968414 1.95777520996489
11965.4 0.950537271260694 3.37999288134103 1.38419321733454
11997.01 0.884971306831847 3.28262273060433 0.631057810571292
