4070.63 10.9450392176548 3.23472677808984 2.41300824363589
4210.36 43.9336181386222 14.76951977254 7.62422208903718
4365.5 12.7514011163894 3.14353642511873 5.23938264603476
4418.42 23.5234518516572 6.28450184673666 6.53956030039717
4578.96 16.7607393659791 5.39277273995515 4.75595270370286
4591.48 12.315520141253 3.80782435410331 7.10205131430394
4675.72 11.7077327314028 3.57374855759704 6.11008773107369
4977.31 11.4282929836459 4.2719261403288 8.47425487226974
5059.34 24.2587382740099 8.92787748375378 7.95157311004095
5250.02 22.7770534655061 9.74154537504721 10.5015144102872
5763.35 6.17649940568264 3.52687538348407 1.45238425617572
5979.8 5.02394582811002 3.55299830133592 3.26191290613042
5983.52 4.3139376326154 3.0328125212387 3.06772941413055
6002.99 5.64546794994859 3.26614610328723 2.83808156957639
6130.72 32.7980385256516 7.23401107574292 19.8803027567501
6174.93 18.292956154913 3.20138700294268 20.4066883360265
6216.52 30.7171905174337 5.51758443854283 11.2692699073341
6348.67 12.6506778596729 3.45597175467575 9.73641712518292
6488.34 5.83513645826348 3.29634399474484 5.3364304146744
6752.5 5.93369222299989 4.13266682059292 6.83820167419435
6887.01 4.32846728725343 3.1055283966641 1.26579310597208
7145.69 26.2965112784005 10.4531613302821 9.64757924905007
7174.29 16.6951874246286 6.3944802194943 10.3905116775622
7220.72 11.8780851681284 4.86208872623925 9.38467170522654
7286.39 6.93467107043865 3.18568126901317 11.1442409026104
7332.52 10.0955516179195 5.3367164928294 8.0811109226288
7584.15 100 30.9974523818072 13.4376865651557
8129.65 8.13674702341531 6.24683710787207 11.8606444722727
8146.62 4.27135731073335 3.21349319048527 1.57640374159746
8493.38 5.53602518504564 6.32674183667983 8.21913156436312
8736.1 4.96290098872852 4.37729014917679 5.3332686955182
8813.87 6.97918936700308 4.88553457512787 14.8059200320768
8996.75 6.63312112886915 3.34815620056161 11.5310293135553
9055.83 20.5194347651166 10.6549713883682 11.8571471279156
9373.75 15.741335699851 7.57466009084277 13.3916563999264
9398.2 11.6770952177611 5.4690048530312 13.0683389589103
10149.48 4.28217611765846 5.10318248571536 10.9216918380553
10217.73 3.62909495570994 4.2481736963042 2.31346132293038
10317.18 3.88713834200993 4.55301504434609 14.2899515609824
11103.93 2.08635096773653 3.50198626212841 2.25730020757874
11134.68 1.97470464328322 3.33216912267629 3.3642354624335
11143.04 2.20522984397777 3.74960135985184 4.21810509161878
11620.95 1.49017741283894 3.53873011527884 1.53071807005108
11674.26 1.5998513018709 4.10722268305803 2.32616277317175
11682.21 1.85038034093716 4.83013183676568 1.80727549326366
11743.63 1.04409221647891 3.07431166336071 2.80187894004848
11757.84 1.01960863418279 3.09832413841028 2.28005011106688
11773.41 1.04889520201313 3.3049583561407 2.36412202320753
11951.08 0.691165148123389 3.21162194325094 1.36577457755629
11971.68 0.778189175748887 3.80691801429378 0.705175197805147
11977.96 0.762376912729726 3.78961940501391 1.04749624037322
