4209.38 53.0152711402277 11.1374607739534 7.88433538064874
4364.76 18.1309689043565 3.96281961487894 1.88262433927321
4418.29 15.1191323663791 3.48108961624982 2.01337434436664
4578.45 13.1854487110202 3.11921675102684 3.65863991819333
5058.81 31.4098069193754 7.10434641616781 9.78024995752457
5247.19 17.4308464290777 4.51860425937257 4.78620268280611
5252.85 16.8325047131017 4.37610603423468 3.25045782238158
5777.84 12.1010839371514 3.56704224092768 2.44585123163688
6131.16 43.9210542668883 7.80154902450961 14.6081516640679
6183.36 26.506006330936 4.02207577977813 19.6155090226239
6217.54 19.8386165731516 3.06838084799782 10.9455706363742
6565.95 8.92189075871059 3.35583540651018 1.7924528113881
7068.55 10.8353035171656 3.1936867382792 6.84046967657378
7145.69 15.5862966174864 4.42589327288358 6.5920239741954
7284.66 10.6873346869273 3.33613937233632 8.99347909363769
7328.75 13.2186331616652 4.38303855359008 9.96994187891414
7582.55 100 24.0670676086374 12.3187898257247
7618.33 17.6875960009863 3.81502764202703 11.3991888533756
8127.18 8.58500957582997 3.94199040906414 10.1325342143191
8145.31 7.0325595428237 3.19392655420507 2.26436240587191
8499.6 5.86286372199886 3.30261326047667 1.10655550444426
9059.12 10.866230805769 5.86908055110992 10.4612786413527
9370.59 12.3038679382618 5.70590899595118 6.30535968955519
9398.73 10.8920436811034 5.00974853747891 9.71139633249913
10311.13 5.3088927816228 3.9729510020059 6.15008500365548
10868.46 3.81081994127879 3.66324449728784 1.60923569635816
11677.75 2.20154822799366 3.16568223292875 0.981437087793893
11759.59 2.34835300544977 4.26569842926154 1.05474427948138
11770.49 1.74215270894345 3.25778456631936 3.68376264785002
11798.75 1.55551856793587 3.19962809629292 1.40933687390316
11808.89 1.9839468232062 4.25295951821326 0.697694459846389
11852.62 1.41708059421477 3.40819725216354 1.21328022392663
11886.64 1.1614951271844 3.0424144444223 1.33197220002512
11913.06 1.29456073419296 3.65745822227332 1.29530635772062
11960.69 1.02149217400905 3.34028187432113 0.262074304426278
11974.43 0.961873113148348 3.29582617043522 0.768827891035471
