4069.91 9.87990319428347 3.43797540141998 1.20169295368987
4209.51 31.1795314308573 12.3032733341875 7.23530105297868
4364.14 10.1265424543635 4.37648301293261 5.92396548807301
4594.01 7.9702667490325 3.32265870472237 3.39093947529727
4629.38 8.66343070147941 3.22860533691435 4.24506804973407
4718.69 8.95330849671859 3.31356210052189 4.92755107404719
5061.06 19.2145914804433 8.60765995261294 7.60130252959607
5250.02 13.0026326004339 6.52369776775181 5.94343818437028
5466.59 5.23689619630277 3.01901007685398 1.47180504612061
5544.38 5.20828579313985 3.06991311161644 1.43985771061762
5713.67 5.35048479815048 3.46908115143951 1.05788956682591
6128.99 25.9707900226729 9.14037407535576 15.9624290184884
6175.66 12.984438258968 3.76473471036142 20.4548967008577
6216.52 12.5287813892871 3.80005786787935 10.7308575943816
6533.42 4.0664975876359 3.20091885067529 1.12094760257787
7065.16 4.80946651616053 3.30289196848338 2.0798499680368
7070.87 4.68387594453556 3.18169454239584 1.74882617778258
7145.23 8.10619823576321 5.39603798048581 6.53185303111059
7290.46 5.02075321251777 3.76532825545612 8.83956126722023
7337.86 6.8838519721255 5.42613556050983 12.6470188955427
7583.19 100 32.5531583813148 11.098921714567
7619.29 14.3617476907964 3.88310180785254 32.6698479940378
8125.04 3.54202800341727 3.420830603133 2.58350933426755
8130.8 4.5505455787194 4.47534792537966 3.89584850887513
8135.09 3.68256072328938 3.56082671285699 1.78047752877865
8797.99 2.56401939881082 3.23731555251656 1.54851920111105
9058.95 3.70533326484245 4.32311957529834 11.2451288646735
9374.63 5.05138545885911 4.97918874157191 7.25568799717621
9396.09 4.56140750468661 4.50388916539899 9.89595722212653
9408.76 3.09732227654784 3.00924399195756 2.57673195465031
9856.44 2.00584399383432 3.32057358468737 1.41302257041571
10314.61 3.71810650446739 5.87927069964027 5.75037877136492
10326.36 2.1685789163102 3.32406112695581 3.72879906228263
11247.59 1.5343181515928 3.28116413126206 1.80466002357025
11435.7 1.33220227718948 3.06765743737857 1.65479322706778
11456.09 1.50076720300191 3.51075007522806 1.24833457610657
11670.96 1.45780077413095 4.33197681268636 1.39132751015495
11703.96 1.01415339035922 3.19611512943198 1.37806147309857
11728.84 0.944628367568776 3.13552618494335 1.05863537694859
11765.04 1.14013005581479 4.1223592057769 2.02689485537303
11779.45 0.846153399883719 3.15341608894608 1.09374507943721
11792.32 0.870645441963372 3.35193286537893 1.57365605851192
11808.89 0.863221208902631 3.46790629546451 1.83018699592321
11821.57 0.865949196512164 3.59164184834678 1.47140214251704
11845 0.921488710164008 3.96371695200314 1.14340177202757
11857.11 0.881362394782255 3.86259946430414 0.623862812733933
11878.81 0.935677542888795 4.24838017732487 1.0745438828144
11895.05 0.849777260650423 3.96137462294342 2.11564746567819
11956.18 0.805386162112319 4.18319244247759 1.03966047325048
