4209.38 51.8080215333696 20.0734586759142 7.20209630522822
4367.11 7.39981391239866 3.10316220206359 5.27247084133523
4419.66 9.30586148067274 4.40526435819849 4.03670156756743
4592.49 9.65658881476096 4.19697775882777 5.42377111127644
4672.92 7.58889240510312 3.27937131004971 4.78507764520691
4976.53 9.0492025331122 4.792208566861 2.91983080434602
5059.34 25.2777724141297 12.6859345464163 8.38619565496447
5101.26 7.09912179350653 3.56869718858623 2.82620740775383
5250.02 15.7867314067519 9.06797788640267 8.06963342831841
5802.36 4.76649963614488 3.88898311870257 3.49432183021236
6130.15 22.896791967227 9.12568121870757 10.202155428733
6185.25 19.3559170988526 6.54964349804138 20.2179677105414
6214.48 12.7655058937008 4.35965058716681 8.8436737811553
6270.81 11.2614053381683 4.06079318250855 8.36883167867472
6346.17 6.24562601951862 3.04623906665334 5.72501818108594
6603.63 3.65374231174369 3.12314588054432 1.92792535772514
6752.35 3.29501371490539 3.07328319750362 3.31356077330202
7067.01 4.49598922313081 3.03023207121876 12.8064909307777
7142.74 6.93666473824803 4.50851771063789 8.77276988271115
7175.22 6.67307046173774 4.25452028513311 9.04410086225835
7221.5 4.63124500664403 3.09258125069595 10.5270156387514
7287.95 5.92769465150309 4.4744696195862 8.90354571557054
7332.36 6.03518149279654 4.75680515571271 10.007768667936
7582.07 100 36.9314702643669 10.8200338799188
7619.45 11.1632467128077 3.497351504345 17.767109617922
7720.83 8.57802118105203 3.07801615753282 10.5059498640439
8131.13 5.25134447522039 5.64163984522888 4.78098023427083
8489.18 2.72331615222221 3.88594923674803 2.90837326459041
8739.67 2.65995293243552 3.66715625762951 6.79145971206162
8796.28 2.50279595652311 3.19648991577223 2.2085640301957
8806.01 2.73982035903265 3.46453227280271 1.83017438510251
8811.48 2.6465150319142 3.32014955518071 6.20457142490886
9054.62 5.68298752887464 6.36695357396381 14.2041523748867
9372 5.01377428622463 5.29700270689963 10.210076198533
9397.5 6.67711679190499 7.10767296832187 7.34170695610192
10145.29 2.13777121862279 4.22395618139044 3.94675876874317
10219.74 1.6176681812758 3.10495675339466 2.53990523424
10311.13 4.42729447262217 8.81663643082621 10.4867437213888
10323.98 2.27315882291442 4.41715098848928 3.48328325135844
10376.18 1.67044762832106 3.27846516609862 1.30633309699078
10762.71 1.33380901530967 3.13731807363106 2.24904582368254
10843.67 1.26640490207852 3.00955624449584 1.30027109628099
10871.65 1.29921435894099 3.10256494902993 1.9037278106025
11102.79 1.2289767868613 3.10252102726842 2.92376264220911
11108.48 1.19986332722572 3.03152610642873 2.9038703821916
11678.33 0.799812059592754 3.15793691424435 1.93226829824198
11704.74 0.783390024892733 3.27468846809754 1.33818922292448
11758.03 1.03337455437818 4.91324556679709 2.39012652993551
11766.6 0.762488086003175 3.69476102324391 1.33169058659951
11774.78 0.636466146437074 3.14421917623741 0.667249930047547
11781.01 0.721661916767303 3.62942491296694 0.450458728373633
11814.55 0.697555343392842 3.85124587083926 0.729252124201594
11823.13 0.560984136980007 3.15828374178412 0.307194179673388
11834.26 0.626679141424955 3.60102352604928 0.790604697775052
11847.35 0.650642554436636 3.8281267413311 1.36987495083486
11858.48 0.570957827539589 3.42469999125023 1.00328157431977
11871.19 0.594722098627775 3.65385234173916 0.787402272324471
11877.25 0.623553134957251 3.87645708065747 0.329415381342187
11889.96 0.826904132997307 5.27599355185588 1.49635262078118
11897.01 0.582598021564217 3.76168333901826 1.02374936962588
11904.84 0.552494397693738 3.62218690654302 0.370586877827009
11917.18 0.584616516337831 3.93143175901005 1.27989196483213
11935.79 0.431886000865263 3.01459816252468 0.695109887752551
11962.85 0.505929244366235 3.75187250328915 0.444857580459939
11975.21 0.418337359529613 3.18905350403168 0.80472783132609
11982.87 0.413799892558666 3.21181769632457 0.590008639432199
11992.1 0.392981698361432 3.11805293551432 0.891124003179357
