4209.51 34.5762897997398 14.0450542057215 6.82354951966499
4365.99 9.83072929529072 3.89362836398979 7.33338543701757
4415.19 7.62730585697193 3.21363348226075 5.33678780113769
4579.84 6.98297815376728 3.27256356696214 1.91603433177079
4591.22 7.86462013260228 3.63108850217331 2.82951074036009
4976.79 6.53572078815647 3.13021207311492 2.33950878573341
5057.75 18.6942519237795 8.65543937734124 8.71491109508406
5251.91 9.96923724005516 5.95398127512452 8.14859824229461
5424.4 4.63476130799204 3.04735585590441 1.2855841404571
6127.69 23.6425034310822 9.70251588143189 7.85800902185656
6185.1 13.4697288592642 4.6287846615169 7.77812972498941
6216.08 10.280710722755 3.59041362193502 7.676402850052
6268.76 8.97465945484197 3.30221125416159 4.32383229043171
6811.93 3.59065619895479 3.18714647963264 1.31623126232807
7068.09 5.60605766532714 3.67267174107292 5.2402513764664
7148.33 6.4615422491905 3.89121911680954 11.4168896798201
7171.02 5.90021300090463 3.45522264789004 6.48076623536781
7221.66 5.2601619425392 3.25444595188431 4.56592577339143
7285.6 6.1904733909425 4.31894478484806 10.5083448275682
7334.09 4.76685811759582 3.46183011654265 11.3195448456572
7581.75 100 32.8722795892562 10.889829635571
7618.97 14.4386746023326 3.99423719008184 16.8858870977165
8129.48 5.44718089208153 4.99397760040008 5.94969879125438
8490.53 3.11039679202252 3.50601031442743 3.62469174763464
9053.58 5.99462580886055 6.1611775128529 9.59863340652737
9370.77 5.65035325916786 5.45916959605174 13.0367201800982
9397.32 6.41023087231119 6.15870085330696 11.6101253768375
9412.28 3.30726552148799 3.07327900306615 4.07130520425926
10311.86 3.05481392727297 5.07643112786696 16.5722751165431
10325.81 1.89536176296709 3.09135604923534 2.72336626885954
10658.16 1.72158045816992 3.43761470200619 3.46521963673877
10844.98 1.55863082356552 3.15863185550204 2.62562066929786
11128.6 1.54709376754695 3.24774944272872 1.29239776892246
11137.15 1.50285245827578 3.15909788744574 2.59928961563492
11498.65 1.22169468287597 3.01893255524144 2.550214556637
11698.91 1.00182836697957 3.24893864080378 1.14604278301886
11730.4 1.16316750584337 4.06528451044118 1.12674369721572
11744.6 0.86922492862182 3.12531063660895 1.16062833055184
11751.41 0.957052232879203 3.50630294557441 0.715715881864526
11769.71 0.801185288268878 3.06431206490034 1.12878575956529
11777.89 0.847498505818244 3.31558188923384 1.67398358299943
11869.62 0.65490913946542 3.17010002548059 1.15591886584843
11879.4 0.913202900303417 4.52897221049274 1.14271417128657
11903.86 0.656138383340586 3.42029267317902 0.849811250447601
11922.07 0.799749152253063 4.35361273218504 1.24056589844986
11933.44 0.566676866525979 3.15857046477363 0.997025390477575
11978.55 0.487699660847069 3.04362734602344 0.448681132947968
11993.47 0.629089349036015 4.09552293478623 1.17701772597866
