4012.34 5.71401159922324 3.03711853019298 2.80849925204393
4150.17 100 25.2982029648236 7.71399619391195
4189 17.4397867978609 3.77960296701805 7.88249108960918
4209.99 54.1435623005079 11.6808106799328 7.22363873995619
4282.09 64.280844632224 15.7452427402683 7.71685940849511
4439.2 5.81867130214858 3.01558626929204 5.85625346333018
4493.03 9.05924206357677 6.49856964627444 8.11352702904878
4670.36 9.00178442877745 5.97691508514768 6.80328365341029
4893.82 7.65444915528254 5.12573328926101 8.64565264217435
4979.81 15.2516364202784 10.2459660530865 7.3155464197207
5075.24 43.865966572069 18.2908965977932 8.44193433656528
5170.31 53.2047433740981 14.8878131066606 7.89774360606953
5250.43 42.8260644420525 12.4957950689278 8.46678373526993
5289.96 11.1197678562686 3.54121342459861 7.81227488277545
5378.14 15.1539944151795 7.02864442924515 8.49230641001122
5613.09 12.2010666942362 9.94091651646506 8.65436822891297
5813.66 27.2107834164962 14.6828576746302 9.13331138859485
5928.83 38.9190461028152 18.7866761258267 9.13271379444268
5969.36 8.47116353670115 4.25673087566768 9.47567928784338
6141.44 40.8285428374725 9.7257982462384 8.92798062025304
6218.27 40.0248046985148 6.96049746333166 10.1343607954941
6242.03 63.1341555035926 10.4225286706553 11.8154410587076
6313.42 18.30431306487 3.23684677653778 11.1231183797327
6569.08 31.8257518358172 12.0532586420382 9.93937814830042
6741.61 38.5099331629407 5.37502170082052 13.0278564160517
6785.52 67.9218072084724 9.48201566988483 10.8939941402641
7102.89 16.2530623355721 3.74938639311861 13.1806043651632
7136.38 23.94720750747 5.8878037352683 17.7800206363272
7473.45 17.9294935114879 13.8050790190279 12.0763501359252
7622.33 4.11385191611731 3.04126580094829 10.5791963508309
7723.89 9.31936838259876 8.78686133396806 11.9782335572108
7831.72 4.29604192940135 4.24407148468094 10.2100999337445
8007.35 4.4279387815023 3.78704632075014 12.3363866202581
8063.55 5.77521093049711 4.8270449832499 13.3117786436596
8271.22 4.73634646085591 4.72762696506119 12.0475067261614
8283.84 4.41061539090267 4.48053383195429 15.3863223820263
8705.99 2.62145977657282 3.08002719454819 10.6618945837999
8811.31 13.9535628697001 11.189887136513 14.3102129524686
8851.68 5.08875669358894 3.48824819123483 15.1265683769088
8929.58 5.33433929666014 3.21261448524133 12.2740435342457
9102.61 8.89605003087558 5.70815966626134 13.6255317637824
9375.16 5.74858058547524 5.3868747863996 11.8357892302956
9447.88 3.58077700185274 3.04856589883048 12.6359974387251
9550.44 13.2942268174165 10.5491040296598 15.3088216693413
9586.1 4.98390891281651 3.7604470725997 17.1400148946777
10027.38 2.9815907717252 3.76282581172244 13.5659882517848
10151.49 2.4956094317155 3.03956666074173 18.7461941351175
10222.85 2.470055419375 3.10007872964957 13.7970683680851
10411.73 3.24169639973961 5.33902485651175 20.3592127405627
11389.6 2.02858893457741 3.81990226334688 19.4443649835412
11458.97 1.84993317315973 3.4700777554567 17.2153609160414
11802.26 0.475374708590504 3.38644985343846 0.745776082894736
11822.16 0.377105528915536 3.20997612897039 1.05852573470111
11846.95 0.525689521466459 5.02601058464652 1.27649284951622
11894.47 0.358015359488261 4.27759916031624 0.933520163613139
11925.4 0.229413587230325 3.26024145265676 0.292157728690654
11944.22 0.421138412782084 6.93763076451273 1.57555858521664
11951.47 0.575646323916968 10.0612312420338 1.23223227528251
11958.73 0.614410971262832 11.3873270878782 1.6593003682101
11967.75 0.264415030233905 5.2356080400526 1.16297411316918
11989.94 0.203407777684456 5.00808244032041 0.287249369268466
