4017.93 3.22958986671675 3.62052445345296 2.36697675408459
4149.08 100 31.4144840871536 6.71533794983952
4188.39 19.9508346314308 4.79071467707894 7.53517520690457
4209.87 43.9049566631069 9.77415761806309 6.46423492724807
4281.47 68.2429921416571 16.4153805413536 6.62990122628889
4320.25 13.1216952760081 3.76444833613543 6.4092860925939
4440.19 4.75408684702441 3.85162373584638 5.83159868173789
4492.28 9.71571108373404 11.3624846372413 6.20354851554657
4533.7 2.49152889999916 3.41405496467493 1.34171599561341
4670.11 6.22961572904687 6.66397946377567 6.91767932600214
4893.04 8.31465652856203 7.92868497596126 6.83579826480491
4978.63 14.0883467631158 10.5937138045249 6.84783061100188
5074.44 46.8865496960866 21.0981941696566 6.96684576068401
5113.89 11.3335927950005 4.26238651252208 8.95774578017517
5169.64 52.0967634579464 17.7824137033109 7.31172548904851
5209.15 12.0764451070003 4.10315179063983 7.48991403791388
5249.48 34.7584269017758 12.9373235738277 7.35693185097716
5289.42 12.2232336071656 5.05346332675599 6.99862039425716
5377.33 17.9067751165943 10.7178350291691 7.00485343528271
5415.93 5.49789677505936 3.93076023338977 7.15335184993637
5612.81 10.9158219784575 13.7741299842273 6.40454400697854
5651.08 3.23957909064317 3.85360293484411 11.2334900917222
5751.96 3.7183410325793 3.03572071939447 7.21756233086307
5812.38 26.1991023218301 16.8262723779975 7.78186296762487
5851.69 6.87380883341681 3.93447372821101 6.72070870518928
5927.83 44.3186048953165 24.2398811464512 7.56973932383335
5967.64 11.4004175007895 6.49613394032654 8.51797345712112
6141.15 30.609547945258 9.79491588526178 7.26482511863651
6217.83 29.5197927396998 6.68513963412472 8.04424974374342
6241.45 59.8171964878322 12.7472497507968 10.9766646971357
6280.9 15.877633862391 3.14566115948578 10.7428030963947
6312.69 22.7526370943206 5.09912411291782 8.31176953664271
6441.78 7.17285287841569 3.14851739845622 6.36328409759335
6568.63 33.8747509505784 15.3101254459351 8.12333367584415
6742.37 32.0045237743477 5.85917745669932 11.1893890114261
6785.22 80.2699928676874 14.7278593639414 8.62585730697901
6824.24 26.7929250948723 5.17833487337147 9.09028047908487
7103.36 12.9574857992319 5.49393241307316 9.73868380747626
7136.22 18.7110389353079 8.5599977272331 10.6423696123984
7175.07 6.49400761973686 3.12416836304158 9.25237999223191
7473.29 16.1770161515331 17.6513454647706 8.57994016121847
7511.22 4.72363197860384 4.71707470370237 11.2298967281586
7622.01 4.17097135845356 4.42453579394189 8.52343362444117
7724.21 7.75514149710389 10.5242714978177 8.74401118680726
7762.39 2.49629564182121 3.45873189297167 8.48206467725686
7832.21 4.76796724899894 7.3633629452616 7.80055942416948
8003.91 2.711482689746 4.05676916909409 8.71479727619953
8063.88 4.54799289243073 6.98339346446145 9.52109204115095
8269.39 2.13201905214331 4.02545136618823 9.11534983246383
8283.51 1.70556805423284 3.2497613598923 3.82346941003743
8793.55 3.72680644643873 5.55943337093239 10.3943543247315
8810.28 11.0010408631661 15.8936879465036 10.9322092846396
8829.43 2.34858390689981 3.09079001637733 10.6021339284071
8851.34 4.11236823997412 5.21194087267913 11.6876051961117
8928.03 2.58083918935227 3.01388903106173 10.5602885187764
9101.74 7.17678679091778 10.2760781930503 10.2951387481899
9139.23 2.41898063324493 3.59166908239424 10.0522967115376
9372.52 2.34576766776715 4.70377582806219 7.48023505753554
9550.79 9.03156922699081 15.4989692831816 10.8051802750542
9588.4 3.76566634024001 6.29693892329289 9.04455063366731
9909.36 1.45745049120311 3.52098735577871 8.10596655201152
10027.56 1.95405645966159 5.37991497883949 11.1839752946835
10150.39 1.47657433132935 4.12665222809889 9.90267273297468
10226.32 1.1067685523814 3.09354432628722 4.62139947553624
10408.22 2.32103350223552 7.6071438658034 11.9549372545498
10449.73 1.22398803943429 4.04912025888649 8.11125925371744
10957.51 0.9378095685282 4.34799556468697 10.3121473686442
11390.75 1.45666750078121 5.06378056929481 13.700806462477
11428.59 1.0378935835128 3.48592084064423 5.06338684873663
11454.55 1.59532621033367 5.36206967254687 13.1982919508537
11494.79 0.920963617802989 3.13988372694753 6.01539150063581
11952.26 0.633568599877344 6.68151260393391 3.98604849591902
11960.3 0.335592938106303 3.58812617904716 1.57487751778535
11969.72 0.368977712245672 4.01759104056368 1.09042668638358
11976.98 0.282632763342975 3.11980239071406 1.24033076900196
11987.39 0.497223565688965 5.60556657758503 2.49135940900123
