4149.93 100 31.5117698538219 6.5698128180502
4210.84 52.9450744729624 14.0281842946603 6.39548889959497
4281.96 76.622939072415 20.3528353745773 6.91092667749854
4441.31 10.7231228915536 5.85006236795802 5.56471455690098
4493.4 9.48063741215056 7.89012141916082 6.50052706435781
4670.11 17.0502016925314 9.38320874116202 5.81510417657228
4893.3 9.66466320866589 5.09904556275898 6.46502763813351
4913.53 6.30888916183532 3.32642172284273 5.90612610026255
4978.5 17.9550944402043 9.6812440580342 6.82378475921269
5075.77 42.513222872323 19.4391261896432 7.07798654190356
5108.3 8.04260176000166 3.37599213331253 11.8652562108218
5170.98 36.6340751216071 14.2772282436807 6.99201793864086
5250.83 33.3676132946213 14.0387384510485 6.9514993195944
5289.42 7.79156085263163 3.54757054417672 8.02056659121536
5378.55 22.2841360006443 13.0225566959163 6.44118057199103
5613.09 16.4842409325473 11.9722743166659 7.46281077242747
5645.22 4.45674654047738 3.17386127518807 4.95929361929666
5753.09 4.56483254118409 3.07985628186667 4.66042804774224
5813.09 32.7068722576821 20.1746729990689 8.05042963348478
5928.54 50.0346561670696 30.5019185899653 7.45200923287484
5966.36 7.36384500569722 4.76901326793388 7.50538556028368
6142.45 40.3814678446497 16.0492756182071 7.70019868888085
6217.83 39.4382736745101 11.2153878429598 7.64727890947961
6241.74 68.4483256624439 18.0796894980833 11.3562634914915
6313.57 27.0044384087403 7.43861784479463 7.64854666141127
6444.44 10.8435584828273 5.20786355428276 7.52803059292455
6569.23 39.8112960343011 18.0246887734952 7.75401866289121
6742.82 39.0351993632143 7.82121760857779 11.2833784567802
6785.82 99.9139321153339 20.3674447970116 8.49739970196242
6824.54 15.4825558466744 3.31182478436428 9.6303787708639
7071.65 10.8317799669161 3.52362175966282 18.6207334976843
7105.22 19.3330410693864 6.62820493575289 10.3906158049867
7136.38 21.2017745094484 7.58029207157732 14.0206094185905
7474.72 16.1311167722751 12.5661073017275 10.6489173611426
7501.21 5.82520225740967 4.3682489327119 11.0661861740846
7622.81 6.19095753986466 4.8603687324995 9.07604942091348
7723.72 12.6477599425662 11.7062353606163 8.67372070140573
7830.75 6.17105138182824 6.14392329765541 9.21231524172708
8004.9 6.81909631391721 5.90027280409526 9.03940564772438
8061.58 8.39132542216935 7.27385938560936 9.49673218384487
8271.55 4.16616421169561 4.58115948729238 11.7153339154829
8285.67 4.1868838101101 4.69864964515135 5.24320607281152
8702.42 4.82767149686104 4.70408471982598 9.87814235296901
8791.67 7.0353554908406 5.58531041459581 10.297620334195
8810.63 20.3035288332067 15.6108220720474 11.0051791886926
8852.02 4.43668697588864 3.10665406126915 14.2431910031373
8930.61 5.85937709914842 4.04131801944337 9.67254344779394
9007.96 5.59695856223706 3.93687631907336 10.6579305595551
9101.22 11.0160737486681 9.47987522192593 10.4316038475044
9125.34 3.53827216201451 3.12086248419314 4.70528713919521
9375.69 6.78032430467468 8.05538908141822 10.1537990370507
9549.37 21.9594006140103 20.3973892555608 11.7571853295576
9586.81 5.21289246398989 4.60900078233178 12.4308542863237
9710.57 3.42061913946086 3.14261217776582 7.49903508589887
9908.46 3.30701877193384 4.20091642905736 11.5327264188691
10029.01 5.39624617160751 7.43717992364781 11.4464063645264
10150.21 3.67829741052317 4.99989281329683 9.81617853432726
10223.58 2.91122380599195 4.06216191002048 5.50137652208468
10406.01 4.8438250765595 8.19711068674532 14.4489435268479
10439.21 1.85358153063687 3.14634698482992 1.61419694884717
10873.91 1.44429115221498 3.51727524826653 7.73839335625053
10956.19 1.28934948441803 3.10520584379823 5.18604473938831
10968.45 1.3839284138003 3.32958719041045 1.33230299513707
11389.6 3.04897769734014 6.15950134170946 12.3883270132392
11452.05 2.34354207975705 4.76554731603139 13.58389396245
11823.33 0.86023843598599 4.37951916709326 1.23831007839908
11831.14 0.672271265350851 3.46072306978055 1.97769059993334
11866.3 0.62299475828967 3.41294203281093 1.00691223167996
11952.65 0.893932033176238 5.82663705222763 2.16862646016853
11962.06 0.700514165005627 4.65761456013716 0.750515660674864
11974.82 0.451318670359157 3.08436798950173 1.35783959494984
11989.55 0.652996175720124 4.62122763693092 1.18420666057318
