4150.17 100 27.358281240308 7.5253804890699
4188.88 19.4288955184352 4.5340941100031 7.63082418246722
4209.99 49.0996950481555 11.2150257646283 7.11386986302296
4282.09 63.6326397177365 16.0244465642784 7.63339955769425
4492.9 9.25566743840448 7.29558314666333 8.01520387750406
4670.24 8.9067739118841 6.63766829936517 6.94195830912486
4893.56 7.7305991122038 5.57469373741982 8.28587859383879
4978.63 14.0782071217506 9.86989441114851 7.08325039907413
5075.24 40.8255614636544 17.5561820210383 8.31837646198983
5113.89 8.93008351560071 3.04964844142661 10.8544667977712
5170.58 50.9675041527982 15.3088394724479 7.74562532832533
5250.56 38.6884948524032 12.2935954380186 8.19202104862507
5289.82 11.5984348554889 3.99544319121179 7.01177335939246
5378.42 16.1024448001851 7.94516896560502 8.3790011277988
5613.09 12.6804460058584 12.7936399929486 8.85527455250394
5652.33 3.38408262958449 3.28051267925321 10.2062455698197
5813.37 26.1024167668758 15.7818488800596 9.16153568383288
5852.12 5.91544390982562 3.18325731159352 8.16389675113442
5928.54 39.1641307888054 20.534758438732 9.32379661520008
5967.5 9.94979811546223 5.4605017121219 9.78137906766005
6141.44 36.4563923844997 9.9875911682197 8.75184974987405
6218.12 36.1800397158804 6.8122984586755 10.0343744045567
6242.03 60.9799755515523 10.6614994337262 11.9173334836942
6313.42 19.7956787550091 3.59519417860127 10.7682860017767
6568.93 32.3389899467951 12.2944368327717 9.62111680171256
6741.61 35.7962582953087 5.08673492711059 12.6295843738335
6785.52 71.9718697402835 10.2967372712132 10.619444881806
6823.93 21.4042708123293 3.25618104486568 12.2008127370382
7102.89 15.6909491067439 4.0325364214706 12.7347456101916
7136.22 21.8154911901747 5.94099992474898 17.6570183716776
7473.45 16.0735433526541 12.1816169481061 12.1130827045072
7622.33 3.92114432208136 3.04061628852901 11.5512758118984
7723.89 8.49214744724823 8.82968789055169 12.0110809557773
7831.88 4.48058423121703 4.94790406169717 10.6146453374158
8004.57 3.70310041469563 3.37631584152236 11.2408955438468
8063.72 5.73608746049424 5.15623338060141 12.2507890064308
8270.39 4.07408657007014 4.55288856177636 13.5524107692418
8811.31 13.4750964043334 11.2714365694981 13.9076137927223
8851.68 4.90204643636187 3.48649234150374 15.0498085747931
9102.26 8.16769282326293 5.73969676810289 13.4068406364077
9375.16 4.77832015944067 5.19352974842837 12.1714228988039
9550.44 13.0607153917558 11.1717607897107 15.4324207510963
9586.27 4.79221837395285 3.85447741983771 18.8173885585638
10027.56 2.81666655926036 3.90615538715275 14.8495702565651
10225.41 2.29029105027273 3.0282772026244 13.5697324252924
10409.51 2.99587198114244 5.04273996501765 20.2477006892386
11389.6 1.8636659153507 3.90348030003921 20.6398148867265
11458.97 1.83627758131695 3.75885663620718 24.1957449278962
11846.95 0.519836496434884 4.31877205636231 1.20787543717597
11943.04 0.297786891562667 3.82181820462064 1.95645586064165
11953.24 0.489355463684201 6.75606797010557 3.08436846873701
11961.08 0.214843642505687 3.05480691754495 0.39284392854097
