4016.15 3.77454355557218 3.09169804176115 2.01128095800823
4149.2 70.6500569701762 32.7113040859164 7.43576603153451
4187.78 10.8853561057032 4.52257158218574 7.30120551251002
4211.57 9.36745882747663 3.78685393366457 6.92879667336911
4281.11 34.9356715822422 15.2361311773884 7.94700903040484
4439.2 4.42544875042707 3.0878903945604 5.63756093542816
4492.78 8.94794520607768 6.98353770073063 5.63877166641214
4669.85 13.4985078420325 9.29860842808253 7.7647304232687
4892.13 8.97304102277798 6.87894802075031 6.85442872841941
4976.92 4.42222547452254 3.67494665390589 5.72313563886746
5074.84 14.3729632909473 11.7448705735066 7.9416087067666
5109.76 4.0093842843674 3.17295159265674 7.09097499301424
5169.91 3.8277417042882 3.02495034364933 5.86530226651848
5250.43 3.94238270526667 3.12240707330018 2.6270372696963
5289.01 6.76912434910881 5.19183303474101 5.67625446254897
5378.28 20.9339336756638 15.4570034091196 7.39175219255594
5417.84 5.65534450075276 4.22913270316412 14.0108304393743
5612.67 17.9779794275557 14.672442671673 8.42607663923809
5625.04 3.75027532633489 3.00522141644697 1.88836496776185
5649.96 5.89853287462362 4.69987795913881 7.42731558174546
5752.24 4.41865313340794 3.15644795149684 6.15578170422486
5812.95 23.1390092270561 14.6843581881221 8.28713873629295
5928.12 39.1919394434452 23.6154045691821 8.64081745716885
5966.93 7.4468978909972 4.80770358828777 8.97401821216317
6235.18 43.6233129321541 15.1840446410841 14.4243236675156
6311.22 35.299475136596 10.9547550871587 8.85383029025434
6444.3 6.91631182900431 3.2102146419315 8.00018103038201
6505.88 7.21469141331708 3.78260003776885 8.5262555089721
6567.89 27.720849318363 14.1004045203598 8.78286922976986
6742.22 13.4341112146249 3.02681874037566 10.14249086571
6784.91 100 22.8737020543705 9.11211662396636
6823.78 25.7871377157274 6.1791694098153 9.61862647133876
7103.05 9.90310801422012 7.56903312869422 9.50456011509959
7137.31 4.91421512950856 3.99665382733943 15.3080249407922
7482.65 5.06545800151912 4.23452600272312 14.0615665695577
7499.47 9.49218239820885 7.83021783074425 10.4546490440225
7830.59 10.4164220534332 12.8068613640369 10.0210251677527
8005.39 2.98668176545797 3.08313035541355 4.64263275698158
8062.07 9.32440608726093 9.84125146371841 9.10422813916284
8133.27 3.70366123550724 4.00472251726942 11.9214141703105
8352.59 2.98008750003994 5.11618009760626 5.44497800684258
8700.89 2.78634051581799 4.12321170347588 8.0708530236534
8793.2 4.50753702463974 6.09755872536773 9.64270663672323
8810.28 14.604872111556 19.6509362829268 11.3553763654654
8847.91 3.33206465294473 4.29306776857946 9.82316198092121
8941.96 2.9015934161872 3.75593446063689 9.00588662846349
9101.05 6.70053916799672 9.44983449168651 10.5393205524888
9549.37 26.6714856022002 21.349703499721 11.5445705826405
9586.63 6.34306289808018 4.88353182831003 12.2444780047899
10026.29 3.57737929182492 6.04274578575231 10.4611297889096
10408.59 2.52413719518763 5.78266970683493 11.0527754264367
10960.52 1.95254042713194 5.60286939643429 8.99589617396123
11389.79 2.34853217909056 5.85462962844753 11.9095616046961
11454.74 2.50437363467764 6.04888261417722 13.9521454515707
11861.41 0.515264266596999 3.36951765786689 1.58865096749832
11929.32 0.527540772897642 4.23983555140139 1.23365954736073
11946.96 0.384027502212303 3.27048118339823 1.10687103303826
11959.91 0.424584124437833 3.79436838824208 0.622624333722342
11974.23 0.584512718542417 5.5270463223659 0.715081529147938
11992.69 0.390562769294213 3.97261860343107 0.767018418649968
