4012.46 5.82844284497547 3.71102395441798 5.92367331670584
4150.53 98.512765718307 34.2733066031597 7.28619241263823
4210.36 22.5563058914874 7.39036962909384 6.36440633149687
4282.94 65.7791471944464 23.5723242231985 6.87297224679241
4441.81 8.25136148342294 5.72974278403218 5.96703630443062
4492.28 8.81963637765416 8.30977675002122 8.55503607444098
4670.36 17.0212852000711 8.84234842605393 7.3924899530648
4895.13 10.3732678683284 5.98895792352319 5.66123712228273
4916.14 6.0059645595124 3.47874856830632 6.63145017547413
4978.76 12.1109662182162 7.48851825658366 6.7378416217889
5075.9 34.0701393089714 18.3292823507136 7.66572567709954
5109.9 8.10612078801217 4.02416596937524 10.6767509663923
5170.84 23.3918026679778 11.0980560921807 7.60319845534286
5251.91 13.441496746306 7.30181571058685 8.04676898099933
5290.23 8.18039625205369 4.8980344115259 6.51163269622703
5378.82 23.7763595141717 17.1896891894222 6.99176359656576
5613.79 15.8535797873878 13.1872011694847 7.62148078822247
5753.23 4.81499955432139 3.5924413693101 6.27608719785894
5813.94 28.9974336630931 19.3498106935415 8.36865737913104
5929.54 39.0111451877875 26.9958127608111 7.62391442477929
5970.65 4.14289036030516 3.13706161595979 10.1783930984511
6142.16 13.8401271585263 8.33816940747122 6.76724183229817
6218.85 13.8584232578855 5.64175623996216 10.814143058361
6242.76 61.2141844617177 22.8306878443294 11.6517343541145
6314.01 23.863481265695 8.79979536977665 8.44388217320284
6445.33 10.2970325758743 6.04202124385928 6.56696620896582
6508.41 8.97121417186567 5.35409055847412 6.30690779113957
6570.43 30.0924016140888 15.4298070079599 8.42632765336202
6743.73 34.2406645958216 7.94938187667605 11.8776483148677
6786.43 100 23.5856837563846 8.74078118545913
7072.11 11.4145198786457 5.36647696810902 9.34801626364333
7105.84 21.1667487570546 10.587315367447 8.90137585031334
7136.84 12.1093379728878 6.30460165281379 12.6347201634389
7473.93 15.1248579067706 12.8392960861818 10.2703554486261
7504.39 5.51009100756269 4.41889175445096 11.3102796454896
7623.93 6.09466417651865 5.47748465564142 8.8257548655356
7725.33 9.25808360390842 10.7930452018296 9.51453178908559
7833.34 5.76268987028546 7.51597116354838 9.30945370100108
8004.24 6.75354847073186 7.31044256836834 10.2111201367725
8064.21 8.51177472558071 9.19836086063258 8.8729460194927
8271.88 2.88405352597713 3.84411124555553 5.30616332823411
8355.76 2.52508590522685 3.72756908936809 3.34231083552186
8703.61 3.85905948440425 5.17334026072216 10.90902816171
8793.38 6.24821438475072 6.94407546585098 10.8661384082698
8811.82 15.8646096281216 17.0665038495453 10.9097432814815
9010.03 5.37504915833795 5.28563991050018 9.2597600862191
9102.78 9.22409698411248 10.624159444862 12.1178952341925
9376.39 2.90560061730005 4.43202223669826 10.246747782654
9509.53 3.04579858855385 3.97832979416377 6.16572125911443
9549.55 20.2725730414998 25.797990559951 12.0139141679647
9587.34 3.09676683051283 3.75177167211491 12.0706213936992
9911.71 2.69787876442102 4.26449387501605 11.587886959016
10028.1 4.98779291942153 8.57778279458097 12.416253764648
10151.31 2.77898214359317 4.92079072747946 10.1895431848898
10409.15 4.93497433881844 10.6420139978779 14.3045557870846
10426.29 1.51537908056426 3.17163665712203 2.91509687819234
10509.43 1.62293922532542 3.69003503879907 1.75958006080691
10872.97 1.46148948572268 4.18110987815618 2.76608662344188
10962.79 1.55130820448273 4.52792496050855 4.59661214381595
11391.71 2.41484118084828 6.38222294030707 9.3993394861518
11459.74 2.06821629907656 5.52812091261305 9.4662857741223
11571.03 1.04460540244911 3.27568337801719 1.166265263284
11763.48 0.598285993367733 3.23599905173347 1.12298593529158
11833.48 0.436736097882793 3.16832116483389 2.41991818720453
11858.09 0.448322253902651 3.45699261810931 1.24577367048187
11872.36 0.461609892600126 3.69413066243539 0.907799267693917
11887.62 0.619891672588615 5.18098819135725 0.659953513342771
11894.27 0.360244141498549 3.04979745370187 1.00027041301291
11919.72 0.51675382022336 4.72328429317381 1.16156533847061
11935 0.333433241096216 3.18134657430932 0.716680569266828
11957.55 0.337480111324022 3.46445369949568 0.5419944906007
11973.45 0.489493740069573 5.31646255352648 0.744239449359156
11984.44 0.363278584272293 4.09911902059943 0.477048202985316
11991.9 0.360221224742291 4.17845962627305 1.53933138002867
