4067.16 40.665206156956 4.62928469669035 5.17647179142295
4149.33 85.475143697472 9.64407482354189 6.98859066662862
4211.82 51.7539920797211 6.67274180875173 7.85944146932161
4294.71 35.2060553403291 4.7610017235707 4.73207566713791
4419.29 34.0841048954759 3.91939429079857 4.63167985191467
4442.31 28.1133155370888 3.42082834321847 3.31845403636362
4581.36 25.9646077859581 3.88013923823521 4.75303768828871
4670.49 96.953999322925 13.22578349712 7.40756266370136
4893.95 23.6648263643832 3.88260529680565 7.26157150361087
4914.44 31.4160212743335 5.0273625488644 5.08200214727549
4979.94 30.8896981308648 5.14614463484146 6.35537622700849
5108.7 21.1107271490329 3.71582382764364 5.64239033357262
5169.77 45.2005052733003 7.12845756669123 7.57235240504451
5249.75 29.5761813366681 4.20675654080398 7.05622855386446
5379.51 50.3013648085708 8.47749714183584 8.99147302506663
5815.77 19.6914360119148 4.21427638807785 8.2200471587912
6142.16 54.2423948808856 7.77903351608927 9.23306548207256
6218.41 61.1596560951997 7.31904170753017 9.61159774529278
6242.03 35.285181772101 4.05866721727336 10.6780059934372
6313.72 66.828490791837 8.35750806622699 8.04051531068853
6348.53 33.0937705281281 4.41374037771346 9.59580493450085
6442.08 20.0212128736454 3.5339082609324 6.9534871757005
6506.33 27.8444819889707 5.89427413827776 8.56011462573497
6742.52 42.5752222041375 8.21447219979587 9.84693290507221
6786.13 100 19.341659735203 10.2799857939835
6807.98 16.211759480616 3.01023629266741 1.72387014417382
7071.95 58.8068871675717 4.41721866710081 10.5313391030322
7099.33 46.8423920360522 3.54194745967457 11.8047297562707
7148.49 47.8257436997793 3.71106050837129 9.06286147228093
7473.61 20.6950860529717 5.57635781295738 7.83563232029792
7624.25 13.6805450865028 3.81614325347964 7.49641205766238
7723.4 15.6131931627936 4.64955983980231 7.04272333853714
8005.88 18.3633455479371 4.9486109174945 7.26596061142664
8062.24 16.8750790108608 4.47491855207378 7.83271048742154
8136.57 11.4588863934032 3.07304279391939 1.94465864717313
8491.7 10.4488682757169 4.44657189918663 9.99476216480616
8812.68 29.7095133486026 9.46395084870187 13.4252626951711
9058.95 33.3579181918089 7.35497199839462 12.315294840977
9102.26 18.9433641586171 4.27850142713507 11.5111835925181
9374.99 26.5051590593246 7.61471073760154 11.8968211349857
9549.37 78.0156004357888 21.7120743606087 13.8304695298884
10029.19 14.2038553509991 6.49473373149502 12.1126890223077
10149.3 7.44670563806468 3.13449489860192 9.0059883593749
10223.76 7.2170347576476 3.11549029342237 9.17251070342354
10408.41 11.3919317528015 5.7788130557281 6.85434830427766
11464.94 5.24377769347184 4.10708826649432 2.51036203007243
11679.88 4.40615714417137 4.38550704897667 1.95325243312982
11691.92 3.44415193630201 3.49412500335835 2.16969481355045
11727.68 3.27842144137718 3.59263842085897 1.13259661676057
11766.99 3.38785738041276 4.0773102872778 1.21711777259952
11778.67 2.47970025847549 3.05410696268535 1.0833366693787
11787.64 2.92964402500718 3.7056124238778 1.22893636009212
11831.14 2.18099378648354 3.06262526613215 1.16284386899679
11839.14 2.17321838081472 3.10000248058072 0.93328996573473
11854.57 3.19472879810465 4.72465172834574 1.21002299461725
11922.66 1.82371537585642 3.10824763386925 0.884414062149517
11948.14 2.140956344232 3.88787120918694 1.64726574001543
11958.14 2.16632178507691 4.03456923890942 1.26488926132151
11996.42 1.58979449235724 3.27359756489323 0.800518767366157
