4151.86 62.4901253849563 7.37332884867791 9.69283544624341
4213.4 35.5660158907801 4.76141276503908 5.62722059681619
4293.73 37.8456189443266 5.20483565022214 8.19099966126214
4442.43 28.0177801848465 4.0393238112913 4.44509526857382
4495.53 22.7229380144009 3.69640518039469 2.55650861505273
4499.04 19.6726913593616 3.20062776968905 1.58728321811577
4672.02 80.5751465316904 12.0327273846929 10.597470315055
4917.7 21.9712534643046 3.69473678240009 10.0398086604982
4981.91 21.3284430017418 4.0197427847105 6.79371385360992
5174.86 32.8209221646226 5.72707336610181 8.76082982281059
5252.31 23.8587811305991 3.94272139854564 7.26156685463502
5379.64 44.7112760555696 8.28447229586363 9.98609233329807
5520.23 14.5309346713754 3.10271990477467 4.75781689079849
5817.19 16.5902066273925 4.11883933094655 7.17725424431137
6145.06 41.4897222752255 7.36331940101034 10.5846196186831
6218.85 42.0555577382144 6.35421286468682 11.6379956413593
6244.95 30.051751095179 4.38269765583663 9.35944489551002
6315.63 43.6575396406692 6.95366362270405 11.1219761975563
6446.52 16.8739526215098 3.70834546539005 8.34735406549044
6510.35 24.2321450321679 6.13860463744087 9.38168695458626
6743.12 33.965199124238 6.67532640293329 12.8388591400235
6788.1 100 19.8414108573758 12.2664772381595
7148.02 20.5224203344135 4.19350040723679 11.0196958833676
7475.83 16.6116783048555 5.49711309978687 7.87245326356515
7626.81 14.3552986005364 4.88738913866806 3.7148184545249
7726.62 8.94373177056609 3.33383975703654 3.19552695166658
8004.24 13.3595917680789 4.11055296416584 9.93627380493945
8067 17.7159996887963 5.43014802483957 10.0436086024711
8496.58 6.05092070705818 3.03366174060171 2.72129524862248
8812.85 21.9249541735468 9.86637985930738 14.2090801264312
9063.79 13.6370728270324 5.72045702910026 14.448081857523
9102.61 14.2430215740828 6.17867355915348 11.4694822407055
9114.92 7.81922935667624 3.37980859041321 3.88621467526173
9377.8 10.763485192575 4.88786505951358 11.8788675378801
9552.03 62.2501824194728 24.2063700239796 18.5059327521576
10029.91 11.2412130073525 6.4343224648567 16.5708933079022
10058.75 5.63894977116492 3.13409893595462 2.05641583430224
10405.83 6.82968818469833 4.48602407232909 2.46943089702108
10414.12 5.59641352172714 3.65873424565151 6.91180291562159
10711.12 3.82294553979311 3.03544737574955 0.938859784278975
10972.79 3.51041806751638 3.04909620125427 1.2375309305753
11367.54 3.71010780614434 3.44479003157789 1.05681008930333
11458.21 3.71953095278737 3.54469035536427 6.48924493489721
11463.98 3.41422167533224 3.24788765834484 4.28075418993649
11472.06 3.50966961048538 3.3613790744566 2.06541330731488
11832.11 1.64352755135483 3.13584735342098 0.313299101795565
11879.99 1.5820756831602 3.31888248196176 0.616368406601396
11917.37 1.91472685428224 4.36420497794884 1.10058832065624
11956.38 1.79367409443301 4.47478131557771 1.42782629055546
11965.2 1.23722926391013 3.14456726079577 0.816286497465626
11973.64 1.20489837447293 3.12811065847298 1.50087279052423
11997.4 1.17388887016192 3.24487162748764 0.356769446287217
