4068 25.8196962788621 4.97732904728677 8.07410653714624
4150.41 24.4798559550833 4.94945409860225 5.72350089588508
4209.99 21.7189587453607 4.66764383820049 7.31304181445103
4294.96 17.3555651082693 4.2862355103739 5.75611754290003
4364.14 13.1272560529952 3.43776471624502 1.02021448256437
4366.98 11.7912234116434 3.07918166120918 1.29336634884203
4491.65 14.3162253065082 3.61887058359689 5.95316352915324
4672.28 14.6693931827192 3.74952297864185 1.43407348282108
4917.7 11.2428455868546 3.20072771338214 1.50808058562416
4981.65 12.3666399673433 3.75774982582254 6.54544241583426
5251.1 17.9832115668898 5.55386506500608 6.36504096173667
5378.69 34.0748933698743 10.4807595785205 9.24970567025048
5722.21 8.3979145448618 3.0353673467479 1.92303354919113
5892.26 7.92428919183836 3.21717421819573 3.33435480295429
6144.19 26.1532344158516 8.60858314799413 9.76385238060084
6219.29 23.228927069281 6.44246454190854 7.65414962704926
6314.01 44.6324416786455 11.7473961048434 10.3318049725349
6446.22 13.5676600331996 4.58761879817028 7.53433163555383
6786.89 100 25.4818661806277 10.5199815769038
6923.85 10.7665922846599 3.00750962947166 8.91122693696252
7177.56 7.94552544132283 3.17532690580433 2.52241532177322
7475.35 6.9659127741685 3.63925064904137 4.68181145257768
7626.17 9.0538788492749 5.02366282632253 6.29838959580229
8014.55 5.37956033201268 3.51463419357911 1.53574618202128
8143.66 5.23870322828917 3.49034978728347 1.31628226956673
8813.87 8.7279889588064 6.62113777844131 6.2974571605082
8821.39 5.44522627967861 4.0948547777036 3.42868752982213
8828.75 4.10953021189341 3.06625786147754 3.72580672342701
9160.09 4.76890139895766 3.96004268340848 1.80312436377972
9555.05 6.15175484535979 5.71584485725473 3.64250497966532
10093.98 2.90001318957809 3.26581243915447 1.65300208080771
10430.53 2.5649121333606 3.08841883392704 0.973853050354592
10668.23 2.39492324981191 3.00618114942924 1.70497934999003
10789.29 2.49068178027557 3.19095699128551 1.64044927397117
11206.6 2.08648981703026 3.00568364023282 1.99022037588475
11375.78 2.42254654944254 3.76582618593466 2.13168976497946
11692.31 1.51762498236026 3.1706733269324 1.47579390635656
11713.29 1.54275690970966 3.3730383834505 0.670929888212413
11744.79 1.3090122922566 3.06365941534196 1.49523801743271
11809.87 1.40620193644422 3.88336734254684 1.87562612849979
11825.48 1.183829044383 3.38649695781788 0.974978067417396
11838.75 1.3253761904848 3.8804808530951 1.31901063859004
11851.45 1.16286367506562 3.4753864276669 1.69778263958688
11946.37 1.16553590299498 4.1634586842073 0.944959885900971
11955.98 0.935928677169613 3.40692668377419 0.461206330002824
