4068.96 49.4696344814529 4.30514424124088 7.05515143381717
4149.93 83.2881793519078 7.23569780515668 7.31328547167959
4203.43 31.6100020029045 3.07813487732664 1.41103546433169
4209.38 51.3022768044835 5.09787731071439 6.37421184145751
4290.54 35.0721875877525 3.80320138090859 2.19169917598902
4295.08 44.0240858420261 4.78463173861125 3.59348419231083
4421.28 34.7690458523763 3.65879084049477 5.09957708306956
4494.41 25.8498665147742 3.06486355799704 5.05866001603135
4670.36 96.5430958632177 9.38563755074416 7.01479236952946
4894.08 30.9943540690796 3.48334402105415 3.12125396157626
4916.4 29.6186082601322 3.26615662368204 5.54982926131834
4981.12 30.5041487286472 3.51470876806782 4.62299529386473
5169.24 57.2420497737743 6.32516069723196 8.1063736981323
5255.14 36.4563038594831 3.68284659325011 9.22802794509425
5378.55 60.0348945347241 7.60352124452047 8.7016855809361
5386.45 25.8602155430667 3.26833626097898 1.31807687427499
5927.4 19.1912103524493 3.11735944719954 1.1141639934749
6140.28 46.7705876371361 5.33008191639569 9.87310827943566
6216.52 61.3223850949702 6.08554478204367 8.78448492816369
6239.41 32.1568508254983 3.07342042535363 7.08653975752168
6312.25 41.2705404384711 4.21013335659277 10.6249880401328
6350.73 28.727440596148 3.13002465401108 9.15568910106958
6505.73 18.5528582114203 3.17772436975419 7.63583744686093
6741.76 37.843977896362 5.25066962157821 10.6612594913368
6784.91 100 13.7604426129843 10.86465020798
7071.49 60.7147110255538 4.20164929626765 10.6514284302184
7099.02 49.7071872608456 3.42361817859318 10.4793550417926
7147.87 44.2667176935938 3.03629507076645 11.5462687109648
7477.41 22.6361456156727 4.48773898458074 11.3483626018406
7624.73 16.4860394271361 3.34784000075106 5.17714919345781
7726.94 14.1442401873677 3.26015337605329 2.74044220269116
8000.81 21.5908569400398 4.35773776962823 3.51579534957
8063.39 16.322772934488 3.14311118899637 3.57391147586168
8496.24 11.0544560564587 3.15373923691254 10.7220604054801
8518.27 10.6938664928008 3.06694034373626 1.47313648272575
8740.01 11.8541510004012 3.07307477802799 2.48025900646644
8813.36 27.1052468865795 6.20688656240956 14.5441817283991
9060.51 34.3972301557556 6.5149721556014 13.499233193319
9096.19 18.8212787199002 3.62589960260957 10.6781061767633
9369.89 21.3255876505818 4.89465506473253 11.741769952032
9548.31 67.444451292663 15.4570792977564 15.3387532959823
10025.93 15.4430137957605 5.02907747163307 10.4757376829621
10040.43 10.1728253366725 3.26815570397286 2.20602391610191
10221.75 9.83043948620121 3.0990394701395 3.32025999149118
10406.75 11.7204680499066 4.1924909518209 3.77148418480283
10412.28 9.0741335484854 3.22508965451946 4.30711551552849
11379.24 6.53862734543544 3.18685143203254 2.11245052366576
11624.62 5.64402827615697 3.27335240919326 1.30735686233493
11677.75 5.9084525711211 3.73294766906566 3.70100955047201
11773.8 4.50442857250986 3.51323267658742 1.11341469069521
11804.6 3.83459605434494 3.23355245755637 1.10423410726435
11821.77 4.69595356642691 4.14281492129376 1.39538578125394
11852.23 5.29475170214362 4.91980418621989 1.26122062252216
11892.12 3.06762012029038 3.05947581055233 0.555245091700272
11908.56 3.16649596792244 3.25863278002502 1.11843930900613
11955 2.87450092645387 3.24885889467247 0.457804427276642
11961.48 3.12314909363428 3.57948812726439 0.944051592552569
11968.54 2.61729981048186 3.0451313848706 0.583241559670569
