4070.03 38.0049716626324 4.07121092345127 6.79199467835588
4149.69 63.5556205931858 7.56171733349801 7.74380044034206
4212.18 72.1011395123256 9.66920472512062 7.10049571522177
4293.97 36.9852896284452 4.92620840938259 5.44207030950656
4670.49 49.7807468535531 8.34209324872937 7.54281911483122
4895.52 23.5192950418 4.16530371307 2.09702672334606
4915.88 24.0612381455198 4.160821556227 5.13490852862469
4979.94 26.8930160488898 4.80826801651322 7.48837504853054
5016.14 17.4461616428695 3.23240797588893 2.15082350183366
5108.43 15.2175422698483 3.16033743224958 2.6644881696584
5172.72 20.4144511939514 4.10067408499133 5.10072190411847
5251.23 46.6763278945857 8.31667811813728 8.17374276590999
5379.78 49.8687549635321 8.9621287522228 10.4617690098494
5602.54 13.4868046082032 3.27904040371458 0.989665668364978
5753.93 12.1132321532388 3.03421126811539 1.32374340190017
5811.54 13.0122501748135 3.271704534774 2.15385301325114
5815.21 17.0138993402295 4.3379332627632 3.88607961533762
6141.87 63.6735911678731 9.9057383151489 10.1907297199414
6220.89 60.7269750006337 8.25282003471562 10.7485913600449
6242.62 26.9324234159012 3.57909215540439 9.74709598112531
6316.07 33.7319890730047 5.12997700525989 9.81413476378111
6351.17 22.5538242011921 3.78442528593235 7.75955123611493
6442.37 14.6602189766271 3.44507415119161 8.21686869930545
6450.37 14.7023482644494 3.58519197374194 2.64784836445506
6745.09 27.0469639852089 5.64899805268036 13.3258638440811
6788.1 100 20.8858277369355 10.9999118040942
7072.11 21.0231476972571 4.07395694618543 9.54336401175806
7101.35 16.1159558802467 3.07692212630296 7.13896187709906
7148.95 19.7414244773592 3.77653226427569 10.2198674303399
7176.62 16.1299508376999 3.03268478136377 6.20349383063694
7476.94 16.1544107767821 5.18644783100356 5.29626167645165
7626.97 13.7431767909317 4.51042549750843 11.7125032712047
7727.75 9.05847387914253 3.22099191975619 4.8258241818603
8004.08 12.4229303383545 4.32222956099063 12.3840763103572
8140.69 10.4316927819113 3.54040875012361 1.75417659336381
8492.37 6.99913277318789 3.19975070018071 3.71921742201266
8816.44 22.4493644120766 8.99589234702271 15.0758021767851
9000.37 9.53306447437749 3.39294185606509 7.97026441340131
9061.03 12.2783218489244 4.62671556796654 9.12061797416391
9101.74 9.50042179676308 3.69502367914817 11.3209187979901
9375.51 14.8664369945644 6.5107693860311 11.0501011243414
9550.62 34.0907563227575 15.9751301017721 11.0878528435533
10032.45 10.2162761134894 6.07970529182933 13.0754851594229
10043.33 5.51856349418357 3.19496635988417 3.71931529613357
10413.94 7.00467290853843 4.83361989139708 8.57418133266219
11458.97 3.74403888711982 3.71629533854333 1.36905129554543
11465.33 3.96641097032383 3.948394118694 3.61467848025859
11762.31 2.1439663618514 3.10250837598886 3.52968125985717
11800.31 2.19416767274228 3.45817828460921 1.05287547599983
11834.46 1.9806446598054 3.33678654751909 1.1455125845041
11841.68 2.12300678593926 3.61430573106483 1.55268460551815
11856.53 2.06638273602816 3.59318916148031 1.01957178656812
11875.29 1.72627387969313 3.08350695658336 1.02788514027452
11906.99 2.1684308444112 4.06809884133006 1.16941343299004
11960.89 1.48649550038939 3.04185643975221 1.37297251033669
11998.78 1.70119986805338 3.72216485307012 0.349129711468777
