4070.99 26.0240210701761 3.99485550878558 6.84701338154082
4152.71 61.7176644112853 8.94691296269743 8.85764565649606
4211.69 42.3251619806114 7.16352835791906 8.53916139983721
4297.29 29.7193698731087 5.53191027845807 7.11597150418675
4367.72 20.1326606960351 3.20456070275535 3.00744120610125
4371.93 18.8585244608607 3.00600325177619 3.39460776068518
4424.63 20.5232727692039 3.40875057747987 3.8994463169156
4444.93 19.6948800584838 3.45794939002438 4.96891657214201
4497.66 14.957048764299 3.02689650721725 2.26541312840618
4585.4 26.0020170328766 4.43364166305514 7.40275088752969
4674.57 100 14.8288274907865 9.72559865575204
4895.52 15.6457646564391 3.34799588225471 3.76374776164084
4919.66 23.1040163387692 5.04753916020562 8.6499100169367
4983.23 18.7980401935766 4.4341567604368 9.12354338192654
5109.23 11.1771704325543 3.01232918805556 2.8598090932137
5174.32 14.5763722136924 3.71784360625869 7.08167573705305
5251.37 21.514153273933 5.09999879373336 7.68726114720357
5380.87 35.216176879244 9.14608624034165 10.9132649397925
5571.9 10.8955085809966 3.2925773037581 2.51157302947286
5757.87 9.87243416258329 3.1478895248671 1.39236704633822
5820.01 17.7519028778706 5.88257599608059 10.5372796091115
5955.5 8.73563050288992 3.18110816250477 1.7895838089953
6146.22 40.6301029585431 7.0800656635725 13.0855518072449
6221.91 53.4403544772799 7.54665251317984 13.0242013050702
6245.53 34.081474053041 4.60318118199693 14.4317577159336
6316.36 42.644221286388 6.06444153648966 11.159445969759
6512.28 27.0982773938518 6.71308708076252 13.1283434615907
6745.69 27.6944493918055 5.35480563586484 14.2839271935418
6791.44 93.9820034506279 18.422411034633 14.2777073521283
6927.98 15.1263031160299 3.67777300998231 9.57267025463443
7151.59 19.6752518635649 5.22058227922 13.1208718267571
7179.74 12.7518734134369 3.18243796289727 5.7333195627898
7228.83 11.962808285591 3.18911202945138 7.40474564688702
7479.63 9.54562111382939 3.99938112974515 1.50203447545027
7626.49 12.7121318039354 5.1794799861492 9.9802407895213
7727.43 11.0200115013229 4.61037582153932 9.60015888929502
8010.29 10.559607100076 3.48973358232429 10.854219703343
8068.31 17.6658553596303 5.75866182052485 12.9630695881788
8498.76 5.71078285739062 3.57069935531405 2.05303157650451
8818.15 22.8989169364908 11.1244550793189 17.8865839558421
9065.01 16.4810627044934 6.03670417020364 14.0356864490768
9105.55 11.9152385063257 4.50143869004813 15.1603209768364
9381.14 18.1822940582855 6.55768150684 16.3047358807798
9557.17 71.1787917473707 18.7555462924359 20.7288160790376
10031.18 11.9404551220588 6.82176008643988 18.9012361475525
10420.76 5.55862887959882 4.02260805603187 17.2758690394458
11455.32 2.7585183139561 3.37475489235203 5.40857268771833
11467.83 2.84208308076022 3.48845264724014 2.05931076057095
11572 2.25500842923364 3.07365259684991 1.27244188548866
11712.13 2.27301344757126 4.05320567441569 1.4930401502188
11746.16 1.89697834186584 3.73812490862449 1.58789610599888
11779.26 1.46113224585718 3.20345152654701 1.1861317005405
11793.29 2.22734882033815 5.18073821375763 1.2435125268712
11803.43 1.40362519759213 3.36732165430781 0.771789672724481
11842.66 1.44283936627755 3.91479476240928 1.1560917773495
11858.09 1.37097688187408 3.86714845441677 1.33184982147941
11913.06 0.980197485805898 3.21341730473934 1.32358837296852
11942.45 1.04064398851504 3.75055297558521 0.995285872500972
11949.12 0.900101707858672 3.31215662321596 1.23465889012368
11962.06 1.01221297737586 3.90196957463473 0.765827419483685
11970.89 1.19349588745164 4.75648720891078 2.78417243763761
11982.67 1.37896399019875 5.74763554691118 0.983398459115051
