4027.21 28.9861158402771 3.90502314345262 7.14203766543096
4067.16 28.3404187334041 3.6507401297253 7.32037210254612
4196.39 50.1682712392073 7.59046562984212 7.8872090618479
4210.6 44.1550774719886 6.96299721274624 8.28951752935609
4281.72 28.2029861538588 4.24607419064045 4.94597289459125
4298.88 31.1489926639581 4.46137322376851 5.11594809691815
4404.26 29.5285756473202 3.35470260380163 5.92732288621482
4458.52 68.9454929686543 9.60768533379595 7.30608776774898
4583.38 24.8696336769702 3.11865593746934 6.94433620525069
4625.7 90.0396721638953 9.28074607980982 13.3479313150137
4676.62 45.9507580957697 4.66898783386252 9.67309507803111
4847.78 25.3225694190292 4.33057209318596 5.62763067680498
4945.31 43.9639489893528 7.51812953686862 9.02890727686008
4979.42 18.2357719383706 3.16041690916201 8.77284682111713
5013.9 17.7033752970354 3.13565857511781 3.01184373647902
5022.6 34.9807419759388 6.24737028222194 7.33112033353609
5128.13 15.2983943295923 3.074169822951 6.8207820185653
5251.64 63.3254100235192 14.1766758735921 9.9632007681721
5371.06 14.8876559875889 3.82816335077264 6.54657883248819
5468.24 34.0922841168184 9.8618301058455 8.18282239090604
5581.46 16.6724104896896 5.01299095162449 7.41120517562103
5772.77 8.89727129644317 3.26502631893629 9.08499794279032
5891.84 11.881373244008 4.40850215018026 1.75233978174765
6003.42 52.2715323558066 10.2476641831572 10.9165839892275
6115.68 67.615932775013 6.62424196853422 9.60418887325613
6132.17 59.5301483821926 5.44834314917544 19.82867096273
6219.14 59.5418353860835 4.97605796020592 10.5286584236001
6335.3 87.0848148489255 10.3096819457727 10.3892364059511
6440.15 19.4327512870004 3.59246436625229 13.1875768204209
6570.43 14.2278437971375 3.71655105696882 5.76176527968437
6780.52 15.6861186899766 4.51357036986423 28.4735399815663
7112.65 25.1309236223931 3.11824820072443 13.7761218263386
7149.73 41.6668401284933 4.8085028320192 12.9634611440679
7176.47 94.6854080838106 10.5371100919941 11.391696137337
7625.05 13.4468139940142 5.02506586906616 9.28215590865329
7740.47 21.1389529101429 5.33091197915479 15.2752211104744
7837.07 100 22.8432326038485 12.2443624380594
7921.84 14.3129481868604 3.16972014920928 10.9363830750272
8286.33 20.4865668376338 6.97621497421375 13.1944021028776
8784.67 19.9162077975807 6.18068240375406 15.1140903182295
8817.12 24.9091430092491 6.55603075422786 13.8285688654032
8906.04 17.1693573665727 3.3685053230432 14.2619162687351
9025.58 23.5718869746439 4.03178555457856 13.6731371750466
9059.47 20.8008409344322 3.66505144100301 13.3075017917763
9134.2 61.5330707830638 11.9682025841434 14.4742295407068
9375.16 23.8710960014638 3.99666915567898 13.7160385084208
9459.53 77.6749747336251 12.7203410221323 15.6781810167158
9894.23 17.9450623988683 6.59110118644221 17.1158760102571
10240.59 19.1685954700131 9.8263087589879 18.0993409788207
10447.14 8.03363488656406 4.86248997441553 16.0877577673455
10516.65 7.27191319334248 4.68698771012157 4.19081333745817
10584.15 4.93092744036743 3.3730906959225 12.9002924115721
10921.7 6.69119865292174 6.37388191522999 14.5192224738057
10933.56 3.20657167639231 3.04819846614194 2.39516371658283
11110.19 14.1142163228334 12.5279133203721 17.0497612409235
11258.28 3.72072015015705 3.17742893442154 4.40965662535564
11327.88 5.7246782523413 5.02458723697114 14.6502436983319
11691.92 2.74658473875022 3.34667052902362 2.82808332820787
11703.19 3.28731598867357 4.09360771458754 7.14464461940952
11930.5 4.79155867742433 8.57664877110095 12.8457619512828
11949.9 1.7199710582931 3.15748233947023 2.55222797210627
