4026.49 37.4655858862714 3.27660712021585 4.50000582669782
4065.85 40.2934848663841 3.50991583516745 3.86232650324655
4194.94 82.7283915945921 7.23360040481788 7.86488745803399
4211.09 87.4406971561622 7.7952221267189 8.28502682109411
4403.64 39.888159800596 3.55811230638708 5.9098632933792
4418.42 49.1560567378248 4.55219951773435 5.55990031975853
4457.27 73.1788965661989 7.86958729123894 5.59501479400933
4581.11 33.7888172824554 3.11153015879898 7.26173975556776
4623.03 80.3955108563292 6.2647192908899 19.4557232803072
4674.83 58.6771264116702 4.5831086936174 7.46312109450446
4845.97 26.9735335767237 3.22464450114665 5.22373868349041
4947.14 72.4264102895534 7.36948265607862 7.78394137188025
4978.76 44.3084960727009 4.40208592810073 5.62491008717825
5021.55 42.3852718843136 4.35868989736374 8.793885099004
5249.48 74.6533547860141 9.117947796839 9.14817694139765
5369.16 30.403547187608 4.35295855078968 3.02041806170655
5467.14 34.2952566565924 5.23972523256164 5.93758528677154
5543 21.8538429528578 3.15149953905406 3.61749480186063
5766.87 22.4624421793028 4.22616975466653 5.91507743753573
5800.39 15.1519673724435 3.01660320033505 2.78352410144907
5889.14 17.5049270090429 3.37246137022786 1.40389918206347
6002.85 71.3005593285959 8.41611270858087 10.5335889732296
6113.23 74.768295034353 5.62392674317623 8.23546199109751
6129.86 94.9292343137848 6.90763482612427 19.1837141341312
6217.54 77.0811235377852 5.50274889184449 9.94335982998473
6332.36 87.6798876330599 8.74638882634062 10.0320140830136
6349.56 42.6838772434262 4.53123700108101 14.0383535469828
6440.74 22.4161449190905 3.30069873616565 6.78596892115729
6783.55 30.8532653462414 4.99405671717649 12.5579310908433
7147.56 41.1128326941449 3.05688050965381 15.6444264738939
7173.82 97.8783737368538 7.32295334757688 11.0739033511754
7190.79 81.0769777382416 6.19575288321783 14.8561903933714
7621.05 20.2570588928371 4.76240641242996 2.2463968860593
7736.28 20.5713826244215 3.73210489794682 12.9179968521285
7834.31 100 16.9342970537128 12.4933228381287
7915.16 19.9174032069341 3.24264828724838 11.7872440078136
8283.51 22.4946812904719 4.94260828241523 10.0354455364413
8486.49 9.97679044152939 3.28061243992257 1.1496091695717
8783.65 13.582304530125 3.01249087225745 6.82812306835331
8815.24 22.3496002194177 4.42086355992512 13.333459380854
8899.69 19.3023833955035 3.02379285181869 12.0306284594844
9025.23 32.5336699804337 4.47337926725479 14.0405778484474
9056.87 37.4421933305618 5.31043966357656 12.2567179951384
9132.29 51.1455084590161 7.82189697227792 13.429171198004
9374.46 28.2601353645273 4.26764839005609 12.6411113809118
9455.64 60.5966317847314 9.34693610356217 14.1316938879827
9896.93 16.204418840893 5.32129351914481 10.164455093769
10094.34 21.6631837105953 6.71660253535807 9.59512371794699
10231.44 16.4057530049923 5.19912767504294 15.923421587162
10515.36 9.23944423155511 3.26565640365563 11.2105873094642
10578.95 10.4694262410779 3.91255982625666 6.31573339377246
10916.99 11.5918228998775 5.76504754122552 14.3682068353828
11106.01 15.4266802045266 7.49658248097749 11.2930807168977
11699.3 6.82282475677101 4.66136335417833 7.45487181049793
11721.07 4.48849388347305 3.16047661632392 0.974401088929881
11892.7 3.76579245187632 3.52374281933584 0.880550504578423
11926.38 3.92707110708238 3.87646536539636 4.5148119875048
11932.85 3.98333046995176 3.97391349794189 3.78037236039199
