4199.55 57.33549265966 7.56968863157455 9.36643271803405
4214.98 69.2326703699926 9.61018030151697 12.0707069715272
4299.86 20.7798246912808 3.22933107932732 4.06166569957622
4424.01 26.1149977831892 3.48082318176236 5.99650638660569
4462.51 36.9115007170596 5.98744463597179 7.83248394198472
4584.39 25.3927078839487 4.28438548643652 5.46542543702162
4627.98 44.4549414261347 6.34593880285796 20.908913275005
4851.03 15.4140463301708 3.24095743390834 11.0864697295619
4951.2 31.7779893459066 5.75455544670867 9.78949382996507
4983.75 27.8902284310277 5.05891673016975 8.89651658035564
5027.09 21.4127737039362 4.18435149900658 13.0249637567131
5255.68 71.5441828285072 15.0053538325319 12.0325578366055
5377.33 12.3618799482242 3.00711780851953 3.17739762310612
5471.95 20.8021513370588 5.48791890391061 9.02414645033878
5586.72 12.1554888138253 3.13318667438103 8.35949294461079
5607.95 13.2865924691617 3.56181014779776 5.96630335721329
6008.73 51.0060346745188 7.56435459431511 11.9977894739404
6118.14 74.959625529304 6.03079562073807 13.5952379243863
6145.2 83.8533463210066 6.4116785217528 22.8296863537671
6223.22 67.1054423869412 5.51186894507978 12.0237391558458
6337.8 65.3207821036812 7.7762369066109 26.8641499013875
6789.62 21.0643124441967 5.52257114612805 25.9863024422266
7153.61 43.4773206234428 4.3758327301924 15.56284938112
7182.54 69.9385210257829 7.03646698941356 28.6290524331462
7627.29 13.8958512207858 4.6973680515284 15.7894188358769
7841.28 100 14.980577629433 19.3009454560561
8290.65 15.7867104539593 5.15595157451258 14.2890658387641
8502.63 7.97310893831758 4.38956350036213 15.5910882163553
8823.45 18.0454433649053 4.35668428759122 18.7653667274571
9066.22 26.5748354159277 3.70422682080343 22.9061864220475
9140.45 38.1414949669899 5.40686327128406 18.7466100047423
9381.31 26.8821965013588 3.36521152452035 18.3849538190498
9466.41 47.3625431281388 6.0256126795949 28.3517773946314
9904.68 15.1893724622039 4.76426495555348 24.5257295277534
10244.25 13.4276090575596 6.31185664882309 28.1818111109951
10458.96 6.22698507086984 3.42586137617067 17.7220974560114
10524.25 6.55434812491129 3.80568626722738 18.4218822931562
10931.68 4.76457165989353 3.71835228124161 17.0105531974586
11118.73 9.77200992546869 7.29616667499878 24.5428238352833
11700.66 3.4252619638487 4.99104566198783 6.63200317830706
11711.35 2.97389979549486 4.42689065239402 9.06286536139123
11721.07 2.57582102099566 3.90939961782463 2.61038802516123
11941.28 3.20103612275897 8.45163707138201 3.90922295502787
11956.77 1.53723351411943 4.21471274447612 1.41360886809707
11964.62 1.23661448278065 3.46066029961381 4.95401286722154
11971.09 1.22398538749119 3.49064530233358 2.36127731420856
