4028.52 29.2264498975082 4.22870172091296 7.06776998032001
4070.63 29.3006523243034 4.04278351442352 9.95004973322693
4197 48.1289621370351 7.46889834281661 9.44857119249173
4212.91 65.5257274980272 10.6618793561295 8.9618722653222
4298.64 26.6421894052659 4.08738945620621 6.34486025811202
4355.12 28.3832573489725 3.19383688180098 7.12251342469517
4422.15 37.5155202876553 4.59495947280037 5.90845167654152
4459.27 55.9277683233104 8.68756113900509 7.42178310315376
4582.75 26.5919073502487 3.7939540252993 6.51297438439269
4624.81 64.5843024624928 7.04570662250582 10.5758677919475
4679.17 30.9863596167457 3.36482540272251 9.49231241454618
4849.21 21.3453080124207 4.02265119482517 7.59235598404484
4948.97 55.1415816001046 8.53859859899013 10.3782255691413
4982.7 25.2855299194907 3.8279236083237 10.6646781968675
5023.4 27.9928802548461 4.55727715912821 13.4232837940708
5132 16.4566188962354 3.44969745817239 6.35060776268074
5253.25 99.989436464793 18.3100138087791 10.1803938805451
5373.11 17.0516508942071 3.57922333708273 7.82081675599238
5470.57 27.2127720928982 6.37022983217795 8.38212771601047
5582.57 12.6961843228117 3.04744137779994 7.82139210136484
5774.32 12.3242282324784 5.1751993640725 10.4472412103405
5893.4 7.45007338051562 3.44938198864541 4.49683782908505
6005.28 62.3852321134785 9.83283941449636 11.1945782414332
6116.98 71.4241627651836 5.82797982640183 11.1888797808997
6144.04 84.673234243386 6.49914867593539 20.321339699557
6220.02 82.5835287246363 6.4955698061706 11.3259822480777
6336.47 67.1141978925316 7.4942240721513 11.7685261310144
6443.11 20.3992497586661 3.46097848584624 12.3997735443572
6782.34 20.5804591413986 5.5312770922703 26.4877690604626
7150.66 46.4713915782303 3.66912593991433 15.8326541584183
7178.96 88.1650334835928 6.9880679446838 27.2398445239151
7626.49 13.5623379925858 4.54238889609938 12.2147974824602
7738.7 18.3847342161532 3.94931474591829 23.1336587916685
7839.17 100 16.9117495961121 15.0008451480344
8289.49 26.1847343786154 9.16542166091424 11.0117530885709
8496.58 7.28787149529112 4.75540636634106 12.1092428656139
8788.08 15.8113141580436 4.21248980582036 13.1379847910976
8821.05 26.1090712168204 5.75780285482223 16.4730744816789
9031.11 27.7023386164415 3.4124480282419 17.6792333772773
9063.1 39.718703723441 5.03117093385127 14.3119956110895
9136.45 58.4624970875638 7.71491233774125 16.1214065792083
9378.68 32.5761984572487 3.59606573639598 15.9175694805635
9463.41 66.3286799367771 7.37120496850019 19.3728166301844
9899.81 19.3201759457233 5.89464771004478 19.620079713668
10098.52 11.1004611557105 3.89075468770598 14.6591830337893
10241.32 16.9964239333872 7.19719743305233 27.6629155449591
10451.94 9.09368389942669 4.25056025137069 15.160152217939
10516.47 7.017847741913 3.40533659244958 15.8313173218339
10583.03 6.05002608907152 3.14277038976944 15.0399672929652
10921.13 9.00491378288119 7.87700007745938 16.6794514683006
11110.95 13.5040916328899 11.4123750620305 19.5205259698487
11264.39 4.35336445843876 3.64003348143023 23.4310471230401
11331.32 5.06404536919699 4.44229781042593 16.9594323149886
11699.69 5.17840790517069 7.19349506640403 26.1103309159698
11933.24 3.37100846242398 7.86464254736718 14.1495517205476
11946.96 2.34810056478698 5.65440437151292 3.12199878079264
11954.61 2.11669648038322 5.19427849597281 3.71320399676006
