4028.4 23.3707341644089 4.15544262931009 6.33641671476335
4071.23 30.9307064128132 5.02364073218994 8.37956404391025
4198.09 51.8100277255051 8.94942409001658 9.32441496582851
4213.27 58.7534457572015 10.7368863499612 9.12550807204934
4299.25 20.7518753931177 3.59125582698147 6.37299378895659
4355.12 25.7142535906556 3.16367731848317 7.7600583424628
4422.02 27.4173602339614 3.65229218677353 6.2359672221819
4459.27 47.1515074938384 8.09768196697554 7.34768600723055
4582.75 20.9019315139722 3.37018327966634 5.9670280669925
4626.33 54.2085989193468 6.6744613653914 19.9882462288842
4679.17 35.1578530658691 4.45396459407209 8.98108037179463
4849.34 17.2154887505653 4.04647463057028 7.5080631772762
4948.71 57.0250917760961 10.8133859017183 9.74298714565975
4982.7 24.9050046511699 4.52049441040471 9.91469629259245
5023.4 23.121511445957 4.38115589023723 11.5141803897404
5132 13.0391110233101 3.0231733902542 5.36459902683873
5253.93 80.8035553679992 17.9160602749369 10.6560971696299
5372.97 14.8768411245362 3.70597061530981 7.42110096341003
5470.44 23.8714920568843 6.56531537253481 8.03483662406234
5584.78 11.203794723186 3.39379835124564 8.21125074946121
5603.79 9.56979441211081 3.01182467283594 10.9723784389535
5774.32 10.470267949234 5.64982856592262 10.6254902913233
5805.89 5.08952129636392 3.00332662057925 10.111718192572
5892.97 6.82688925075414 3.93922755937619 5.26526699109399
6005.14 59.5009226722808 10.8133885097684 11.0169838009278
6117.13 68.2252755887109 6.32036641834046 11.3926680898094
6143.9 71.5848353638346 6.23372812289959 21.3963079054092
6220.02 65.1232652384322 5.81354832439684 11.7444263110301
6336.91 67.2013393614629 8.43006180612368 11.8440706976871
6443.11 17.2368103723997 3.12064520168015 14.6527575906284
6572.52 11.3807242457464 3.05826424937647 12.681142165603
6791.89 17.8962470701414 5.87704416206352 29.1605745686747
7153.3 36.1278810062518 3.46082786422197 16.3567994513423
7179.43 78.567602900071 7.48816865502178 27.1409378647932
7625.05 11.5295811764164 3.96877593672049 12.389391692006
7741.11 17.7153331539398 3.62209744369835 25.360442484578
7839.01 100 16.5563094553338 15.4143295417589
8289.49 18.3419050395842 7.67799564229637 13.3904701587817
8496.58 5.70515533638148 4.35177931625234 14.0842947818073
8788.08 12.3389505333369 3.76697781734469 13.3961009230807
8821.05 20.0589513119404 5.07891742755914 16.9168322022379
9031.11 23.8156820071252 3.41320152814088 18.2970131491693
9063.97 28.8803780250231 4.26090565009721 16.6978822652436
9136.63 46.6261338657702 7.32131590758743 16.1713408099349
9377.97 24.2660347038434 3.38265560704033 16.574652876945
9463.41 53.9483743185045 7.57063389915885 19.8245728437923
9898.55 15.7419703636091 5.70383227781266 20.0881755735172
10098.52 8.75112553732232 3.60239320518867 15.1995964439611
10241.32 14.0293852254098 6.87086549359782 23.5937642103545
10451.94 6.79351681408917 3.53303172640374 18.3656983974251
10587.12 5.34170882308641 3.20558636619709 20.3474393007691
10924.33 7.66120405000776 8.67749228367238 18.978694388481
11110.95 10.5139311555508 12.7710377654305 22.7875794634638
11267.26 3.3618918820345 4.12537889663307 23.336999646137
11330.94 3.68252691462865 4.74454808474477 17.6366133006941
11703.77 3.84529923142443 7.69487276888969 26.8163677022731
11935.2 2.68926420954979 8.83830084487507 23.5465463860346
