4029.71 25.6221126702634 4.56683425113295 6.49570885840376
4068.84 22.7100551505535 3.76660080406068 10.5652652879694
4197 64.6646352004938 11.7094484901948 8.6182949999702
4212.79 60.1660396114336 11.3673891697308 9.25571063102507
4282.33 19.7397568632017 3.30513061071748 5.24478879066191
4297.78 20.9690195345162 3.29275118303801 7.39187633606252
4405.87 27.6232797713428 3.04953611057223 6.07313788003012
4422.89 29.5033494707264 3.33316620885906 5.95360861213248
4460.39 66.0176720110531 9.71366150565439 6.45433715110266
4583.76 26.8748701784222 4.0028060915028 5.47558720953839
4626.59 72.8521732749341 8.4839252325757 17.5052842456716
4677.51 40.3282627071413 4.66660296537114 8.1822269943932
4721 25.4553364234728 3.21480954903325 8.08890790809983
4847.65 20.4752313536134 4.34441955795998 6.55778263413231
4948.97 43.9879834316272 8.61989789442794 9.21428774123888
4980.6 22.6505001593564 4.3138325191007 9.74467544812796
5024.32 27.2369404987542 5.24228463126863 9.6978673980193
5104.31 15.3988654942245 3.23726359206157 6.65918921828597
5132.93 14.0799459680855 3.10657602118184 7.65751709499636
5253.52 88.4731428084108 18.8559368049815 9.35381997895638
5374.88 16.4478263461367 3.82981007474705 8.1874971720199
5469.89 28.3745807365695 7.22091043784105 7.89656348216158
5584.37 10.9239236391027 3.19473603302655 9.05299784722683
5602.95 10.1225856203404 3.12474334959966 8.97167098014415
5774.89 9.66686018536636 5.12759135459176 9.54758372207743
5892.97 9.25180762069974 4.83737102942281 4.86803935791158
5897.52 6.21788951402651 3.23119232267381 2.24256865399457
6004.42 72.7938753450072 14.0792947900328 9.89247264477854
6116.7 74.8172420182469 7.14900181029179 10.5694269372561
6134.49 75.5707435562703 6.81618140983974 20.8103878758739
6221.18 69.951286652049 6.10337082397694 10.8927629305335
6337.8 79.7127976602997 9.68828904971583 10.998603699667
6443.7 18.3404405635436 3.27044048167893 11.5325305978095
6572.67 12.0211243279465 3.36799131447623 7.4950335789099
6792.19 17.9687554543011 6.39555663341642 30.0353917571229
7114.82 25.4984277842703 3.29549481679219 12.9648322333433
7151.13 40.8210450620969 4.79395540695611 16.282383618518
7179.11 92.2432703367548 10.3094121873097 25.6148208988134
7627.29 12.4838227909026 4.78122592699654 10.2064444823618
7739.02 21.017683900195 5.12717425531451 14.8582483202308
7840.14 100 19.1971941644588 13.429253469405
8289.16 18.1892005727754 8.26076735865583 13.0348461214126
8329.75 6.56986027623988 3.24281910825839 10.7208872719639
8499.1 6.28173648097533 5.38754961170707 7.71064949938955
8789.45 14.1261059306529 4.63440459384898 15.6640923164014
8820.54 19.3179049839795 5.23271813789756 16.5165600900873
8907.07 17.3729312844401 3.22409427181039 13.0861227426267
9030.59 23.7600256168827 3.43797131356311 17.4200692810955
9063.79 29.19930261405 4.33436233058989 15.3830156932927
9137.32 55.6392184910562 8.7307927202133 15.7124576639835
9378.15 25.9545054844892 3.72351981817225 15.7478239574521
9462.35 66.7202004711019 9.61069142350532 17.6393744640955
9861.29 9.81576743119393 3.66593253464322 16.2799512655019
9898.73 17.6325603581397 6.71703135521401 17.7678780024307
10242.96 14.2967091826991 7.39040701230989 24.0297986969836
10452.68 7.60930252713776 4.37939414857738 18.8579888250333
10516.65 6.22765071961053 3.78151672457484 16.7479847208051
10924.9 8.10269675705605 8.99277821569656 18.131276633294
11111.33 10.934438430472 12.1781432211664 18.8678651597038
11267.45 3.17328056375501 3.5229851724965 16.3639321801966
11333.62 4.50056357038903 5.27652239274194 16.108857518504
11531.82 2.20243844110051 3.14483218955262 3.82918291596252
11699.5 3.98363680251764 7.63036777402326 21.938291580318
11938.73 3.4570801885876 11.5273052044001 20.6052077633321
11968.34 0.947214771437788 3.3844943146547 1.4599377838822
