4149.33 46.1538318198842 4.97421406736778 9.07640219102814
4196.03 35.4361887902119 4.41762778253477 9.41229838804429
4352.78 16.1965168394304 3.22088692888196 8.83493738222387
4493.28 17.7963344568934 5.59497132182828 9.88762700592542
4634.34 19.0690557897677 3.93339917921585 11.2168586416165
4673.43 26.3054022360595 5.64864100058249 12.9772501310626
4895.78 18.5668642443042 5.35207965506253 9.95424533018377
4947.4 30.9308515116473 9.57266698238694 9.42710393795005
5060 15.8918678571349 5.78995442298748 9.89540278775439
5252.18 43.7471958573667 11.2641327169083 11.2864288226974
5380.73 48.9641193235965 15.7145777653152 10.2062290306603
5600.73 6.29155830849577 3.19071690399288 6.08760178017837
5613.23 9.23438394406303 5.17624073977788 7.99889704230372
5755.9 6.45156924504551 3.71888986148165 4.36894389088411
5815.49 7.47021338466423 4.33353308929039 13.4825806780655
5930.11 8.73656948268846 4.89451457370851 12.0764071165095
6004.14 44.8853468599962 20.368473083163 11.1111317315863
6116.12 42.4201023318882 8.62079434732697 11.5775007335833
6336.03 59.9641450219893 8.45287800102874 12.4144116504795
6447.55 14.7108216272142 3.60274537064793 12.9537380289703
6509.75 10.1846452297158 3.16364440189859 11.7416314679222
6570.88 26.3277420772316 9.55038180390575 12.5540739810585
6789.31 100 21.9605477909461 13.4806169727717
7193.91 33.9877091272558 8.65204143445643 28.973019249509
7586.7 58.035186874144 24.8195002049656 14.0489332312882
7740.47 12.0405859415279 5.02942915192443 12.41718827554
7838.36 11.5027269658464 4.56324108253037 13.0519512136798
8084.74 9.52771783310354 4.42922896747284 16.1860896948883
8313.94 4.10224768220234 3.4951805555051 13.3953900509587
8814.04 9.24321822174817 6.10219571869959 24.7523790600044
9029.72 7.70759240358112 3.18495446472223 22.8902763548504
9136.8 8.23693144002292 3.54884307739704 20.835135172807
9460.23 13.2391302725059 6.13269051394801 23.0665377056666
9555.93 20.6523660336887 10.0069570877585 27.3254449149645
9898.91 6.2927424478523 4.90052007849942 21.8258138053425
10033 4.99549597506649 3.8876646524358 16.7207159901591
11108.1 2.43899211953249 4.58887114325496 23.7674910154274
11458.78 1.5858534174074 3.11020465220389 22.2823777502872
11707.46 1.20502146992386 3.21178703916919 2.70808561377089
