4151.38 46.8286617358814 7.68019103714217 10.4476360805675
4197.24 48.7626856338725 8.32093232163979 10.1464016569171
4493.28 8.84644522994288 3.54700436931019 10.6496021276425
4635.35 20.3753219732586 3.56086572746191 14.5515691661649
4676.62 35.2862047304523 6.66050955837279 13.7452232991764
4895.13 17.3674853808882 5.96559500421377 10.952001609965
4946.62 17.0451018647347 5.74387447560049 10.5481506385804
5060.14 13.1229027177146 4.48253477866783 10.5339927581053
5077.63 10.6817824344016 3.5939723765815 11.8899421719125
5252.72 51.8989668040251 12.3657763876733 12.6246786153179
5381.41 43.3728900389151 13.2358873097273 12.7431049288352
5603.79 5.46444790891151 3.4155181333691 8.70722083460987
5616.98 5.66233297237955 3.70756548050605 14.2228377816573
5756.74 5.37216778514805 4.59961809125269 12.8019919033313
5816.48 10.6884690770368 9.47235899337837 13.5685731131998
5931.68 11.0211577595066 8.98319083902363 12.85797098275
6004.28 45.8465915469451 25.0145975839316 13.8623115563105
6115.97 43.9860349388276 8.03794126390785 13.6259933109613
6336.62 51.6486988946807 6.85931612496882 15.7666028901185
6446.37 14.8237622290888 3.80494308945296 13.5767804366751
6510.05 12.007196036593 4.23597550272864 15.5954577041175
6571.03 24.0890222101469 9.83699647023822 15.2089123098094
6745.09 27.7659266683713 4.69171663119104 18.5305297870718
6789.92 100 16.7117428940606 17.1201538139976
7192.66 38.4008270657416 7.88762612624639 29.9217855117995
7478.05 9.40857789441467 4.12548741009997 19.7374541311056
7588.14 46.8338395910912 20.7776810383429 18.2476977070191
7740.47 13.8166176094389 5.3257935816785 20.2218708422142
8005.55 11.298404421906 3.14975368797215 28.3857336735118
8816.27 14.8271825002179 7.31576971865193 26.8375514640629
9134.54 11.2807667416315 3.00733754324295 26.2643623745716
9463.76 17.1913552222172 5.57104942127597 26.994491120382
9555.58 34.4499981680725 11.6182684778019 30.1036544110921
9904.32 6.9786186067647 4.26770241231811 32.4158835135386
10032.45 8.0788622667244 4.72128989727231 25.6430304638379
11116.26 2.6647434657515 6.50631169712421 30.9531805751121
11456.67 2.05054892610716 3.1534424829903 34.2123499239078
11697.17 1.33475429781092 3.12517466880851 21.7399799989416
