4149.33 44.5051259114811 7.36778137148046 8.86242256563219
4195.18 49.4753084642942 8.51249509594085 7.8511020133119
4210.96 29.8060966053962 5.27522293891111 7.31087551323526
4352.78 15.4064951241928 3.21854547501639 8.57915322704775
4365.5 14.8615615085138 3.24572306462937 7.17797538118066
4489.9 10.6630817880162 4.10876245028844 9.45577267390399
4633.19 17.9864975235072 4.00645508321427 16.0029514817807
4670.87 38.3806598413391 9.55334182622062 10.9533096559271
4846.36 8.09972278410554 3.17289498711269 6.41896274658029
4893.82 16.4603513206078 6.07568024698929 8.38027177526783
4915.35 9.97157963318629 3.54805396905475 7.26489049427346
4945.83 18.1146888852972 6.54025702046789 8.21051952785274
5059.61 17.7044449955949 6.88166996601996 8.57360395330579
5076.04 7.82292676162722 3.04944926167924 9.94824069902643
5251.64 63.504128792363 20.5921578464121 9.78686197105526
5379.23 45.8227270661348 17.448386297194 9.11322939513411
5601.98 5.66769235222821 3.92292032929502 7.48016545139126
5614.34 4.50344260720093 3.1755704325278 11.079410886493
5752.95 4.46115781582847 3.96642912039958 9.85250209877267
5814.36 9.00282017820314 8.73389281311454 10.9943532539828
5929.26 8.10078530813532 7.88352403069263 10.019165980164
6001.7 64.1106875018663 39.6153094241114 10.2717931312727
6114.09 58.9413466851931 11.7811603382317 10.3075619076417
6333.98 70.3744443971904 9.2094038346416 11.2424469987573
6444 15.3943379564941 3.89925567844448 11.1321839078546
6507.52 14.2826520838534 5.17051784367695 11.2771607571485
6568.49 26.6124267134379 12.2386211997432 11.4981522144762
6743.73 27.2017232826837 6.71441867645847 13.2767813189785
6786.73 100 24.3320458609898 12.4246545455799
7192.19 25.9709580323706 7.47071495288349 27.5762308189996
7476.62 7.48088319387457 3.5252487647189 16.3111149771139
7585.26 67.2030389674871 30.02766128456 13.3873290813108
7652.59 7.51760228450937 3.12216514435378 13.2505482477982
7737.41 16.9246860922115 6.8232797269056 13.0568014746341
7837.23 11.7264861205205 4.33800211597686 12.7615530052726
8005.55 10.7054284121529 3.64861801027705 18.9843087958188
8081.12 8.45510570967688 3.33414720385779 31.9942226011844
8310.11 3.71637606903538 4.0072921486937 16.9140592762196
8566.12 1.69665944587296 3.04642436160726 13.4179762270978
8813.02 12.6357285112147 10.5193397057014 19.5329930964126
8903.47 8.6909135429329 5.23940646163595 17.6331730659367
9103.13 7.98910998206598 3.98532772178992 15.951639374849
9135.59 9.78037927468557 5.02226074813509 18.7092037936854
9460.94 16.8404586843222 8.30281244235465 19.1509262172331
9552.21 37.4882715090252 18.6666575752234 20.5037167086793
9856.62 3.62057382144606 3.00803703158006 17.8749531779176
9896.93 7.66514500988576 6.52146521227159 21.0195552563473
10029.55 7.83666771042751 6.60572401787501 18.7941399806587
10411.17 4.32841517079514 4.06940738183163 20.6620064356357
10450.65 3.75736880142293 3.80633563632546 20.7960697728413
11106.58 2.65324985185082 7.58200080392075 21.435069711848
11461.86 2.06254402285786 5.33799039218049 24.2032260053529
11690.95 0.726570384093471 3.04933493668822 11.5753417523465
11758.61 0.555727628829567 3.02185906927702 2.72864548910911
11792.9 0.476827643334045 3.05135225115757 3.43649536430348
