4153.31 39.0247254237208 10.3350832458558 9.3006367239559
4196.88 32.5306321585995 7.91092622832599 10.0911417694806
4212.42 23.8230203702797 5.69962452517669 9.96151338010804
4457.65 5.84519711321405 3.14213461972834 7.06945450602416
4495.16 6.16514861375975 3.91175772289692 12.8228378848853
4636.5 13.9870446329339 3.19995433413884 18.842049659037
4675.85 20.3717694643579 4.91370137939978 13.1451097967138
4896.82 11.3439965821391 4.96461870377196 11.0673109930894
4948.32 12.3419720267847 5.63717987545142 8.71976065671242
5061.86 9.19947287707125 4.9339941746444 11.4918911097675
5078.82 6.43072062755981 3.43863533096607 11.7274707071574
5252.85 30.566246708334 12.039080255301 11.4886780469024
5384.14 39.3477466290667 17.5822903632845 12.5460394997426
5617.95 4.6857097115031 4.25998575962563 11.560011194365
5757.44 4.89775216975584 4.9022907639291 11.5587109569879
5817.89 9.6152638909186 8.73390793728447 14.3864529395269
5933.1 7.35290585677644 5.65884541227586 13.6483909510462
6005.43 25.6386207474159 15.1523224940114 13.5684439187489
6117.13 22.3168579921913 5.70254269910366 13.7587572294096
6247.29 22.4671200414127 3.4894181578784 15.4579442385675
6336.62 30.098859001519 5.67211878779111 15.3582821076998
6449.78 11.8079148817863 3.84479135785251 15.8203816756713
6574.31 17.2395549148076 6.86669516642552 16.5159554028223
6794.17 100 17.6339567440027 17.6789371779732
7192.81 24.2995759083856 8.2092766486434 28.2535103401115
7590.37 39.6014899491227 17.0275249136934 19.8090019228102
7742.72 10.8357610996536 4.19226951611667 19.1873640490285
7843.55 7.21682224174503 3.44556275664418 19.2263021795679
8074.22 5.30254400393899 3.10198371025457 39.3284629409563
8562.24 1.12765956031802 3.44077715435358 3.45366734331583
8570.34 1.31769757494492 4.17368363734711 6.68241391731681
8819 9.83501391448891 9.5567409229996 19.7018020427549
9030.07 5.67676232233385 3.071519510793 16.8023092957446
9135.06 6.65787031382145 3.89992774291025 17.799879494738
9461.12 10.7597109924566 6.31086217607244 20.8742140455142
9558.24 12.3797150875892 7.00599203554212 27.7349848004033
9901.07 4.21625300546826 4.57313054064677 27.8170613947495
10035.17 3.9552504584942 4.20986259856707 22.0319238905213
10243.15 2.61019948169211 3.08502795422022 22.974060652843
10453.6 2.15920800307992 3.62286510624278 18.0293257306948
11112.47 1.43209372250885 4.83901745034138 22.4684142266869
11334.39 1.43112089614064 4.09734645693402 13.5175310503673
11691.14 0.750396892736737 3.493200967757 5.58471927645769
