4151.14 51.4450787717245 10.8633913001216 9.507949291763
4196.76 49.6913881823791 9.940456850167 8.86421731105384
4212.79 26.7676594046491 5.2796197535085 10.6492680032316
4284.17 17.2776166952602 3.08798387568028 11.1824373822328
4492.65 8.2868997522547 3.32015213323103 12.259909940678
4635.86 15.8781679479132 3.43647893583232 18.0764852742022
4672.66 31.0181173852937 7.31594156687631 13.1485756928196
4896.82 18.0400537325476 7.43387206442936 9.87120562780001
4917.57 9.82131191172034 3.87286729188036 9.06022685945027
4948.97 19.1053053481481 7.62258010055492 10.2550393392994
5060.93 11.2706386657342 4.56985142506534 9.25376714797494
5077.76 12.3814246027499 4.95496185092251 10.5216278357329
5252.72 53.2744238303025 14.1273697359533 11.2206048669323
5381.41 44.397817664155 15.0701361719985 11.0334811045004
5602.82 4.47003791551443 3.31398208934598 9.46801701480854
5618.79 4.12752540335343 3.27385313970814 10.966521032934
5754.35 5.78524516387816 6.03190689206315 10.1063204132415
5816.2 11.3436926611321 11.6852897943138 11.2512113046969
5931.25 10.2963718339494 9.48483907777295 11.0036653399065
6003.85 46.2705474344128 28.7397183761528 11.5583991498243
6116.26 41.9818306358564 9.37039666226564 11.551454557909
6336.77 49.1437352813193 7.73054847775174 12.9836703324436
6445.78 16.1472465805197 4.64861022267943 12.6622478872796
6509.3 13.7262305395215 5.20118822565619 12.4816034377218
6571.77 21.6069904590455 9.1767406255366 13.2723508614617
6745.09 29.2885511323602 5.72951642421401 15.2042899623721
6789.62 100 19.8902604571197 14.210903572136
7108.16 11.0968558117026 3.37743389799355 16.0884486518262
7193.28 28.4225931139653 7.61360201642463 28.9066377496611
7476.94 10.0816828537366 4.93868746869461 17.9512049695068
7587.18 36.187529102452 18.8736816734672 14.6924343460578
7741.11 11.7580216955861 6.29428491856355 15.053825645472
7837.23 7.23529252733998 3.44112368272304 15.251806031798
8006.69 12.2156626784209 4.56335886752367 21.1405256471489
8068.64 7.77294857345575 3.05666395464554 31.3089281846105
8818.15 13.9155060996225 9.95378091408163 23.3246244669681
8906.38 6.94637532968064 3.76607759947712 20.2497982395562
9103.82 8.47005300948828 4.38612470897302 18.3804525777814
9135.93 7.99852772338878 4.29455378512593 20.7578122679843
9462.7 12.8348429932167 7.61344009563487 20.3406969989537
9554.52 31.0837034107637 17.5828617275731 23.1652864944499
9898.19 5.09378198666213 4.09291203938085 30.3617195077713
10032.63 7.45071839947067 5.91726887758167 21.0165933790486
10412.46 4.23343968098187 3.91366977700975 22.3329030754812
10450.83 3.16516389051417 3.08964314437859 21.1464004084301
11109.05 2.53439377052528 7.12067699991855 20.2524777798735
11459.17 1.64873182045845 3.28362639318931 32.6909028281971
11702.6 0.950899844147149 3.21764817018594 17.9666585812392
