4150.41 53.3175040055111 10.077529993819 9.45818882487674
4195.91 40.8262941476628 7.48813931831661 8.86642692544683
4211.45 24.6253609130409 4.52447803483697 10.4086770041422
4284.41 18.0518083223277 3.33286648059193 18.5885402894837
4493.28 8.67659410237489 3.63451159219673 10.3362002561726
4634.21 17.4483595393164 4.14283917022325 11.4513942388348
4672.66 31.2940215041245 8.20597548082349 12.8105243033942
4895.91 17.3371638488789 7.21945549365232 9.993949522609
4914.96 8.85392576977623 3.51640457534624 9.59205250878676
4946.09 23.1415793967005 9.1414768874455 10.0911456052427
5061.06 11.0698094692023 4.14001227772086 9.37011896374133
5077.23 11.4541325486091 4.26740972907497 12.0145107484122
5251.37 43.9318660506504 13.714218278549 11.1086691043474
5380.46 46.5473354807191 17.8617311280953 11.3354331908386
5613.92 5.53367553343887 3.80340635021095 9.62513237418079
5755.48 5.66037683655603 4.19161218004844 11.4316766114189
5815.07 11.1879162990753 8.01394268117611 12.4647248610372
5930.4 13.6061145799965 9.59573576564552 12.2989362698345
6002.71 36.6165022462078 21.4878959513113 12.1356550853316
6115.11 33.9005665365789 7.94797911831517 12.1998595275609
6243.35 25.4599308086522 3.38169885584684 13.9053531379677
6314.74 22.2786535074531 3.38966620120911 12.3654727634239
6334.42 37.8271733637776 6.34000026477062 13.4625988556163
6446.81 15.74420117792 5.1195567076137 12.8397846660473
6509.01 10.8405231805091 4.4574369266817 13.4308478650437
6570.88 22.8385540816552 9.94928514681203 13.9467565349905
6744.64 29.4633572888008 5.40007707726947 15.5733073868159
6787.64 100 18.3681888285122 14.8992069535034
7108.93 11.9082256008689 3.04714479156673 16.6415340764052
7192.81 33.192035133818 7.5940759910523 28.8683905754624
7475.04 9.3796210597431 4.56333731832592 20.562659856113
7586.06 39.3378015628278 19.4342859561801 16.3159277930736
7739.98 10.7095199567152 5.36579743035486 17.0368960191327
7838.2 7.53482122199119 3.65806231979425 15.6614660975274
8004.9 12.9816014703783 5.13485568070339 21.1776672321575
8064.54 8.60118187470359 3.49648640921356 32.6334903145635
8815.07 15.5945140213755 9.80344460492371 23.1834915545151
9102.43 9.21251643395204 3.39407778171486 21.4385204856389
9132.81 8.65892570509846 3.26430836042882 23.1395239237354
9460.23 11.7962840122982 5.57290308684525 22.2564943609705
9551.86 32.2630479667614 15.6462646456906 24.7486343749133
9895.31 4.70075100955366 3.40316687121312 29.9184410099188
10030.82 8.63268148391741 6.05810872439172 22.9735136723812
10413.57 4.90179174220953 4.39152107061568 24.080018197159
10450.1 3.24912603939809 3.08782219144635 24.8023695064494
11108.67 1.97688750025953 5.5857332037771 22.2680134870661
11461.28 2.07154269789253 4.13473996864867 23.1287657882604
11687.07 1.17347201492505 3.58721083666807 18.4265062191207
