4019.58 3.17820747087896 3.24338525797786 6.48905992948721
4121.86 100 40.8366006281184 8.16265295037647
4278.32 8.13449961496297 4.26995662135347 7.81097715880969
4300.14 11.9351089990035 6.3805932977854 8.29617902315385
4367.64 14.6945005768992 6.66368563735337 7.06758803669982
4388.68 12.0513465216332 5.40407203941934 12.3162255689613
4580.68 44.5950136718418 15.5488874962026 7.29664519598009
4801.54 2.85732130765853 3.15442928310162 7.12394386031156
5001.01 40.1572945937407 12.1430726275306 9.44879719143228
5046.27 42.397664458108 12.1803408756966 9.49913409777128
5398.13 4.78387971749886 3.93298655925844 9.46326978270008
5438.04 6.32767021410866 5.19747949775725 10.1734948164576
5472.59 5.85564510673833 4.81604239988229 6.01509367410927
5640.89 3.1762840770391 4.47358838445846 8.41809855766405
5741.85 2.70384641862971 5.18259109962557 10.268432924845
5927.01 2.87169998603844 4.44223825834057 7.16590032935983
6054.16 47.9970182164226 26.8576979314022 10.136394297363
6149.76 30.7275077044778 12.2602211865934 9.8862973092364
6298.42 44.2953390216876 14.997583841894 10.3386961206143
6359.37 29.1396394358012 10.173342835193 10.9482068059278
6646.22 3.44113485484126 4.73911713349667 10.3508125896087
6683.38 2.84846206956948 4.25556391516181 16.9488439848865
6837.04 1.8194904129148 3.16019458194436 8.47258232966942
7016.48 8.21444369713123 4.45089169838518 12.7388700740739
7051.17 24.7536520603151 11.2747992029335 11.5082514042733
7080.99 28.6297940601098 12.1309234952371 14.4501164970661
7098.94 31.3944582727594 13.6832493037547 13.3522020788896
7684.35 1.99790673652087 4.77603300827869 8.07435095436449
7854.93 8.52746358964885 13.8415190794766 13.1386224587113
7904.47 2.23343461056705 3.05694938919547 13.8417037204063
7984.51 15.3292692863992 18.6029009023758 13.9653214487253
8007.24 6.78364218288654 8.23714001003197 25.8791494026946
8275.63 3.25363085207317 7.13243244185832 12.422161848066
8676.44 4.40797274964721 11.7863750661003 13.2125701839796
8826.55 9.02901461640291 14.541251619333 16.2086229667693
8960.42 11.6022479227198 12.5502873648088 13.9868457748689
8999.9 10.8352777579827 10.6205298557146 22.9453548032816
9065.41 5.47197068999855 4.84129800488607 14.4579394304074
9377.2 40.2684247507131 22.3496355190972 16.0490360452441
9807.76 1.83127100897943 4.29344571344095 15.83830312795
10226.02 6.17589507570763 15.8969147034893 16.4893634976415
10296.89 1.83844804138654 3.98466550402698 19.1643500444388
10342.61 2.09311033217947 4.54803347729978 16.3916102509393
10976.37 1.46740777869746 4.58565928537009 18.7241406724497
11053.7 2.76308641140899 8.13726753592644 24.4879258359178
11121.6 2.31248062992115 6.43977679513612 18.3554034571262
11283.54 0.875073556923773 3.00200145070989 20.0607450862335
11447.11 1.28186864303986 6.42362958326406 18.1330629510339
11631.11 0.810787472079358 6.00913814097286 25.878531097027
11659.03 0.455486803617189 3.55125888387151 3.24307590639182
11786.4 0.262214559814699 3.0352308916306 2.28850186142336
11958.88 0.15301394461777 3.0538112449898 2.30306515049051
11976.15 0.199565613614567 4.27143552627006 4.51958703794662
11992.06 0.249980096820628 5.71135124145865 5.00541566094398
11999.33 0.539829446765051 12.7651050752443 1.27044455089526
