4019.46 4.15516847999506 3.40237742342165 3.07493013661224
4123.3 100 47.5314948742339 7.78217812068033
4278.93 31.7224215974948 12.0409306972918 8.04910531181122
4300.39 14.057917785897 5.17971106395102 7.31020145569346
4368.38 9.96756475842224 3.28563354671726 7.45802501168146
4389.55 15.3783282740876 5.15600542459061 14.9604318621878
4581.94 36.518807359877 13.5618032153897 7.11452252361414
4799.86 3.64984904385375 3.94860996881268 5.30400801095584
4810.72 3.0813040536157 3.45777727086429 5.76033100164022
5001.67 36.7609778296603 9.79067661282708 9.08939137706511
5047.99 79.443530455485 18.6897702393459 8.97870863735534
5397.45 9.36417916471872 7.5525701043525 8.98307299286535
5438.86 7.47459409653878 5.69261401527247 9.06186463493395
5474.65 7.70680865389224 5.72430217223103 6.83375071943738
5640.06 4.06346643818663 4.57597815520564 11.3284883356555
5744.52 2.77635873304188 4.25332463552741 12.7784859619405
5930.43 4.20676260006142 4.41174272106335 7.9066138664457
6055.31 77.1798672281505 38.966915024461 9.49861375212458
6151.5 21.0010724510141 7.87157928251427 10.2123658833207
6299.59 56.7282415890525 16.6359206449081 10.2216970913069
6361.28 26.8831241105811 8.07309340044071 10.4471186785368
6514.79 6.85301837594038 4.12989588531571 9.70235982555823
6646.98 4.27044707951349 5.64358487345348 10.2497109431015
6690 2.30679796891238 3.32554711938178 10.285582330047
7016.48 11.1712996180784 4.24753817330714 12.4174553856628
7053.64 26.0707749296228 8.21153706608275 11.2632870292191
7081.61 30.4373603959711 8.9670309703244 14.073935125858
7100.18 49.1868466136265 14.8372881284923 12.1007717386774
7236.89 9.93376836111776 3.8495007233137 12.4776796916076
7689.01 3.19115149190455 6.01415928755376 18.6110627571197
7856.06 4.60303082360528 6.34966915419101 10.992876935381
7904.3 3.67563626029031 4.27120030660588 10.0044550805032
7986.31 12.2080241351588 11.6899971042203 13.8991131879711
8009.37 9.76297938113937 9.27909264597191 16.1422095034395
8141.43 4.23595718628808 4.23833895039413 11.7078922438832
8277.46 4.2125959607892 6.32852771274161 12.9439047298929
8428.08 1.30019689658369 3.59100732573478 8.90017729844112
8679.15 5.21335935882262 10.039418192835 13.1529030870333
8830.65 12.5451357770762 12.577590411454 15.4145648918948
9003.7 18.2608557941019 11.7355698408732 29.5417701938804
9065.41 5.4211996161465 3.33481457095769 15.2546299867427
9334.7 7.72692612623631 3.59062609260346 17.1041384830787
9381.07 43.2315859959628 20.0364178074198 16.9243803511636
9809.38 2.6009445028296 4.59665800200144 15.201066936439
10228.21 8.51831184192932 15.693065243174 18.5633477899046
10299.28 2.30414559750472 3.46226108122534 18.7452540758077
10344.63 3.28227777591947 4.97130353727742 21.2287392365542
10985.24 2.18633692374273 4.04207429273939 16.8982108090167
11056.73 4.8036341592827 8.14447463729221 23.3600246810565
11128.05 3.98131137548848 6.15277421381275 21.0810898663804
11453.85 1.96316990512338 5.28280562858473 24.2718310262826
11643.32 1.34490080573539 5.63819316873508 25.958326429889
11909.87 0.327925152607201 3.30384386327611 1.5146912898017
11989.7 0.455884247463981 6.2225410728764 1.52088008503051
11999.72 0.536805890734173 7.66538576715603 6.60124224944957
