4017.56 2.73825388252327 3.59223663368243 5.29629039460997
4122.1 100 56.7526309390906 7.81946671235619
4278.69 7.54831384406729 5.13641977905667 6.53200410387308
4300.63 12.6628654719806 8.65919905991809 6.42057445386763
4367.27 7.02418233990654 4.1926012661676 7.59773504805435
4388.93 12.7484174929502 7.63031727968522 6.25757307622462
4580.93 31.0123336229931 16.6555774568922 6.83885921456113
4602.83 5.45788129350815 3.02024504787796 7.09099508622876
4800.38 2.81128461779466 5.19228184379029 5.39079818582559
4809.3 1.925236199208 3.61223188446067 4.6667446034362
5001.93 24.7947953456313 10.0245596324816 7.96335540210021
5046.93 57.5248139536278 20.7575296764095 8.43425858443788
5397.85 5.40157965633057 5.78571727406239 8.36108155014063
5440.09 4.48242429738228 4.56174684671558 7.20885903237104
5473.14 3.82337032723043 3.78379291037919 7.79669601424212
5640.61 2.71556486589614 4.27968942365061 8.17445577120998
5738.34 1.68766469223991 3.81279231734899 9.47056897153652
5928.72 3.49470660544672 6.3083798874496 6.05645291487417
6054.45 58.4842938059361 50.8317161938444 8.92162025339258
6149.76 16.4692756890849 10.7161531156698 8.99972404505843
6299 39.4762731397192 19.587563376486 9.27876027110233
6345.68 10.4753721336844 5.18025621111055 9.6401512670991
6360.54 20.9889733376859 10.5723467221153 9.52977853759967
6646.83 2.96214592699211 6.5027019752261 10.5040437006874
6684.88 2.31449326463322 5.4564721027762 13.2428465288249
6786.75 1.27239742170783 3.07408713597627 4.6680850304474
6839.63 1.53672763829454 3.53561808220484 4.74343514799421
7015.55 7.38709164639596 4.84708365235201 11.4417358595365
7052.4 18.3454932305351 10.0714235326862 11.0097080856785
7079.13 22.4643629405301 11.5807544148813 12.9521039627971
7098.32 31.6507657705337 16.9738490564459 10.9326312776184
7334.83 2.86831899826315 3.64574391015017 7.16260671303826
7684.51 2.04899226131709 6.79087294227684 17.2114286263959
7854.6 5.37888671574567 12.0085182229084 11.0654556071431
7902.84 2.22086308874182 4.26990916988389 13.8027489953956
7985.17 12.4439551514421 20.7902794544042 12.2177919307087
8008.22 5.86493936945736 9.81074215462479 15.962673816106
8275.63 2.85429082428719 8.42932308545836 10.5937106320889
8678.13 4.13161568393777 16.4208963756587 11.6169553406708
8827.23 9.94425102425776 23.5663120451412 13.797509293765
8959.22 5.60895696301293 9.0976261554422 12.9543276392487
9000.59 10.1925322342559 15.0194514843011 16.6153326868462
9063.68 3.8221789688362 5.13241813242908 13.4725271294628
9334.35 4.25525304003654 3.64423003408014 18.8292876072082
9378.08 30.6431124585813 26.1026248793571 15.164032944127
9806.87 1.56290917868117 5.48889411633959 15.2326889542328
10225.1 5.1950907526783 17.9198769712545 15.3686794279001
10292.12 1.54864672080595 4.60170070490268 16.9067526994113
10345.18 1.96039193022181 5.8148772721025 15.9505595496757
10804.62 0.49194657444662 3.16701397471813 5.01355013736611
10974.86 1.19019674683228 5.23262553960124 15.6527956386017
11055.6 2.41038268712992 9.73967607679618 20.3804693536531
11122.54 1.60026541440066 6.0222573723872 17.8747635890431
11280.1 0.768575421790469 3.58205410318911 9.11700052427295
11445.38 0.970146358506314 6.55148438514568 14.772464166288
11637.9 0.646365406175595 6.52079715288823 21.2063899805689
11795.36 0.217940526959643 3.34546688566038 1.22587180512528
11904 0.252255899158273 4.99949270149169 2.1123614730277
11915.75 0.179215414906655 3.63559204420808 0.98631558528723
11931.23 0.158027750105241 3.31612641870266 1.50094765926224
11999.33 0.519806256919165 12.9392238672131 0.931043893860988
