4131.85 100 31.1242715613168 10.2667720939417
4287.75 57.0428890113908 10.4852294441114 10.5793144909803
4397.73 20.6838840897737 3.56435397405705 15.7653722138111
4592.44 40.8764654278536 12.6872034613359 11.7869314125664
5013.13 28.2781822954883 6.90181048727098 15.0167044456821
5058.31 69.0396967831993 13.2696078417954 12.7557619404333
5409.87 10.8997851087557 5.65335748273025 12.3439460537993
5451.88 8.64195105291711 4.23829464258049 12.8630064226336
5650.09 4.07711151327742 3.03922556960891 13.7629736781009
5754.78 3.36370579662472 3.2176918684274 10.6965215814589
5943.12 3.96083757963988 3.33267489973533 14.296546952457
6067.26 74.9917595013694 26.0808936841367 22.8252816996819
6162.23 21.775811787586 4.80612430554792 15.8076330132426
6312.49 55.0674698556362 9.31990881140802 16.0084784221308
6372.77 28.6732498970101 5.00485577360471 16.325949507821
6528.49 10.769693452948 3.89844187219827 15.0459925317919
6666.22 5.3274540824852 4.14768541307139 16.3186787750165
7066.46 20.0381839025249 3.63167687536633 18.4192467986304
7114.9 42.8744430091684 8.13314523492884 20.492522192013
7704.76 3.71318886965871 6.3900260619067 3.08971663959255
7722.61 1.81070221484245 3.29229995341544 2.64080050964185
7871.32 4.64825550463265 4.28158989022107 19.6341260208847
8000.54 11.5392245368172 6.00664370657502 48.9799518400123
8701.4 3.82139577810481 5.53999601139498 23.7088963713722
8849.14 8.55062662857889 6.06713028539406 23.011837731694
9016.13 16.6402651023964 6.87217018247351 41.1832256084017
9397.43 36.0533194449315 14.3220318095054 29.3815146660145
10251.08 5.61257935983328 6.44438810745341 28.8376746161593
11002.62 2.15863325465562 3.37936669103466 31.7940565432364
11080.23 4.53259802822825 6.41049029024763 32.1412562872811
11154.28 2.50907913395639 3.41133927492714 33.043993185971
11478.3 1.75660858969197 4.52387329686349 28.3203185104103
11677.47 1.28642455449952 4.41220562600995 7.1278516673101
11789.12 0.663116556952559 3.04494139281253 1.48972672856507
