4107.67 7.05169132446335 3.28961141944187 8.33965136667575
4124.62 100 45.7090271374812 8.31725837026625
4280.89 6.0323139447802 3.20755020699453 5.19689750393627
4302.47 14.5331624214237 7.5606783335244 7.08889359514524
4369.87 6.94105240808083 3.03853816746041 9.41723080078737
4390.79 15.4387928557517 6.84962663726579 7.56588258070042
4477.82 8.72970591651323 3.86566972228074 8.76355504901403
4583.71 43.2990096131947 16.0764146178289 7.24213784349558
5004.56 13.4769699309197 4.41217294166015 9.42316687142011
5049.18 67.5780413958699 18.3676315408621 10.1231663657791
5287.45 4.9578184677688 3.42865397877341 7.27277035290808
5400.17 10.1326567817183 6.32829409831815 10.0281818208532
5441.87 7.91812999440759 4.90417041650319 9.60915037604263
5642.28 3.25696704013959 3.40698686497851 10.6172038847799
5744.66 2.95341461648289 4.21852075166244 9.07896644669017
5931.28 5.61439889031315 6.10162907013581 7.89928197253721
6056.89 58.9786365637322 34.7773471416846 10.7674754772543
6152.81 10.4236519954538 4.9000997687984 10.599338499881
6301.64 45.699993517945 13.7350896320772 11.1546864783359
6363.05 30.7198264161087 8.31287696778444 11.3655242965388
6649.83 5.78754646656713 5.32740363188858 11.40070756354
6689.25 3.07065516412482 3.06050106880023 7.06425629976457
7022.18 8.8062121407295 3.47282634238458 15.3902220291975
7055.34 12.1649873728746 4.05924795261272 14.0554260682275
7082.69 26.8385116733914 8.63518115501557 16.1703926838391
7101.57 44.9904812583892 15.0518915907911 13.4524179523587
7431.31 3.531821649441 3.43383863439039 12.5236170259359
7451.25 3.65036779481243 3.68589855724746 13.2685318475533
7857.69 4.04180262884927 5.53316508497192 13.6691491234787
7989.58 13.4468177473244 14.7029992471987 15.7499962714255
8011.5 7.93521720308442 8.74587937693467 23.1465638332966
8337.7 1.41924996537016 3.06599253990495 9.28090000978409
8682.72 3.05434092485506 6.53467048267648 14.0372612067313
8834.07 9.03047529943844 13.1371798399922 18.4248220864247
8964.9 3.46541342971855 3.6782096519559 18.5869996506499
9004.04 12.7590765124769 12.5567807269421 21.8852204092436
9382.83 32.8939758382294 16.928537711181 19.9648291133144
9730.57 2.15803756592982 3.04526608904672 17.5066192277664
10230.04 3.82514629264714 8.90522150878797 18.8060929785897
10348.68 3.04943658697838 6.57346843909907 21.074961162376
10980.52 1.27419921187209 3.69592035376633 14.924519625647
11057.3 3.58320395090648 9.86214298665858 26.1824229354188
11455.58 1.02822700523048 3.97114987221762 15.5644473460325
11635.38 0.756933205378116 4.16371266233234 2.72762565040466
11642.35 0.771680266929564 4.32018599491322 19.3158229156543
11901.26 0.26693286180599 4.32015003484179 1.04221930844869
11913.6 0.201623239208755 3.41954660183996 1.79626675938925
11944.95 0.190980223030932 3.75980216032887 0.752196901910793
11984.99 0.262271701168619 6.51743080939374 2.02625863619505
11999.33 0.634904027452502 17.4325443016381 6.47304534927935
