4122.22 100 28.0799903075109 9.77628001635367
4300.51 17.705095220327 7.012524598755 7.76676730208965
4388.68 17.3521443451805 5.75754572652119 8.71641774082673
4581.56 37.2110055878577 13.196413856145 8.19198941024388
5001.14 17.664769181345 3.61501545225141 20.7906757669525
5047.06 86.9559798157917 14.5431832226382 11.4107374618379
5286.91 6.12541125008555 3.43090546511212 8.5998572102244
5369.1 7.05904913887239 3.52783112211735 10.6662658266614
5398.13 8.47312780962583 4.0541823358379 9.62681746677481
5439 8.21090133556169 3.84145745531561 10.6974182260201
5640.06 4.89212369736869 3.84115580565002 11.2367851227737
5744.66 2.94533495279428 3.53825202974688 14.9846368138478
5927.44 6.86584432771185 6.45815838831966 7.81085194692514
6054.45 60.9311360009208 27.360827055544 12.3558148280827
6149.04 10.2702641765289 3.39457497778191 10.8885717728117
6298.71 51.7704958547204 11.1154593310754 12.6189073907926
6359.22 34.0691730407812 6.87089448174152 13.0633218987878
6647.13 4.13017874071577 3.01391595865205 12.4178006198426
7052.71 14.8169901366038 3.71834061778153 15.4236323885798
7098.94 58.8576446706214 14.3201675397631 15.6842972082468
7683.87 3.2580110550256 5.07546405843308 15.4975483936532
7856.06 3.34317705734905 3.5803313359914 14.5911145230257
7986.15 13.7194055266098 10.6912875137298 17.3509492730318
8276.3 2.64013453942394 3.99083744199597 14.7910308490882
8676.44 4.19693891783194 6.83016863989153 18.015874863584
8828.6 13.6207899311769 12.4538595354236 20.4585028930942
9001.11 17.4772030905916 10.255855383193 23.29744135074
9378.96 37.6084908308323 14.3056236543479 23.0239330011136
10227.66 6.27131769033648 11.0463047498909 23.0135009339701
10342.61 3.92942872821453 6.22684810884626 26.8439910719753
11055.79 5.45471288676395 9.20628634525301 27.9291875378531
11444.81 1.50342015486109 4.22071717838636 26.108098690338
11648.36 1.08373364056671 5.24193895578494 11.2785108794142
11655.15 0.716922805975777 3.4798570180364 6.93409596540369
11895.19 0.275552362909081 4.07598610397556 1.60300788123641
11934.17 0.175604429334974 3.12783116395583 0.676772331478787
11997.95 1.30482536035 37.0686954123343 5.25852318365469
