4147.88 8.69052971403503 3.58053908113192 7.15022593031972
4212.54 100 35.9348107690631 9.59650321428853
4368.22 25.2142953189307 5.84962808217607 9.98573026210852
4422.77 15.9375463024075 4.36713330938767 8.87503365832981
4587.93 16.0260101013359 7.55564959196047 11.9904829851712
4633.95 9.52255302420877 4.0008375363837 9.69885832324053
4678.15 8.10442727527641 3.58063336647511 9.05005733296002
4980.86 17.2402963891511 6.50505507629187 10.4479887298357
5058.02 63.3964572666428 22.1679584328322 11.8643933767808
5253.52 23.2658895863715 8.91477664180459 11.7870928539669
5284.15 37.6909073783318 14.1108904433284 12.5683725764575
5601.01 5.30128548583757 4.37597543997276 12.5085941356483
5766.16 2.76131880774817 3.1761299759286 9.05456815721573
5932.53 5.23520261708931 8.98519808917279 13.0520433165557
6144.48 47.6605454341922 9.90263986011711 27.288565459151
6219.73 21.3082581592034 3.41689637918164 13.5502848110509
6275.34 35.6142019799981 5.89081146803884 14.6978823972213
6540.13 4.8296761872599 3.58543145370525 11.2890795964186
6571.62 5.19916343913314 4.24192560924312 13.6216098789146
6727.56 9.37695410093757 9.38447821496388 15.3698096603321
6757.5 7.31056960218585 7.54633886027675 15.8439933235341
7151.28 24.9734700128221 6.07718144276882 15.9009821388263
7177.71 19.0246651808016 4.10456945306819 16.7327280659392
7268.22 19.8361488676046 4.92764476617522 33.051319003247
7599.15 39.2921143882107 15.2605832330074 25.9756786091784
7819.42 9.71646564163503 5.06921829428498 19.5644718573649
7969.76 5.04097387408571 3.35387199610407 21.2897290416195
8021.59 5.72786142362478 3.78000549414203 22.2438317487313
8288.33 3.29323444002543 3.17236944247993 13.9360148858632
8423.77 3.81630937518099 5.32804492957619 16.7740958732902
8496.07 2.45956557180321 3.99616228140868 16.7623642373546
8523.15 2.59382703001948 4.4479445794399 18.9032786218468
8817.98 10.4276345651689 6.08301366430074 20.4466023820551
8960.38 9.85783879580515 3.68327777448541 21.2556155957373
9062.06 22.1525179918805 8.54695817037014 21.2435540639235
9388.17 23.4554377433551 8.62572639423734 29.684277591643
10216.27 3.93362026085892 5.29436081703759 30.6670614008017
10572.08 2.13891340270181 4.51862242994267 21.5883259393086
11150.08 1.4079003311122 3.76188563120377 60.6088930433762
11688.43 1.26892148148461 6.57011976228828 26.9901874923598
11867.08 0.498007811571293 4.23108940839471 5.48853321104798
11874.12 0.400157015065576 3.44374173605695 2.83868495659044
11959.51 0.335644221778363 3.63236873077275 4.11059567605662
