4222.03 100 15.6877549044105 19.47561952467
4379.35 28.6262603494397 5.73570621425045 21.8129270358504
4592.74 13.7125376730877 3.97916145604699 14.8955029906801
4993.35 20.7873931928826 4.03439854567673 19.4219483920251
5069.67 81.0131519813149 15.9999280546604 23.9521918219116
5294.55 30.4946958314323 6.1481638369367 28.0764414187206
5615.73 9.73727312607134 3.88731954570898 14.6930908312052
5630.89 9.42508000757003 3.75066342348625 13.4373448287324
5938.81 8.11805941885189 5.59577882323387 16.8906249244728
6162.31 65.7107486030891 5.09470628051361 35.484410533084
6293.78 38.248950816426 3.17362868693882 28.7040062043307
6744.48 15.5210414093233 6.33684902269919 32.1477105861013
7273.86 32.2322268300567 4.87713927507143 26.8704911686518
7609.7 57.8241512081105 11.1820775239617 40.8212460261439
8523.32 3.3327926110826 3.11159337353831 7.85343352930249
9067.43 13.5385200144895 3.94901685470823 42.2148640992255
9397.5 20.571534282554 5.223916409722 50.0080559841481
11137.91 2.2403508204832 3.65649946672766 5.42580452733455
11152.93 2.38067062391269 3.93880052040409 6.31831525420239
11696.39 1.16672684427858 3.24449025952368 8.2608582790217
11708.43 1.4261414822129 4.18879152386953 3.54089518728688
11720.87 1.11608218409913 3.32723601448175 2.64068213651444
11791.34 0.890957820085519 3.3182347282949 1.70416631820444
11855.36 0.8175639914512 3.71134308756738 1.14014222544392
11903.27 0.829357944285262 4.30185900473219 0.991357131259065
11963.63 0.51161704564367 3.16617937180607 1.4444643073366
