4077.81 7.37822599714318 3.1406020443842 8.27879283106859
4153.31 8.49770487885253 3.96621603748007 8.03730844736401
4217.65 100 44.3538098966417 9.51398936481655
4290.54 9.22914072739261 3.23484382800987 8.94926916210079
4374.65 25.514490737665 8.80161831535249 9.24571767338603
4497.91 6.40019831997917 4.02307491061763 9.36019518744342
4594.77 9.63424908877987 5.49400087561422 10.8143753953073
4988.09 14.450407651017 8.69711850295332 10.208225303254
5063.84 67.304186906126 38.7176765923252 11.3961612281619
5259.59 15.6377274454882 8.7006409962204 11.9922184919205
5290.63 24.547194504575 13.9295672284132 12.9321238708808
5622.82 4.67027971852915 5.42788738623296 25.77798715894
5939.23 6.04361066688279 14.9067909606549 12.2045347779194
5959.93 1.7960936112113 4.19125095314719 1.87739870514724
6152.88 41.6333055159413 8.75920087553071 27.0458045851692
6228.76 16.9711720118048 3.03161810300313 13.2239638334095
6283.53 35.693963523529 7.14523287602638 14.0809411749879
6581.64 6.00857561902718 5.4084247501962 12.0779969004197
6735.41 11.4053575946385 12.937619583755 14.0194136941582
6766.88 4.71776966494019 5.55725096916967 14.6347106900548
7188.77 8.33858017286123 3.10622037583633 17.9579065355711
7261.81 17.4214241024757 6.77342866344682 20.9478938742604
7608.74 40.0210114038826 18.7962503948369 26.1373257855257
7830.1 9.97523497432835 5.17434034281028 18.2053660180263
7986.58 4.72979805418158 3.40861511302868 24.7241059528687
8034.2 5.52185069177469 4.24087438819638 22.9955534822484
8440.19 1.86711172053213 4.21566806020498 18.3553540095781
8511.21 1.47898384499868 3.63154075536881 20.4133197700248
8829.09 4.54192114343141 4.02280826046814 24.8426019752878
8930.96 4.63276203103615 3.14928523393926 27.1205854067157
9075.92 8.41584003505359 6.28153931197846 22.2431163843703
9402.78 12.5781246547875 11.0803801788202 28.0402558266342
10102.89 2.04127220363519 4.65439562918584 20.3576568177832
10334.26 1.73067630220845 3.86725154118812 33.2238601698045
10591.39 1.3365849525422 4.53800331719768 22.0050441137082
10888.95 0.756928808778219 4.12435335811126 24.7726569067254
11140.95 1.08583686227365 6.72744887813425 30.2673167619214
11414.18 0.797928412441692 4.78314305553809 19.7474445404914
11708.24 0.48440359599066 4.73892387073349 9.45334581824318
11715.04 0.329608148630193 3.25970063149763 4.53958201086061
11881.36 0.32168775619688 6.40485898392016 1.72941579525468
11892.51 0.209508309445875 4.31587275229062 1.33634974020424
11973.25 0.307762477063193 9.15312605228253 1.81657691724649
11979.53 0.256448560992171 7.88155341599016 2.13871191447652
11985.81 0.191026248182938 6.06780185420041 5.57870263095174
