4026.14 6.62369018764198 3.25322413580987 5.67506549571317
4148.48 6.35316122004406 3.03635698103197 6.19281285028046
4211.33 100 34.6259819865567 8.87752123396604
4368.47 21.6241607292069 4.91928391751847 8.67839058016034
4421.03 19.5897511060862 5.51797831821685 7.43302625673095
4587.18 16.0656454457556 6.23469279245711 14.8005108625903
4634.72 14.8679849630997 4.37561699280472 11.1676759770407
4677.38 14.4529991716901 4.32508417210499 10.4117725392798
4979.55 17.8205363661544 6.5815356985276 9.32514998598981
5057.36 48.7460330681403 15.9661568784295 11.1845933012173
5250.97 28.8100890830974 10.3173182339648 10.240588598489
5282.39 34.3198530907138 11.7947519481831 11.624716753422
5603.09 5.99350366573844 4.48052924227349 13.787945320405
5764.61 4.86021685187431 6.11757409317164 7.63340034752218
5929.97 5.72725852023428 9.23873838721863 9.69539200993768
6143.18 56.7189615661742 8.8333125082483 11.9322876358347
6219.14 27.527389856706 3.47497267049724 12.6637561167117
6274.02 39.497496705709 5.32528001746309 12.2302553333793
6538.19 4.0715862199259 3.4180494074718 8.17726636719635
6570.28 4.57840404780389 4.30807442775654 9.57236519683829
6725.44 7.29119648773094 7.44163421735836 14.325128533651
6755.53 9.24222460678029 9.83856227944424 11.9225614185734
7061.45 13.2328699801106 3.0146216002249 15.3260117446471
7148.8 43.6840947449346 7.63527502029147 12.9443450330273
7177.09 26.3564701685438 4.17050414330781 14.7063518683226
7267.91 24.0589059000651 4.71084044174458 12.8226964325168
7598.83 30.4324364503358 12.4739381196484 27.1679758335622
7818.29 10.4853190367708 5.19340145303073 14.3095214804125
8019.13 6.38775813288397 3.78800987321868 14.3035121032299
8287 8.10933328012208 7.6986313445612 11.9854589210718
8427.12 3.52817691799891 6.02307870340117 13.0309633543802
8496.24 4.14348355675172 9.56864394162956 12.4797765002695
8523.32 3.13036009763008 7.64312199991635 13.0971086245372
8537.3 1.30012879051314 3.2673608701463 3.09488172574856
8816.44 14.9719422078314 7.57279585915592 17.0758619370627
8958.83 10.7887095210229 3.30337232721538 15.0489251079252
9061.2 31.3581406535511 9.69912688802397 16.3629002350335
9385.36 26.9615591051287 6.88060739118987 30.0967072558942
10155.31 4.12919748988213 3.75866495029766 18.362467870722
10222.85 5.74469358548023 5.28347390747696 31.9068947724845
10574.12 2.61197117076247 3.73090797932927 17.6717154113576
11133.73 2.70060530789158 4.85376527293887 49.0902163154515
11689.59 2.25382488857461 7.0093806445395 20.348918325366
11867.08 0.839979677077766 3.9655633539307 3.38290222195428
