4148.84 10.5497638859348 3.87548415675002 6.21661411538116
4211.94 100 34.7772884927581 9.19697828057633
4369.21 23.2675402411628 5.17451426251758 8.60357818281773
4422.89 21.5935215577333 5.42512949529304 7.47085681736917
4588.69 17.8451828851213 6.03985274800279 12.587856860252
4634.08 10.676828482213 3.14991920847653 11.8506427797738
4980.86 21.2965909554996 6.83572084063485 10.5049987882794
5057.23 57.0524108103483 17.5822654705217 10.9891569948231
5252.45 26.9709084919821 9.81707494600494 11.4139141668893
5283.07 28.930814839485 10.313312093076 12.808413142945
5615.31 6.42228975158272 4.29429811718752 22.4474690019506
5766.58 4.46502130333475 3.89444108329845 3.42626981349895
5930.97 6.57687590509608 7.99514058840072 8.36862792837201
6144.62 54.1653462032856 10.4912605677195 25.1585808243026
6219.14 28.8969252159619 4.45162933421447 13.1425410381225
6274.9 35.5948092393536 5.68928693481747 13.0060561663631
6352.06 14.3669130934982 3.55579379285468 12.5111737839343
6571.62 5.13222138098321 4.01231837692055 11.849822719887
6724.99 9.60571257940099 7.26220345646493 15.2175732555415
6757.19 9.28233290580546 7.05973714450243 14.3680546418182
7150.2 39.26629428667 6.90397298025061 15.1914022898463
7178.34 27.1199592204729 4.2090745273811 18.4504224608536
7269.16 25.6422499238991 4.67210200697204 15.9098561804358
7598.67 33.8031891116141 12.1093536467242 24.7321915787834
7818.12 10.2019289247948 4.74182481459705 17.6085577935846
8020.93 6.28110136517253 3.56065042411641 17.9556558938839
8285.83 5.20611422997992 3.62744561999667 17.3674600306422
8424.94 4.27704714884049 4.04115517322083 16.3188376456983
8494.56 4.44242510265308 4.86906085994168 18.8982252141468
8524.84 3.7277672684672 4.3705895091999 17.4833449071757
8818.15 11.9650851883712 6.43866255936425 20.4008854896911
8957.28 9.4364434204083 3.14094604199017 18.3510789600914
9061.37 30.9643262681303 10.421070894495 21.1515898848011
9386.59 28.3078260106186 8.41381863100117 31.067487008193
10220.47 5.00214470906725 5.11478759927294 30.3943293281282
10574.68 2.81468613000118 3.76805592391713 16.6799641583038
11139.62 2.47888311279467 4.34841495028291 25.8962718332768
11690.17 1.97604402941382 6.7278614594773 16.4163311359353
11711.54 0.92843329424659 3.10283975978925 3.16828515427733
11769.32 0.787421433945465 3.01698852394035 1.64219006112398
