4150.41 15.0659892934994 3.59158399160178 9.40404741559996
4214.85 100 26.6614237387283 12.6685227497173
4370.44 27.1805127363689 6.78323940844423 13.164447348614
4423.89 9.38136728232073 3.11614866705903 8.68149926583192
4492.9 9.43017067799712 4.90933363092713 12.7187100345436
4592.24 14.8283060359052 5.25645413038721 14.0793754770584
4679.81 10.4520924579358 3.33257623758691 8.60909251373141
4984.41 20.3821878982748 6.10585295788311 12.9795092898858
5061.33 77.9706965573828 22.3648459145127 15.3840679746309
5256.62 23.2994223691802 7.03628525804131 17.3264521395404
5287.39 34.0808689137612 9.74646524275823 17.5415980996377
5617.95 8.25941120446251 5.13907945416638 19.1899527194155
5937.1 6.7771717559536 7.74217918072233 13.0524589386805
6162.02 52.2949219507856 5.38908666301887 31.3565333027682
6278.85 34.6681686650338 3.42960744556504 19.5124342605995
6728.77 13.7098392738953 9.02022671248404 19.4188295289596
7255.55 22.8163402762652 4.61784690086729 35.9834535278369
7603.47 54.2549216920016 13.4362205945991 31.1141704010597
7824.92 11.1045578375343 3.5574561477913 22.7885724152065
8028.79 6.16367573559938 3.0362196233256 30.8063303574354
8431.48 3.05079066053444 3.18286191116493 19.1369798029627
8820.71 7.3359287832106 3.59281879635329 25.2225154473635
9070.89 15.2236504986101 5.96488676026507 28.5536469768103
9393.1 22.3766546501369 8.54492970400141 39.1854485757503
10093.25 2.73721439092423 3.33532010718247 27.5359628064762
10222.3 3.06250921652068 3.32639954855154 32.0150643015277
11133.35 1.91215300436956 5.01204848927161 28.7515342082679
11696.58 0.849913791266887 3.4226881735516 3.84950088490768
11864.54 0.496963542941847 3.22661453903854 2.10610434438968
11969.91 0.367611525082093 3.26107822687978 0.857949197896232
