4150.41 72.3843972543453 60.0600119602817 7.57034374411433
4211.33 16.017719593823 13.1482810765009 7.22560286794669
4293.73 21.6374386273667 14.2588129681846 6.87530422651434
4306.61 12.0773682259142 7.45306919074207 9.2789495099596
4442.81 11.3051662784893 7.31637887048632 6.68218931081901
4493.78 6.69559453054833 6.25793414931355 9.0875287834433
4581.61 4.57144535526848 3.06473553631885 7.12956054656115
4670.75 64.8074446316233 29.5705160750266 7.31541927635681
4720.48 9.06620438017087 4.15197882394376 7.69566763506191
4892.91 5.23221145575872 4.45390465436694 8.78983363132284
4916.53 11.5298657919085 10.3267191147078 7.4977874169108
4979.94 6.64144025743275 7.20404294499026 8.70608355413515
5111.76 4.99088298602334 6.38957843249049 7.39043947459322
5172.18 17.2428856845478 17.8080032778956 8.45106707063405
5252.85 5.40281053093952 4.55293358368793 8.5909861105838
5290.9 7.80422702427494 6.6758351219396 8.13546452676928
5379.1 25.1072871739185 24.7410875370231 9.15864647462877
5648.57 3.95432063647986 6.4673334022662 8.16138248495099
5753.65 8.55894215426145 10.3529693590329 9.47390803366761
5814.5 22.6750567889359 24.2005245299577 9.7041648044551
5969.22 3.48366943327634 5.1074647626715 9.42016692278503
6143.61 7.01670585861826 6.18831102355483 9.35177490428578
6219.73 10.3228785934803 5.82357356576785 10.951911737
6243.49 30.995577409197 16.0149833045351 10.3974126482763
6314.3 50.6239100270713 23.9914695076288 10.4163395367632
6351.91 9.17100205163188 4.17272414620766 11.2192577417718
6446.07 7.45262534530646 4.57731559384066 10.8310477539153
6507.22 21.0861496230061 17.5360104243206 10.5350906379617
6745.39 26.0302513079997 8.6462265515302 12.7903033585917
6786.89 100 32.3679877144693 11.3279167477403
6924.31 6.76172990375785 3.03535144863599 10.6057205946909
7072.88 7.66441415767125 6.53613619872332 10.4812150719172
7149.73 9.62170706167703 8.82392832404174 10.7405650544142
7178.18 6.43944055977852 5.99418807325767 11.872003251382
7226.49 4.38851654293219 4.6078562361645 12.114074390669
7475.83 12.5255113514002 14.2284708402246 10.0559164952456
7585.26 5.09752536421885 5.12564368519978 11.1201925000923
7625.05 8.52593869851738 8.58447474177709 13.0477854083356
7725.82 6.31149766182242 9.28365639510525 11.9888114677788
8006.69 13.0936944831509 13.9297233903206 12.2519605095758
8065.68 14.5966319953217 14.7967773651767 13.0344971624336
8136.08 3.48309462170732 3.48141482776157 13.0401592820326
8497.75 0.944855615657198 5.1901108368229 11.373106808167
8545.72 0.590094252927989 3.55802617435638 9.24929117554166
8813.19 27.9936661276444 54.7631070906345 14.8290588435193
9061.72 6.14253143787235 6.96808882877574 12.7283275808441
9103.82 13.8579647202643 16.2971329546975 12.9183120040852
9376.22 7.38991873376106 5.58562354424208 13.8690497682255
9552.39 80.6224927010638 33.553739067496 17.1071694898128
10031.73 11.1147614728047 15.9444554260552 15.8072620573221
10412.83 5.34445363468387 13.7219798718638 16.6035221100392
10514.06 0.963983249734196 3.04266891428741 15.9930219596463
11059.57 0.767355658621708 5.20618083263557 12.4154713654407
11372.52 0.842426943887771 3.90637566896081 13.0677956094423
11461.86 3.27257147356689 14.4142722513763 17.5140185925684
11977.76 0.484740073424049 4.85162724933731 9.69512983240929
