4029.35 2.92402150552469 3.11693648300523 6.29670910680625
4152.71 56.4585859098683 28.6447335639953 8.54883841652736
4213.88 28.7155657026714 13.2636681146512 8.46401476949904
4296.55 22.4537898501795 7.87523980653101 7.74204373488919
4423.64 12.4477745151899 3.45140445570572 6.41776563900839
4445.3 16.699299901871 5.27811933320371 7.35228325276057
4584.14 11.0727552374179 4.82821069675131 7.24898556811786
4673.17 66.3970566412767 23.3920221483438 8.11574100684447
4723.3 9.80838816340274 3.59738253367477 8.62021787441154
4917.44 19.1400391092601 11.3011782403766 7.4303286854165
4983.36 12.133692992181 7.51982335182687 9.77557989686102
5113.36 7.66342818102327 5.36533812832388 6.6268473097507
5174.72 14.1204066382053 7.71587449175842 9.49119635346415
5254.74 16.7767532368535 7.59293929550662 9.88678301218988
5382.09 20.6251092009296 12.0481742763965 9.75964278326137
5605.45 3.28367824535339 3.33661922291239 7.73292676146139
5650.24 7.45747963609062 8.23005933681117 8.61220110856812
5758.43 7.42317060791221 7.465570232114 10.4797409045314
5817.19 21.6912559553088 18.2186999810943 10.686684506325
6146.22 17.5660004507202 6.76240550944216 10.9673965749798
6221.04 26.1710594282626 7.13371506574747 13.5238953547305
6246.85 43.7618529039992 10.9801871908677 12.2716888295818
6317.39 52.4634966195744 12.9992626088082 12.0765617169145
6355.59 18.1822679619759 4.4856990203996 12.7998044956958
6511.24 23.1721938544579 10.1955488132878 11.7889794259454
6747.66 40.2601775437135 6.04244271932303 15.5847278310839
6790.37 100 15.2841406499247 13.8198336900805
7077.36 13.7471583696951 3.33866429447371 15.118970096295
7152.84 20.8603684954739 5.19780459846544 15.4464525327448
7181.14 17.6729059798299 4.43763906948253 18.2523147889069
7228.21 10.8487065073223 3.20050288249596 15.446473989573
7478.84 9.04142228607676 6.01326879819321 18.8861007946098
7589.73 5.43124622218407 3.23814261706648 14.8240925078944
7627.77 11.3294067269285 6.63885781382135 15.3255209009258
7729.52 9.18211258953557 6.41240477877685 16.089022550801
8008.98 18.8202416975992 8.46634833450892 17.898264967861
8069.13 16.8286731585756 6.69413258961092 16.6701181760982
8139.54 8.89353774187256 3.48286596866169 19.5032844369944
8498.93 3.80003131174299 6.80732677232853 17.1382020629226
8818.15 27.5449311546828 16.8420826709698 20.1299154294811
9067.26 15.3975907824609 5.40479685440975 22.3050528660315
9107.29 16.494662084969 5.94389255582792 21.96418855109
9380.43 14.6913377535849 4.65500235773467 21.7659822702808
9555.76 75.6097488773938 17.5316728507593 23.4661123821788
10034.99 15.1376205408718 8.20975604791357 23.9581684963978
10415.97 7.42112195695252 5.72103203735558 25.6780472784176
11465.71 4.52251056613212 8.92694999742346 27.6362380323571
