4150.41 76.6749650974276 55.9425564118338 7.94769560352597
4211.09 16.8729222893742 11.719558035037 8.21841380260321
4293.36 24.5895978225175 15.1268483826202 6.93425501253205
4442.93 9.67151515456246 6.11028802397459 6.88380596266143
4493.91 5.98940694701649 5.27972555873027 9.26539088252412
4582.12 5.28832203746166 3.23277858943781 6.28492156576613
4670.62 76.0225550626935 32.1571793114233 7.6303241198957
4892.91 4.80805986921723 3.26306126750061 8.79449951040351
4915.35 15.0213544586472 10.0796631247439 7.85013185790012
4979.68 6.67450518008461 5.0437264251708 9.59738360204756
5111.49 2.81051830249107 3.33232987286836 7.27629923761288
5175.66 3.77364012967566 4.12804122716329 9.76652347122854
5252.04 4.15042825056595 3.70076555655946 9.21811508032806
5290.63 7.23990717657678 6.14221459176365 8.62715720224878
5379.64 23.9787311118814 20.7907631303973 9.49050386513954
5647.45 4.41753593420866 6.61408302703324 8.75222392826799
5752.53 9.33409020759554 9.26054056411693 9.54948170841726
5813.09 25.3348029370717 21.4414572639286 10.3111055048403
5969.22 3.21405038131273 3.43266683832761 10.8612494248182
6142.45 7.19739420620287 4.7382064716026 10.9308991754442
6219.73 11.3251675077082 4.92092851892404 13.7594479269455
6243.2 36.4481667372115 14.7443006880472 11.7125870721948
6313.42 50.5895601597706 20.1251649381878 11.1023250070812
6351.61 8.73253611055963 3.43847421133281 13.3637130069128
6446.37 6.63298321377484 3.92888138961129 11.0789390494729
6507.07 21.2857617374913 17.0733008874324 11.6245330340789
6745.54 22.5469098376801 5.94225853700399 13.9240718277251
6786.58 100 25.9225083930024 12.4348058859787
7073.35 6.60905298221166 3.593220729492 13.7505337484727
7148.64 8.9078789306011 5.14096779717434 12.3747980781854
7176.16 6.51473933362669 3.77058166019222 14.6214651941882
7479.48 2.22640322460451 3.32072191297824 14.1796149854408
7584.47 4.46742835449858 5.63772330539537 12.9663606910399
7623.61 7.77230310403482 9.23028257131976 13.8446994842507
7725.49 5.7607959146946 8.40210258805866 13.7916935333124
8005.55 13.1891571818044 11.6197420614459 16.1152390538982
8064.7 15.9886111339448 12.8935798373192 15.3877769248766
8137.39 4.9415488568761 3.86245560896933 20.3574502118454
8498.09 1.24283601655083 5.19801267915086 13.7801416163056
8536.12 0.691977420818323 3.00543239711542 3.20094665145916
8811.48 29.1999207451161 41.6900952236326 16.9264809290726
9061.72 5.99250855028374 5.7012362888332 16.4644610893411
9101.91 10.3574998768941 10.5590928945687 17.3874015261645
9376.04 7.13686738049957 4.15297576857705 16.9784727867245
9551.5 88.7469709469385 26.0785555998752 20.4612745311733
10032.27 12.1612511373047 14.0631478831382 20.2249073428993
10411.17 3.24281223132983 7.53395626174271 23.6257628207695
11058.24 0.906863844635783 4.00656061556364 18.1981382220874
11460.9 2.99108303458725 11.3985083974761 25.2852527407395
11847.93 0.378386043599015 3.50634684924176 2.61861136472908
11962.85 0.306226130074483 3.0124611864731 1.45995867131205
11975.02 0.320543917632714 3.17471232695215 2.98544507209226
