4154.52 82.7622685538067 25.8709631737869 9.09720882691454
4214.12 51.4055021513324 14.7647340236309 8.06707951022872
4298.39 29.590555152158 7.31817778536183 8.03352223640104
4424.14 13.7923357225725 3.26516312211877 6.54809909583946
4445.42 21.0241348074712 5.5715702153021 8.05799066608506
4585.53 11.8022769172662 3.72895342728099 7.43165286525073
4676.23 64.0256816027775 16.3806325597683 10.3469355002317
4722.54 16.1551058790046 4.26316747208847 8.70745595586413
4921.1 19.9438194932185 8.09837756116954 9.24580997259454
4983.36 17.3774849042598 7.17122951027086 8.79133497504154
5116.28 11.6310170060071 4.4238357537438 9.14179138378768
5174.99 53.4999892089877 16.8390170808442 8.83053309469778
5255.68 24.413090553891 6.95915636080725 8.85781375358147
5384.82 25.3399844973314 10.7429169239078 10.8032795784902
5652.61 7.36409401670553 4.97117995002362 9.22432759507319
5759.27 8.40272938925524 5.06000583045025 12.022554688474
5820.15 23.3611977759718 13.3470152831417 12.3261787589399
6148.1 23.7107541698538 6.83369807460093 10.2824109521507
6222.93 36.7703424135182 7.2435209572398 11.4665932455709
6250.35 53.326274971185 9.54445609937012 12.8838254720476
6320.03 55.6045751336561 10.4361548039194 12.0349028066903
6357.21 21.7005408308727 4.21029703737059 12.2415965655664
6514.06 20.8724996819878 8.52878493278305 12.0251919842976
6750.38 50.3377911220103 7.7931750312196 16.4616629933453
6792.65 100 15.8338393929405 13.3666956022807
7079.37 21.4424074711986 3.60101237384047 15.1261889694251
7153.77 25.0156688072675 4.3673578817942 12.5992617657721
7181.6 19.2760550250391 3.39198296981815 17.0710002563728
7479.79 24.9031213862669 11.4036203766426 13.1478011057343
7590.21 7.765181089377 3.07696096298384 15.7572042016527
7630.97 16.422464959518 6.53167950470384 14.7177287734285
7732.09 13.4622707538418 6.62966505592874 14.2965396951149
8013.89 18.6589306805062 8.09007828465638 18.372286712709
8072.09 15.2273000281117 5.96238789528065 15.2676446740061
8143.66 9.74080354099098 3.87636314347379 17.7560240135044
8498.59 4.05362267263922 5.98991987307825 15.1584472463674
8821.74 30.8875327823303 17.9705042882664 17.8049060429366
9066.39 16.7728090629622 5.49770833191818 17.5498155863406
9109.89 20.6143305499178 6.87762323208064 17.6510052705435
9382.9 19.130079163774 6.2338541744508 16.326369717437
9560.37 67.4999013389015 19.1358875955558 20.0734380988233
10038.25 15.0287926081345 9.99053420167397 19.2146448459353
10418.18 9.95346227870017 7.08047267441123 19.5379505209421
11265.73 1.98223060586815 3.03447835456595 8.23224830542131
11469.18 4.96384133646329 8.29111445785795 17.9002715129245
11798.16 1.02731360092821 3.96560732664018 1.38210037449608
11858.09 0.640947133775858 3.07849010457513 0.541054572418943
11941.47 0.588268076244544 3.76783401490251 0.810835775915621
11958.53 0.676533699281769 4.65495703470454 1.97715666263502
11968.34 0.991857272443195 7.13813620934133 3.88189900687939
11976 0.539363587247986 4.00167783301235 3.03908208443318
11985.42 0.669686247617179 5.20086477125716 2.65875776423309
11991.9 0.483086008587827 3.86362459318177 0.265633818553397
