4152.46 51.6093870302775 34.4254486274864 7.89639299047394
4296.06 19.287911124188 11.7865104031206 6.99572467235521
4445.3 7.4554161126816 5.58051464198328 6.07172390490359
4495.78 5.82038204533273 5.45745763876498 7.56441422326589
4673.3 45.7887398220573 23.3033632290817 7.26624066296336
4722.28 7.45481121805397 3.69199340533334 8.62592772770495
4894.35 4.11081291959148 3.42805394693763 8.72263935822048
4917.7 10.1079662630476 8.87068566680707 6.58708303395724
4984.28 3.21555124284951 3.06104438633721 4.23634707164638
5112.02 4.08385506310076 4.48555596265361 7.52268664946223
5173.52 13.5713152139795 12.5481489088899 7.79044782123583
5291.98 6.044981495186 4.31607958857289 8.16295155016996
5381.96 22.446138964051 16.3810961635324 8.74276055651535
5756.88 4.58684945678689 5.14782188528457 9.31881475732462
5817.33 15.2146502812451 15.4939338589946 9.75751576288349
6143.75 2.92694149197441 3.25928935153855 5.76933866563741
6219.29 5.68060049371883 4.07455615616359 13.033996993955
6246.41 27.6826765199398 17.9031667599625 10.1285887969589
6316.65 26.7635617802729 16.3556439328684 9.53889050469479
6448.44 5.33158597998959 4.54604597958104 8.55532359432527
6510.05 15.7470633459036 15.8521705309154 9.37945630446757
6747.06 22.6268774993799 6.49735714972637 11.6449632918884
6789.77 100 28.2856291430818 10.3976410905079
7075.97 20.934944418298 4.50404128075005 23.1039474869267
7478.52 8.2381996816622 8.39777903274501 11.4874184423606
7587.98 8.57931475626217 7.54183026162423 11.686413219626
7628.09 20.036655012385 16.8042750924757 11.8381751963134
8008.82 8.35719396002063 7.73008629696006 10.9033561302904
8067.33 11.0633230549783 8.80135018571536 11.8732129027121
8137.39 9.39358615275723 7.15555874039794 12.2034496567512
8415.4 2.35153541183876 4.19985590113185 9.8910132705023
8498.76 1.69224198493896 3.95672805175071 2.70353304172932
8815.75 19.6222854312024 32.4825179491189 13.216198011969
9064.14 3.66578104458542 4.81507640129299 14.3185584723706
9108.16 6.54674345197792 8.79904304715862 12.0633226179507
9379.91 3.44272257240053 3.56054084172136 11.6098513319466
9425.49 4.12231969859489 3.75443611161454 12.0221370084728
9555.05 42.3361356978156 28.8738654671289 15.0232546179923
10033.72 6.76891530820829 11.1241734401694 15.0392203105057
10412.46 4.10431204021005 6.82951958305419 19.0739322795616
11012.07 1.62506789920442 4.22014536199456 36.037979084289
11465.52 1.09608692789004 4.85872937416936 14.5984505381912
11754.33 0.677345499346081 4.69217865779955 5.1690203269136
11763.29 0.571089052147327 4.05428828394901 3.00025070441734
11872.17 0.336534300711816 3.11492113445028 1.37909849625794
11944.81 0.434957544611809 4.65841812920898 1.44354207771903
11960.1 0.765161968807167 8.47533069534749 5.48182796963192
11970.11 0.328422844265105 3.72065487976012 1.07147048713341
11979.53 0.359010681951052 4.15671566029385 1.84796562785959
