4031.25 4.16848006929738 3.0337329928716 5.10534065949878
4035.3 4.33913869246865 3.13630178573317 1.28632942466447
4153.67 74.0667265116243 25.8248547726106 8.08328362686461
4215.1 48.054053879847 14.5882776547383 7.71984115505529
4297.78 22.4758516565179 6.07506333402363 7.73453045709994
4423.39 11.7611122384528 3.48724338603296 6.98275285039108
4445.8 14.1012343240379 4.76592235394897 6.67309627404757
4585.15 13.2841243130366 5.27072732831135 5.90192722079883
4674.32 54.250083336068 16.2413213847009 8.63300776439883
4724.07 13.2471834548445 4.08823630347969 7.08486628807714
4895.52 6.38381013481616 3.17641992435643 5.6690208873697
4918.23 13.1045063615339 6.35549928735189 7.39514085607152
4983.89 17.2583519259677 8.88079249234852 8.564660781366
5020.62 5.87359810583285 3.25723398057015 7.22926805628504
5112.96 6.5663893095189 3.78676189875532 5.47015117342835
5175.79 21.9015290432906 10.4417573210334 10.0324970434922
5255.55 20.2919414336287 8.04756681493404 8.84832375837505
5294.82 8.44466824620354 3.3046910689246 9.23966606538943
5383.59 24.9423183617353 11.3658386375505 9.26637171259881
5652.33 4.64247577647278 3.57251957040667 7.89360570224108
5758.29 9.11168011489782 6.85084294423485 9.09758888935085
5818.32 24.3443852025699 17.037374738222 9.56801391363751
6146.65 23.3764144045178 8.3168562029792 10.0287135265871
6221.91 34.8586687576305 9.13230946923571 10.8900538616972
6247.72 45.635494396149 11.1743350476579 10.7846200300528
6318.56 50.9977906338678 13.2906965263252 10.4813091214801
6355.44 22.6363365733679 6.2414817646272 10.8835958579193
6512.13 19.3147135203353 10.5296833474488 10.5951577535761
6748.72 34.5773672593267 7.93071125822202 13.4139899091533
6791.59 100 22.9956460833611 12.1961183489002
7078.29 18.6584040954704 3.25027196936306 14.1804513250763
7152.68 21.6546263233713 3.96515566815847 12.5604116005507
7180.05 18.2700138643085 3.39699177298831 14.7506545986007
7479.95 10.9559947454941 7.81367012374729 12.7973428434443
7588.62 7.3336728017117 4.39565470229876 11.8138513144186
7629.53 14.6986970941376 8.46242431806452 12.9419828493128
7729.52 14.0520605788296 9.23601225418986 13.2950037651153
8010.29 12.7324888576037 8.00864449345097 14.5828479948004
8070.12 12.7479849201666 7.13363563374142 13.7132303898079
8138.88 9.70783946620569 5.40117169808975 12.830069264649
8499.43 4.53534716583871 8.42629333846513 12.5846419716454
8819 26.2710842979597 15.2834866514962 16.5329670592382
9066.05 15.6579625006387 5.86759452361329 16.6987281626698
9108.16 13.3861302587414 5.27817928503844 17.5236868110678
9381.67 18.0176043110774 7.39187716121543 16.2635858224749
9557.71 58.6875859163071 22.4094759633345 18.0505247043566
10038.07 10.7527053993239 9.45638781909139 18.4749673430651
10415.6 5.91800920273667 6.08769471409459 21.22912290971
11112.85 1.72209153027494 3.2565539829914 8.15211981958601
11162.24 1.67696541522679 3.14476967004509 25.7687421825085
11466.29 3.16945065999152 7.08272494671118 19.0460250189717
11816.5 0.678230427476514 3.57121110634937 1.58916382619645
11848.91 0.530466417146905 3.01960285529698 0.716591371721734
11927.17 0.465044048830688 3.22094019764846 1.42464364628358
11949.71 0.460062662922291 3.39886567355033 2.14860253142797
11962.46 0.831192312986689 6.39344843020602 3.36913134166389
11969.52 0.420007438718567 3.29464396276876 4.25612925480709
11976.59 0.474180744222085 3.80577907041074 1.21721853674899
11988.17 0.536329481839954 4.47197760979978 1.91394672599927
