4154.27 21.8090009068118 4.35659511399251 8.78755982089751
4216.56 100 19.6841432087888 9.81572395943749
4373.54 19.6731557788012 4.17781005396769 8.0219209043189
4684.91 14.9769834057416 3.70031251860041 11.782638705994
4985.59 15.5752577852148 4.19767101750474 9.08851452690669
5062.26 58.6211552260649 14.4965307515657 13.2626617780479
5258.38 18.044984387879 4.09706955484137 11.1547844778461
5290.5 23.3487228900708 5.18283488315793 12.0471043967545
5387 20.2681926186257 4.70676290993457 10.1442931369329
5622.68 13.8902141434794 5.46195739012016 12.0364253999187
5935.81 13.4908785465037 6.63935547797476 16.2066125904294
6149.55 48.3957497509349 5.17358739513019 28.4039121231299
6281.05 37.4965897620474 3.84776141580559 16.0737284380339
6795.23 40.5493094814856 7.29606853732832 16.3203958735539
7261.5 23.2200803425776 3.6373596136088 33.2473713934869
7606.18 41.3153877936905 8.53051269673319 31.2800795355251
7822.49 11.516297972367 3.04833008503267 24.6694847100107
8506.5 4.48980647880541 3.0650533442089 6.88946581298842
8823.1 9.99236309485344 4.73210043807297 19.7261762093895
9072.8 14.5102867747163 5.56104783996269 22.7576756049875
9397.32 15.398686080972 4.25025504579984 37.1079464327904
9566.4 9.88024341086555 3.02286850500005 25.7971155025643
10229.06 4.30919926654557 3.27879594578015 3.81981758084294
11144.94 2.86506020854877 3.28495992094517 2.94259403109936
11845.39 1.344985632555 3.15607519758142 1.67522920210286
