4155.72 27.0249429738666 8.35638823145955 10.7803977220192
4216.92 100 23.5026910493542 10.2432378173062
4289.07 16.7519318817725 3.1335937994768 16.4200839654377
4374.53 15.2767583494761 3.29463711618998 9.69594132010752
4682.62 13.8047590790953 4.71424117100271 11.7006071188207
4900.6 8.12755222812113 4.26707954217773 10.7856416844388
4986.12 11.658567758392 4.50951387137458 10.173704740002
5063.32 45.1023586858086 13.8504418093703 13.1985620986861
5258.51 20.6567159685684 5.43809199306891 12.3310273575862
5289.42 29.7716976078935 7.62811086691685 15.9837132213552
5387.54 23.2123618322742 7.10867229354862 13.8873114641046
5623.1 8.73607228815642 6.40273961238225 13.7196857240469
5821.85 5.3693514370239 4.69396273278677 10.9411223939478
5938.66 11.8296931102106 11.1082163711719 14.0599494271437
6151.14 39.8117749631705 3.84888470886004 30.8267567696057
6282.8 32.0785892739506 3.15955370945633 16.7003306091519
6579.69 8.66401441860596 4.11397922960983 13.7556440323251
6795.99 39.8390753836765 7.26186762859991 18.3402502017861
7157.65 18.4360600403151 3.28535701772805 21.8120473728995
7607.3 29.6079985542225 7.87045965049957 30.9647916984504
7828.48 9.19034395113563 3.1434200976176 25.5911448922625
8429.47 2.30697009714391 3.08933819222166 6.78606512872102
8501.96 2.31995522667063 3.96835732307745 9.49502890020995
8514.4 2.21136570815643 3.93539125883669 10.4059464931979
8538.64 2.1326228964542 4.13536557412074 3.98871363378748
8549.26 1.60527177940193 3.18741806931719 2.90761505925911
8561.4 1.49608022766903 3.10864536334512 2.02528045604959
8825.84 10.3470017115518 5.92175028444331 25.7315427489593
9072.45 11.278259599659 3.64904965237013 29.9944201074431
10045.32 2.90215572319119 3.18485784052544 23.6372318978974
10223.4 3.74915724520677 3.21017182030173 35.0968078283495
11162.63 1.82568531368875 3.31208872195256 34.176005138288
11697.17 1.37135109675258 3.49306196389225 20.3249068695168
11717.96 1.28887208430468 3.43663207266815 6.31962969570486
