4072.07 8.98560146452984 3.41503582204132 6.37332068147953
4154.15 18.1142449218853 7.98014503128997 7.20818463507476
4215.46 100 41.5038244814081 6.86270275199422
4286.37 9.46043718784321 3.01625856246151 6.43960717323171
4299.37 14.0664989353866 4.34434596019617 6.13493343035043
4373.54 17.7061254637507 4.87765563680237 7.61294662299133
4425.38 23.6637442187083 7.55855016862546 5.68125593975401
4592.24 15.8507027892864 6.11830320434951 9.58756053794059
4638.15 10.1283666452581 3.36933152960743 8.68239153224567
4679.42 10.1383038469126 3.6466060953549 9.2992918879454
4900.21 6.27898602936967 3.75887803836412 6.98173863802549
4984.54 21.3130691791387 9.53551623567608 6.66628147597294
5060.67 39.858618032886 16.9499044455038 8.75672655075232
5080.94 10.288463628473 4.28568133512482 6.92712225432842
5257.16 30.5338955253359 12.2549727130338 7.52969200756615
5287.39 28.0031357620489 11.4610228590152 8.31781990610762
5385.77 15.8318719872633 8.01856697243942 7.35998570289576
5608.23 5.68166878043976 3.90503276180911 6.33374134423593
5617.68 5.32982733485534 3.75621060181351 6.93515820432185
5771.79 5.92196553182558 5.23558110065619 6.17768884625912
5821.85 4.21461895496839 3.89280585791539 3.3399238222828
5937.24 8.55914935337869 8.23634049475786 8.03447915439574
6148.39 51.5620779270244 8.98325270548472 8.48364662241238
6163.32 32.1081593356621 5.10114413498036 9.67021068177019
6224.39 27.8062609952099 4.34589569560067 8.85206873652987
6279.44 39.4942685119582 6.86384682860397 9.21827017852502
6356.32 12.420051632659 3.37326267256833 7.71840218366378
6545.65 3.41170084859454 3.07795576215601 3.79823961931925
6576.26 6.4568911575111 5.7336109376389 6.83626241075217
6730.13 6.41073106858843 3.40174136920119 9.44619370122109
6761.43 13.4126635270255 6.76968389004418 10.5485688221625
6793.71 28.0888074818286 14.9215386623744 9.28954998101653
7066.7 9.64983106139141 3.06291058954113 9.77825576929808
7155.01 40.1548007452747 9.27126529358095 9.63852999890787
7183.01 37.3970947987176 8.02700940622706 9.73779797268162
7230.86 14.6442883868655 3.24343540320957 9.07642574256897
7256.02 15.2201764290174 3.53254381729954 9.68544240598385
7275.58 26.3454463709811 6.48127169587132 9.66882544028886
7592.77 20.1011608636107 9.00439421957466 23.296170887771
7631.45 13.6473054463399 5.79859519873793 11.3696199501419
7732.74 7.70368448826935 3.70798247294259 10.4071187669724
7822.98 10.0324258440703 6.07454141081811 11.3081744415076
7978.42 5.0196314389517 3.5299892784639 9.40466064952034
8026.34 5.61138842885287 3.99441689562775 11.8459822373925
8195.99 3.61102977198076 3.03679676341179 4.33688188816996
8295.14 6.33013086863999 6.80294029912859 8.89300478632867
8432.98 3.56270288438269 5.45864599489081 7.72269032375152
8501.45 5.88324850287514 10.4319160082346 11.7395723666141
8529.38 2.38020600194165 4.28102604445289 6.28641660521498
8777.85 5.03843493868771 3.11626030022669 9.97701808049715
8823.62 16.5660955715089 8.1061275700927 13.9171655593782
9069.68 32.1247738291612 10.3169538961391 12.1398014598799
9391.87 19.4458556253932 6.09637612642401 31.7925048588913
10038.07 3.2578127996738 4.33725248931853 13.2420890833055
10164.61 7.33272002962508 7.77958986794985 12.5055304958169
10222.67 5.58206329246206 5.88677345452069 21.8037903023251
10583.96 2.35845031889273 3.71727123496655 9.84497648552133
11118.16 1.66303809282525 3.00719176653348 4.30824223619129
11152.36 2.77637612015229 5.03580332021968 25.3687988549809
11380.58 1.7749913718147 3.37322146888578 9.22143076339671
11668.05 1.13454604885436 3.14161631035899 1.48229067483408
11694.64 2.50036891026618 7.48432645735522 17.9697932759245
11714.46 1.00094925659789 3.07723481365303 1.40526220868196
11819.62 0.746122849570364 3.06475583580448 0.903642663995925
11965.79 0.812993146320469 4.7887653301806 2.35520814928532
11974.43 0.622992776218695 3.75766544565328 1.07778226728442
11994.26 0.513691328307954 3.29075414405837 0.251275352071389
