4155.72 24.4199595654859 8.89406926037038 9.26048799812452
4216.8 100 26.9663871662701 9.25614914239395
4372.79 19.4812457352683 4.19435170437502 8.65498600787487
4425.88 13.1029447211757 3.40644183029037 8.4739107044079
4593.5 13.1320728271919 4.89179046955209 12.2918153696974
4683.25 14.6736974157352 4.80909347471811 12.8276488962247
4900.47 7.48430353316398 4.48923047711777 8.78993712738702
4985.46 13.1855818093826 5.6920777908584 9.451996489257
5062.26 54.131960477336 19.8013008500297 11.8302983537978
5257.84 21.4203299849195 6.74515154978797 11.0161389363966
5288.2 31.8035849223417 9.91695821074159 13.5364408972837
5386.86 21.2098188601576 8.28737488832265 12.1716085642192
5620.73 6.62940742001102 5.06683285577584 11.9285463302913
5822.69 4.16625959565868 4.00833184349569 13.0487594483084
5938.09 9.12250289314773 10.6440972774575 11.9533885972432
6150.42 42.9457282487616 4.94924406507345 27.9921513696436
6282.36 33.9967267200301 3.84217347774496 14.3739716557229
6579.39 6.96600943626529 4.10968191398142 12.3842061752812
6795.38 36.3754285371685 8.66869563553293 15.402395835843
7157.97 20.283931034233 3.58500887125374 18.1563651277256
7185.96 21.118256870585 3.44140456084707 19.9101990177787
7260.24 20.034076841459 3.3689803499244 35.4328696145776
7606.18 33.7424509140827 9.82468186443788 30.6393535732686
7825.89 10.9023320543455 3.92822731196204 20.5410658047767
8027.81 5.90250679870139 3.03139472979689 26.9462794822057
8432.15 2.27951868646672 4.01352844729853 15.1365825850517
8508.68 2.63656853490055 6.44179419470321 15.6309501065607
8552.8 1.21388930149554 3.55756721441777 4.90751032505614
8827.21 11.1079727113544 6.45913538754345 22.8773170092954
9074.36 17.4549923278225 5.59142133939229 26.6643105492494
9399.26 17.0898034021305 4.53935297632457 37.8779988167171
10045.51 3.24180205638676 4.02023631704572 22.4828227656053
10230.89 3.30785282256443 3.01960473265762 34.298627940705
10590.65 1.96736494859482 3.24168496527198 21.3068878216473
11145.32 1.77778308969186 3.85494212184149 44.9639494033163
11702.6 1.24697429124639 4.27620862764688 8.08774952341264
11729.82 0.829813207846202 3.06199114131913 2.26618235829119
11880.97 0.506145292728332 3.10687966665626 5.91077276099713
11976 0.366166619844547 3.07400026628669 1.17523656252342
