4155.36 23.301685690531 4.23071149660443 7.25545374763533
4216.92 100 16.1638478254554 12.1136669066036
4372.92 18.0499863478666 3.33675322766126 11.7649170611367
4680.32 13.3891711180535 3.20596489565489 8.86872579209739
4990.59 14.0586087333883 3.3373752873601 10.9516506489772
5063.98 50.1377226930794 10.1638781501599 14.6566628595683
5258.78 23.7268295488951 3.98494537391215 13.237938229573
5289.28 32.4609494748002 5.06561618419777 16.1029686899819
5387.27 18.784382395539 3.19297686326748 13.7661979336235
5622.12 12.9572879243578 4.49479013076448 16.8522471305769
5936.38 12.8008541664437 5.44422224199594 10.7877135597919
6164.77 44.2619573187811 3.27588578974408 42.5290567712063
6795.68 32.0901058627122 4.5563558692988 23.039553358396
7607.78 38.1609549566709 6.52430356614656 50.8611385109398
8439.85 5.18429470014246 3.02148590877571 2.39720743724865
8824.81 11.0520730983693 3.93713673736229 25.9029496696512
9077.13 17.9929578414714 4.18819398922063 36.8407289378811
9404.89 17.7188166891809 3.22627301014355 50.5834968270319
10221.93 5.62485103583786 3.63443690403925 8.23250256794381
10228.7 5.42353897449299 3.48707216415553 17.9878077595822
10578.76 3.61627307131697 3.1257762786737 2.24276351697517
10594.55 3.51365429666044 3.07314251984052 7.73677298933762
11154.83 3.14354432705733 3.15830906789597 10.5764356643522
11721.65 1.94945544652557 3.07807193565022 1.29056125026
11737.6 1.88787939241589 3.07963531900959 2.94872126223709
