4072.07 11.0706275361268 3.12148920100234 6.62142255297795
4155.36 23.6163312674606 6.26652426432509 7.3229814352826
4215.95 100 22.8943807366337 7.71535679275621
4289.56 15.4214863512198 3.05232231988961 8.79818370379689
4373.66 19.5625498365336 4.13628566164259 7.37618393178127
4426.25 17.3131719753526 4.24922349377948 4.54877261324509
4591.6 13.68155867881 3.87126032238057 7.15303627269896
4638.78 15.0330472477456 3.83958263215059 7.82881225830351
4678.79 15.0205199873802 3.90179790769649 9.66233281051336
4985.59 17.5723222740106 6.17155879991889 6.77890547359129
5060.93 53.910226839612 18.0603547399103 8.75170284683645
5082.53 14.9901441662312 4.85473551403589 9.36219869286015
5258.38 25.8859583859632 7.75345484068017 7.8574120410949
5287.79 31.2554689313538 9.39712070477033 10.3857080494672
5385.09 20.0613227530716 7.22399976008114 8.98670724342992
5621.15 8.32886654084521 4.05276554019448 8.71396599453328
5935.81 13.1867565888369 7.25906939193974 9.53777449851441
6150.13 49.7301750692007 5.93624696159012 10.2574022973113
6164.48 38.2051345491915 4.14908688488843 12.3072566983747
6280.75 40.9479176123637 4.8186844616771 9.90266998407787
6578.65 8.79362507374629 4.40280642711018 8.54468576218369
6760.98 11.853125845854 3.43632964415731 11.7847737011198
6793.71 38.0882901312414 12.0460348383953 11.2076068001861
7155.48 27.8031248695631 5.41618525171324 11.1360186075299
7184.1 23.7003839973948 4.23453735278771 12.5371003089713
7256.49 19.0109849085687 3.58646431854571 11.0034029853214
7276.52 16.8288905500046 3.21208511699338 10.5359528688541
7604.91 26.2464879565755 8.03984419942219 26.2305377007488
7631.45 14.2637573480402 4.15719877333941 19.26376924338
7824.11 11.5417449308976 4.66187147891975 14.3246682955469
8029.78 5.82509867030931 3.14095464375313 11.1786905599629
8295.14 4.74571496802966 3.35522141628946 6.00709486311825
8429.97 3.79717153097723 3.40915805266042 2.20039935386012
8503.97 3.84480302578396 3.90974559267517 7.17400356465259
8528.71 3.49103144447223 3.65679061419295 2.17205188288244
8533.76 3.18456539840147 3.34897446416677 4.12012958053856
8825.16 11.5951734726697 6.26540332452628 14.8620155910048
9069.68 17.8264706907511 6.45429000384686 15.3827624074747
9397.5 14.9936223179446 5.10213344545322 27.5591400513658
9561.43 8.4993369201017 3.23373625036985 15.0455453592949
10036.62 3.21390477796425 3.07804743563675 14.7628059342769
10163.88 3.92884646044395 3.17772443572688 8.3126016760707
10225.96 4.83083266140983 4.04057540591946 11.3071335153891
10844.6 2.15612860843714 3.0936953683366 0.969377675421129
11120.44 2.23783593274596 3.10826829999673 2.95695992997753
11131.45 2.29949352852181 3.19703194537324 4.20030627710184
11137.91 2.52271975463613 3.53840951598935 13.1419174648745
11149.13 2.38727780624175 3.33363235462444 3.80479822791494
11164.53 2.2058286151821 3.05852000186778 2.54015272817014
11684.93 1.69436593251848 3.33247803286865 1.15071377875029
11696 1.97878432647284 4.03041631042263 6.01641063174611
11703.19 2.06887330852512 4.29650872053525 2.84910789454443
11712.32 1.54543176450148 3.23394518697764 2.51742958100476
11793.1 1.27033624128853 3.30128609712055 1.25431582915371
11801.87 1.15005078352592 3.05977943998124 1.3680442483892
11822.16 1.10275137811251 3.12355868788186 0.643963218217323
11855.55 1.03536310393137 3.15747229661638 0.809825281341546
11963.63 0.805811408373283 3.26481413560732 1.01484840073317
