4123.18 100 51.7401520615111 7.82352445070319
4197.02 15.1877692437658 7.30796173321701 7.54949860540819
4279.05 6.99114370892572 4.13266919860677 6.55893908095368
4301.24 10.2413601515447 6.24411577775807 7.09350557414564
4389.18 14.6342654819556 8.45622360966093 8.83014285928493
4474.32 6.70726334361003 3.98416041235984 7.22893263280366
4583.71 18.5443827833869 8.9710479728451 8.97804044182794
4624.51 7.85715841331404 3.8693869847704 6.30581093793262
4949.77 4.39510695859174 3.64579204897153 6.97974749211244
5047.46 54.1212218344348 29.1160011525774 8.88771807848661
5076.33 7.19234378695893 3.62364001818356 10.0230968766755
5251.56 8.98513304859823 8.57494202566534 8.48773006565898
5397.85 5.75467773361007 4.97219439851279 8.55902876984965
5438.18 5.76933557786076 4.96964086129288 9.19288170060918
5640.33 2.42000372363002 3.10603019695024 11.6079127888452
5746.63 3.03665960587608 4.71011224427434 5.96796794725924
5772.5 1.92936517887571 3.15502977156128 6.21377895530804
5928.15 3.835981055125 3.46845511567013 7.86949629846185
6003.89 9.60263695245018 5.53220279592158 9.47054735260917
6055.6 75.8508367444712 38.1271295498299 9.42640709550506
6299.88 44.6739319416736 13.4827282627929 9.85301122497185
6361.13 24.8833264119908 7.25729446928695 10.1269422353171
6649.23 3.84660628103105 5.05284355961891 8.60591461730564
6686.54 3.35084363124702 4.59531295357342 11.0486752993675
6788.42 2.55872633582696 3.77955616471833 8.9850571970137
6826.24 2.03113619881571 3.07450653901657 4.50007129216101
7019.71 5.16432912443185 3.78591788220638 14.2421953919966
7080.37 14.4146072526596 8.4512200448547 11.7904724145201
7100.18 35.2491692983453 20.7768734856126 11.9702954697996
7336.87 3.0039340323802 3.06267369270513 6.10788344725552
7687.4 2.12202048620571 4.8403982117587 8.28446696655647
7740.97 3.08080254550887 7.24435592466759 13.3895205287799
7986.15 12.6465395811192 14.2060596436504 13.8340666315207
8011.5 8.00807201990224 8.96320154047775 17.8387066163914
8331.36 1.38162823338084 3.04476755475961 12.2459127727179
8680 2.59123853562947 6.85466624593448 11.6523049425541
8829.45 8.63240056415529 14.9639027693158 13.783405320115
8907.62 2.04532373314528 3.07743427478213 8.35106641652965
9003.01 13.2203048338614 18.0125135860245 15.8200597321429
9140.17 3.94115912934461 4.88818084295556 12.3259940142707
9334 4.57528772971546 3.63815545076262 14.6778216561779
9381.42 16.3075701094894 12.1973303095045 18.4717874301532
9465.47 7.45033306422462 5.6533832496192 15.3810551771348
10100.57 1.62229099006902 5.96705672804032 17.0521787386242
10228.03 2.53915208926356 8.35385604187775 22.6311965303485
10345.37 2.76845126556866 8.46869222759971 16.238826115823
10455.55 1.36132631179383 4.43215210874381 11.1092443759444
11056.35 2.99632490432067 9.22746320858611 22.1654779537203
11453.85 0.928743261723362 4.7037114979104 13.0345068967599
11647.98 0.875884970117291 5.1747058759255 11.9341722337267
11716.71 0.491239482609634 3.14962022883831 2.04366886230855
11923.78 0.374717007014255 3.17684192506704 3.26020739603155
11998.34 0.451916264839065 4.24722533373095 1.96285835661183
