4124.26 100 38.8602578269857 9.6235609370633
4197.62 42.3216884013554 14.9538327494642 8.73507535112822
4281.26 12.8391568448544 4.96233729870411 7.35119695021058
4302.84 11.2444347754786 4.30821996782999 8.69393599554041
4362.7 9.4085319149808 3.29633477140796 8.70142216436398
4391.53 15.0083326361023 5.73258709132262 8.46323764114004
4460.08 7.26568650803853 3.51334030464325 5.81179832304588
4584.09 18.8454761577945 8.22446035185481 10.7631187735515
4626.42 15.4881328544101 6.49395433826891 7.83939643751
4948.46 19.9375294822831 7.57719215152436 9.60115938567014
5048.92 74.8946606472882 17.5107496049921 10.2890811910693
5253.18 19.2640898235525 8.75584839816095 10.6730951552745
5441.74 7.07978155073637 4.24886913430984 14.3562920045861
5469.02 7.1096817790818 4.32582788145617 9.9168965001345
5640.89 3.70248720552247 3.15590382937942 10.3518039942237
5746.21 4.87782143388313 5.17967535409135 10.7891433200457
5776.58 3.31057131928046 3.89619128465774 8.3263476897946
6005.18 23.8422251455958 7.96627894159268 11.1615401819299
6057.18 80.994995722793 21.6977268216054 11.8908307909469
6117.48 16.8190963627183 3.62103194938484 12.4350152622774
6300.32 50.7079400358956 7.35579482028983 12.6479091447845
6336.72 33.8420532671113 4.96535614995824 18.351895580643
6362.46 39.0335578280733 5.86191602913279 13.4250735008036
6662.16 3.32483908379908 3.22508205648573 5.07417046679711
6689.55 4.23475078743018 4.06574164911966 11.6277946053124
6789.18 4.57829364655899 4.18002444489552 18.1081496053794
7102.35 42.9957255963187 10.5064480749296 17.5242584769021
7182 13.0132652712082 3.10768376120663 29.0580916412491
7689.33 2.66853520888069 3.18820460667251 15.3598454628245
7744.03 10.3697026980638 11.012010655667 15.3152619803568
7987.78 16.2590634281161 6.12672045347097 19.0908855486523
8330.03 3.45364400890525 3.18417627313447 17.4274201896533
8680 2.71533936726083 3.24607733390765 11.9664493302062
8830.82 12.1402484665077 7.51796152817084 21.1253964688658
9005.08 17.7258440496698 8.57115015930094 24.3258844410848
9140 9.03116843503444 4.81721834585648 19.5124349154848
9383.18 21.9573509895324 7.71373235991752 26.7837030592727
9465.3 18.9694819607802 6.7837418870249 25.3989205895814
10101.11 5.80372326060835 6.60319475660217 23.235253664212
10236.99 6.18442421005338 5.72755258684276 36.5267528426284
10345.55 4.47360227267251 3.81086068580363 24.5897486981557
10460.91 4.02380009538138 3.73043121379562 28.0271843624068
10586.87 3.88030180235998 5.01921126348124 22.2669978273661
11058.44 5.80366375562531 6.35711717648432 33.4026417603163
11116.09 4.26732350907166 4.5854333956515 34.3118785953648
11452.5 1.84831980521488 3.73448435775164 22.9551566087994
11648.36 1.23735190081388 3.37803491136504 20.8924940103225
11706.21 1.16907335965744 3.60528280015604 31.3926758870457
11997.75 1.02313330297275 6.25453702641088 3.95980568919185
