4123.78 100 39.0498748468034 7.67081905738087
4146.19 8.5405645082716 3.00614665063135 8.2120661728959
4279.91 11.6315742519903 5.11757511037598 7.58833834311918
4302.1 13.8672438791469 6.23553836852158 6.77452775472466
4391.04 17.0839579431152 7.68136004257612 7.34043562538773
4473.57 5.84003951084348 3.09001551163309 8.73605536594732
4582.58 14.8146918625644 7.66058710413543 9.02593763102414
5048.39 85.488973542221 28.6523106004947 8.79623232575614
5074.61 14.4512494493154 4.31733204085902 10.7540146879364
5252.24 7.39719686788563 3.9648185945672 8.95166994563624
5397.99 8.31022420109525 5.53537139631341 7.88039704629682
5440.09 7.19992886421842 4.74197170753729 10.4419161865526
5640.33 4.31028769919293 4.36573828579476 11.0166749097325
5739.32 2.37710344375701 3.0031463844234 1.96826974613396
5745.36 3.51012291685317 4.55983397060868 4.64102328187528
5929.15 7.35832022075697 6.94548211048104 7.06064439894271
6003.32 5.70099405151759 3.24658584089186 10.6975439907947
6056.03 60.9770999255073 27.3901782149074 9.65800272526849
6299.88 44.5664651464794 10.8288770420139 10.1578067415203
6360.84 21.7376026718885 5.26261570648824 10.8343145232375
6650.73 3.6157875460705 3.99162312723531 7.32784596787315
6687.74 4.64747333382373 5.45179877885725 5.09714070679183
6790.7 2.38873286519933 3.02218482538159 9.64427051131952
7016.17 6.33723360395861 3.56841284174628 20.483495186043
7078.67 18.2966488365296 8.04439845609183 12.0274417434475
7101.11 37.9249442311294 16.9246765356219 12.2743302108756
7685.48 3.30750630906785 5.44008007880727 6.82531427555841
7741.77 2.00332024606785 3.34039927500725 9.45815947947449
7899.26 3.47013561199375 3.75097894519112 13.0757807391983
7985.33 9.41374423427295 8.38079537902947 14.4156605042617
8010.52 7.29138833698253 6.51242273807295 14.8129028999256
8276.96 2.39547147261572 3.41263058263658 18.278786895773
8679.15 2.38123713290662 5.62835295175888 10.5430801913644
8828.6 9.2591134944568 14.4521264013256 13.7955650697932
9003.01 13.6411734076496 14.7656900019224 15.8430031868593
9334.35 4.11356328236671 3.19514379764481 16.1718130165809
9381.07 12.718411954942 9.91860779396559 19.8590717014995
9464.24 4.15153243194329 3.25663772237136 16.2462120107211
10102.39 1.15709364368893 3.29517054597185 11.2181333339286
10225.29 3.13095217831553 7.4469139419581 17.167854268595
10344.45 3.2735488437153 6.89890120315844 20.5561439245866
11056.73 3.5984543069467 10.4259297208887 24.2209978364099
11447.31 1.33423247024116 5.14018513903668 16.9212405488433
11649.92 0.903698625572718 4.56343819663795 15.3305433032383
11905.76 0.376057153831524 3.77019581482353 1.76469046267812
11920.84 0.289433275829816 3.00929430631736 3.27603275403089
11931.82 0.334136159759675 3.59748018731697 1.55490914397524
11998.93 0.951169697144605 12.7979533170284 2.94083153469546
