4124.38 100 31.9106115707798 8.96634737072509
4197.87 13.3972735359627 4.00860912877573 8.93862949852519
4281.63 24.4309241362737 8.15675175432109 8.04485637698326
4303.82 16.4176185707164 5.42197788093096 8.61206185091123
4391.53 21.7798798181575 6.8939713173614 10.308653127222
4586.24 29.0240065816687 7.75147519106023 10.7081776942678
4628.07 13.0893085823505 3.36622578291835 10.0474287426969
4815.51 3.93732227312811 3.19251624050339 4.12004635027915
5049.31 86.0065267252421 20.8930433723585 10.770048566631
5205.85 9.01684644994368 3.50651557906309 7.12764088297899
5254.53 9.11222103214271 4.64675071504734 11.2170599551246
5402.63 8.67854827468973 4.76387103580409 8.83332053454888
5441.05 8.53066172826757 4.50074137137086 10.6788745832855
5749.01 3.93416133475084 3.71106219548853 8.18285640732483
5775.31 3.01112729871943 3.00808271713218 6.35315177894881
5933.28 6.86354361828626 4.33566813579358 9.07288718949349
6005.18 9.66606232339184 3.86262539865489 12.8039776886744
6059.05 73.0117254528195 23.1749458725036 11.4522693113804
6303.55 46.8863819728178 8.54837783787918 12.7980107863514
6364.52 21.8637120905878 4.09198214334389 13.3289579903003
6651.18 3.99287568421374 3.64112226044708 11.4471615405437
7019.09 7.80944318053011 3.27244265806475 16.604650072989
7081.45 18.2270157108092 6.00850478255777 14.1707500895973
7104.2 42.775310293378 14.1830845065371 14.7763012770556
7690.13 3.5954210221606 4.85996278841648 11.2244509494376
7741.77 3.14103470279297 4.24610771318956 9.98860637472444
7990.4 11.0705925061075 6.50862913833866 16.3149369013254
8015.43 7.95337531520715 4.61336717104103 22.9177872411456
8297.91 3.29502647749595 3.21982334742646 25.5229050388407
8682.21 2.03761645905585 3.87119655461022 9.79795905127685
8832.88 10.2205931802066 11.9732538308467 16.7724278327314
9006.46 16.016983191245 13.4310188279203 20.9047538926279
9141.91 5.05866941088251 3.67343115365829 15.5665441399105
9384.94 22.2194726265356 10.1367886879267 22.6980348526668
9469.18 10.3086057976866 4.63920450043851 17.6250531830065
10106.57 2.30475846846154 4.01219413539435 13.3172241420398
10230.59 3.86483084197351 6.12405068044294 29.3929758646118
10351.99 3.30474541808781 5.17831721548145 14.4270260438079
11059.76 3.90754813571756 8.34671067234781 22.0886364008602
11117.99 1.6972081204457 3.40544116785083 17.1324759650615
11455.97 1.25157947584579 4.14553647353258 17.3152353706264
11652.82 1.17475004689954 5.00094011898192 5.27304846393417
11663.3 0.869600097603931 3.74455247145741 9.61241290327234
11977.13 0.42379504496768 3.62182225522662 2.93580540756557
11995.79 0.487088632616976 4.37904537333793 1.8943605081331
