4124.02 100 49.0717394939372 7.01656443184402
4197.14 24.4569909746062 11.2940457459482 7.23415860399109
4281.14 17.3213732897147 7.81596174085119 6.81050826291812
4302.84 14.3811293150122 6.27751032578831 6.39049468243047
4391.29 18.1530943648422 7.59246570673932 6.46867347792067
4459.58 8.6149016614509 4.23214976469354 4.69612941329979
4560.6 8.63387240914757 4.0171508988489 5.74527816295995
4583.46 23.3545195713023 11.2071708406205 7.2374143278048
4626.04 16.2350291736211 7.96818051030715 6.1066641631769
4639.25 6.33086350008298 3.09203084926039 8.22074693188461
4812.79 2.99543590369161 3.21601410691921 6.0969678060992
4949.77 9.84456831376168 6.48102901896849 7.01278719344555
5016.43 9.40019131599324 3.95224866960124 6.06685158655455
5049.31 65.1163514948852 24.3553458622134 8.75567326862711
5076.6 10.16873696878 3.49014210345281 6.70452519963601
5254.93 10.7127694695789 7.04435247047193 8.63271315374095
5397.85 4.97115748290183 3.98959724547962 7.48097981791852
5441.6 8.18592160727995 6.65514739488284 8.22646832428472
5470.94 5.50000339184797 4.44638320250481 6.64643062545474
5642.84 4.98443218342174 5.51910516429343 3.50636722970648
5747.33 3.44640160550045 4.77980609601725 8.5232761773259
5773.77 2.83650377600439 4.13907448260611 6.23326328366875
5931.14 6.37611022051037 5.89860758701809 6.65037909207695
6006.33 13.525889300452 8.50149314928218 9.55815715311201
6057.33 66.2738448551168 35.9142286909334 8.87181491441515
6103.32 7.57403451663436 3.43011344475392 8.63711409855114
6116.47 9.02462270484605 3.90778554481954 9.59467324135858
6301.35 40.68099157511 10.7705096109845 9.09625852363934
6337.01 14.780336863036 4.00642600183708 16.3052479224425
6362.31 22.3686888260741 6.29453276702859 9.62392758393435
6649.38 2.49011890771529 3.22047631149936 11.6602105141155
6688.65 3.16661834137726 4.26449168857394 9.54666768709558
6793.58 2.5619847054476 3.5609566304183 12.7682974962936
7020.33 6.40858692424653 4.45663322089999 19.1969841438677
7081.61 14.5370306163635 7.98952180794458 10.728685484678
7101.73 36.1981232669946 19.763655096366 11.1740486621402
7179.67 6.81253919343054 3.4494123905435 11.3863587663018
7337.97 3.59254688929445 3.21848072389548 9.61203615907289
7687.88 3.79311912099218 7.02926159150929 11.4354462495739
7741.77 4.42592379518072 7.99607773141524 11.7390926383232
7900.73 3.80542036641655 3.90803718663981 9.15532898009133
7987.46 8.98902211302183 7.59770390623637 12.8274360412843
8012.32 6.07512134201551 5.18354157199989 21.5968122480226
8288.93 2.33892039846166 3.74059833798372 25.7882076265487
8332.2 1.58458942352767 3.02683595456295 10.2133073964105
8683.06 2.08555123585313 5.43382999082715 9.69806627403523
8792.71 1.68214483385869 3.14296388013335 11.8385512119457
8830.99 7.92161524731227 13.4485440865359 14.4674489403405
8910.71 2.45597707881106 3.57421230319757 11.2554496224438
9003.35 10.3007138988977 13.4028288545243 22.5556377024914
9033.75 3.93489421277674 5.00395750585219 17.1396021807923
9141.74 4.96996662882721 5.93311800366289 14.1170893303442
9337.33 4.46880763713741 3.47865808518624 15.9582061460424
9382.3 14.2983613867312 10.536194663206 17.5507225402762
9466.53 9.92764763137011 7.53395044678421 15.205392964177
9862.2 0.934034318702635 3.03851132027802 10.7746431839732
10002.05 0.867269932037795 3.07772642271308 9.28101524071826
10104.57 1.88535027375242 6.11018309707751 12.7612777108479
10230.59 3.59617104409203 10.1529411940762 30.3283778804143
10347.76 2.53847048044866 6.66872968633669 15.0857998264073
10455 1.4842260324613 4.27123380733736 16.3692197504715
11063.17 2.68071852132759 7.73944635020198 23.3859234593638
11120.08 1.34872094972779 3.80615635652916 21.0758420348011
11454.23 0.957806860127853 4.96591456167308 15.0714366769989
11649.92 0.712474429520483 4.46438620620326 16.4490751558697
11662.33 0.526784099079847 3.35172483889679 3.72713070887767
11699.02 0.513354367010128 3.50615049233614 17.6284362229526
11716.32 0.51653404271508 3.65570911911675 5.37306253086172
11913.79 0.29029044721603 3.17247257744695 2.30545522706052
11933.39 0.269658701241565 3.08927494095928 5.41936741498466
11999.13 0.312105995394683 4.28391761468608 1.33616156605422
