4124.5 100 23.4985997599434 9.92173229263699
4197.62 13.3213815197531 3.18028478604382 9.99449030126743
4302.59 19.0736864626527 5.46126177291444 8.80522638997718
4391.41 22.3512430337684 5.09603522221274 10.3482039168057
4585.23 29.1354952562797 6.11612738036854 14.9716550222092
5049.05 89.1194691766862 16.9431931963849 12.0820173851835
5252.64 8.25208979689149 3.12505855657614 8.51893046670284
5400.04 12.7929380219386 5.30662196030607 10.9143356634249
5441.19 10.6692312729829 4.41572059276217 12.0769908267575
5643.12 6.58420546639762 3.64870046476651 11.808094431859
5745.64 5.89396264635963 3.68576261430172 12.347495051521
5928.86 8.49382105662228 3.3348206763163 13.9008445664858
6057.61 85.6146577427965 18.8860965164369 13.8825679092843
6301.05 63.9669289285591 7.46803167895229 15.9982551024486
6364.22 37.4506846304874 4.08940435702007 15.9407934338824
6649.68 6.34092749436321 3.48834009601776 19.6128753836729
7021.1 14.0755620809032 3.18024965033754 19.1704475134884
7101.73 68.376922205577 12.26884772664 21.3506890984572
7454.57 5.57598720669588 3.22577312631273 15.1987343510382
7687.88 4.06258449936329 3.82518424087961 6.25802941612528
7987.95 19.079682527328 9.61392738692984 40.3407513685124
8680.17 3.49128130644334 3.51047638208237 18.393149269139
8833.05 15.6102208075549 9.08683650274744 24.0953524300166
9005.94 22.5698587177515 11.3758474804433 29.6897769821371
9385.12 32.8118208018137 7.53643283642943 34.1917927254144
10106.02 2.91757767364973 3.1264714604171 17.82626537953
10231.69 5.93943692336091 4.9846807813325 39.0750989335411
10345.18 6.06512350167569 4.5169257037591 29.3900187819891
11060.52 7.51548560373023 7.71264202821141 38.0799589072267
11455.39 2.32692844012859 4.51089378181753 20.340983856775
11659.23 1.57603713755197 4.20824708241366 17.0778792271885
11700.19 1.21913143494539 3.59629213372426 6.96681725339477
11923 0.612774751693022 3.53920424241665 2.13509421961135
11998.15 2.00874706158292 15.355085528428 4.16323214895601
