4151.02 32.6521241357782 4.83091417047245 9.27354558940624
4195.91 31.3336537646373 4.97460430303362 9.06363978842546
4211.45 46.1131222069091 7.58320718791263 8.62943686393464
4295.2 31.3550869986005 4.972195928671 7.67632157037315
4348.95 18.9496132211688 3.00925579484183 8.17984837505446
4368.09 22.4084104848816 3.70935750280819 9.12759077014471
4494.28 11.65462026073 3.39992396126997 8.57226021599854
4625.95 25.6951001534983 4.12485775344908 16.7988762448367
4671.77 52.2630445721396 8.62372992775897 12.2026625390508
4847.65 20.6306459343265 5.06213110038072 7.55970914907539
4914.96 18.017570266046 4.21945931664034 5.61078285593157
4947.66 32.5686268859033 7.24340231033751 9.25664057566792
5057.23 63.6622774593093 11.7506923413 11.0746056489588
5254.87 29.4187620780258 5.82530725976857 10.5042696548398
5285.63 27.0126143314672 5.4162170723826 12.8683741378227
5379.23 31.5482894289051 7.9500982071136 10.0874691539757
5467.28 10.2048383965354 3.25091385592831 8.13465143856592
5600.59 8.15090923680968 3.23655959712991 9.1958839667941
5645.92 7.59756270534545 3.21846400866816 6.94032502801201
5815.63 8.8667203266349 4.74109650661716 10.6204540924355
5890.98 7.16631450592677 3.63485332621104 8.5159716702201
6002.28 37.8339860622938 6.83334285245058 10.367614388063
6116.26 52.3269715228814 4.35182560484119 11.1118581692053
6142.89 62.0187016685521 4.77267616223581 22.3938836894795
6315.92 31.9045014789044 3.31197512898648 10.449220290172
6335.74 67.7319226523477 7.89216241523519 10.8991438783933
6444 19.5181654903327 4.31449032685868 13.4931745261547
6509.01 10.9577652902117 3.31059534759242 7.25767488871224
6744.18 23.5405654643579 4.79042316049829 13.970952474242
6788.1 100 20.8372787112066 12.1748106462346
7249.77 27.7077953899005 6.1143849510754 12.6805246065078
7586.22 81.1367076137279 27.0327542699952 23.3852326563665
7837.07 67.1920501287264 18.712078137658 14.2330139313126
8080.96 8.85404386113559 3.39906963437025 15.1471135364291
8189.55 6.34763693645907 3.07816768177805 13.3265939658477
8287.66 6.15756201593001 3.73702736530658 8.10656428268157
8784.16 6.88349908517045 3.71857929918682 15.5533245406277
8815.92 21.8077781903565 10.8617231080482 20.1948649316655
8915.83 9.02271233636264 3.82877477033974 28.8472926476497
9134.2 8.79970987157967 4.3910311667037 13.4268251952381
9389.23 11.6886230995659 4.40728178987525 18.4901428032917
9460.76 20.0103510610267 7.42860356731152 20.3996955816438
9552.21 32.5629484402626 13.043298569653 17.645848305352
9857.88 5.29710099542468 3.2514543222689 16.3983566887582
9898.01 13.8953614726282 8.43944873213627 17.9201582713504
10032.09 8.12049398365467 4.47444193652724 14.955759468734
10238.39 6.24852055180495 3.45311585770908 13.7029923422742
10581.17 3.33396662730508 3.07893274214974 18.2192930090423
10595.66 3.22073580718585 3.07519023226498 3.15500879576393
10919.25 2.19697970310051 3.26300571993468 2.49050314536908
10926.03 2.15800919979777 3.21090925117581 5.32605056109787
11109.81 3.68385690296681 6.0007727356316 21.5199375695065
11130.69 2.06397624210205 3.2371656731965 4.20549603287691
11457.24 2.84526876056655 5.06107042061634 10.677279598036
11499.23 1.68390739711554 3.02344748376612 2.52232473791264
11800.11 0.783455869970392 3.12772175771208 0.971750620516104
11866.11 0.596881639611579 3.01402375636327 1.44449662856459
11874.32 0.642995996736175 3.33898938788005 0.658591055631405
11900.53 0.604198559542771 3.42410794883802 1.52531102188004
11932.85 1.95826037187072 12.6383416104598 6.58474947173818
11945.98 1.34182352962167 9.1054177349519 2.20325720984511
11954.22 0.886437143232347 6.20828232767307 1.00698321869459
11962.46 1.1057392443482 8.03477908894635 1.24171237269366
11975.8 0.7104813098091 5.46846250202647 0.969735526907243
