4069.32 26.4633100622371 3.21056549327705 9.49039778763427
4149.33 30.9901828381389 4.50878635935861 7.76000647413366
4196.88 20.8527558078501 3.30682287774884 7.31717141586068
4209.51 33.2265519448012 5.48378341810796 8.34463537520423
4367.35 24.7061114757025 4.31598902033173 7.97140655347994
4492.15 16.7514919688792 4.9906394379832 8.66709854984765
4634.59 13.6511309365965 3.40517243356138 7.18766492138457
4673.04 17.7522384741869 4.51617003146409 11.5417965057268
4844.67 12.9290555891686 3.46156500349975 8.59210918313693
4945.57 42.7683883938136 10.0404378025917 10.4253664979433
5054.84 80.3646689780106 14.6053822367992 10.7221003689783
5249.48 40.8204822058586 6.64351722127937 9.69443833019614
5280.91 34.6335833761758 5.69283844250435 10.4939518511173
5378.55 38.8429617350252 7.88506538702923 9.64286223479485
5696.73 7.5455797508051 3.06139141507207 2.12720560336311
5808.01 9.08326858765677 4.13373512919959 2.02125936388529
6000.27 34.9719846248592 5.72642790964077 10.2295791847455
6113.23 46.5015431238001 3.92248130176149 11.8791924798552
6140.71 65.8937818018472 5.31346607201404 21.3185158515034
6312.84 36.4849063457971 4.60707469247017 10.3992189907876
6333.39 26.1268919903776 3.61358077345539 9.216666520947
6441.48 16.3063382952613 4.00055015013674 13.4349618046263
6740.1 21.9885566264716 3.77889695789376 13.1050880669327
6785.82 100 17.4142434427746 12.1152643625073
7247.42 26.9454443113414 7.30045569882991 11.9222409194799
7583.51 89.4970891667466 22.119438975164 20.2561927087145
7835.12 55.3292516632113 14.6953841607298 13.9111922861193
8284.34 6.85742345837383 4.20762760031534 8.9000070099446
8787.06 5.36519707505973 3.03034294286464 8.64954846169167
8811.14 13.9741200959101 8.19650942402844 20.0188892738333
8915.83 6.13251981949537 3.32093451282955 11.593215927498
9098.96 6.09407153760506 4.25062994717718 11.2647030190383
9300.59 4.07214778074591 3.03013083724455 9.63123924319734
9459.7 5.11079169708889 3.70464242108963 11.6961355350559
9482.48 4.89026511134556 3.55621270990292 13.9382898311105
9550.26 6.88763296533417 5.35002356887522 17.7016776955988
9853.56 4.683951661049 3.25342703837757 11.3093285214982
9892.79 11.8346523845977 8.43983787659058 15.0839852158824
10027.38 5.09028105018545 3.23387025058792 15.8491176077805
10404.17 4.22079021338963 3.20686000063958 2.67131184167374
11104.87 3.72405306243681 5.36947464975 5.12691547274335
11115.88 2.32048202811508 3.00966721175443 2.7870653291593
11448.2 2.15831365624777 3.06797061181818 2.73298185443673
11457.05 2.48116799236878 3.64646228845339 15.6465756783509
11776.73 1.26813986549468 3.15420258883126 1.44652528588631
11925.01 1.90327683119468 7.39228663628996 1.84146997432617
11932.85 0.812039359411909 3.13124420610678 2.43370816713104
11941.47 0.98595263007733 3.94045281765833 0.722793698780151
