4071.47 20.3729118568235 3.39769907668228 8.80134577209401
4146.79 27.0747154789421 4.47047137278015 7.65587191592203
4194.7 18.618844966896 3.20527897379534 10.1384487166124
4210.84 31.5127838602725 5.69553920062378 8.6840667647366
4350.68 18.2393437856224 3.5828402046617 8.96024387259331
4366.98 25.8452309412469 5.28627111930486 9.03590862269903
4491.15 12.5655769684692 3.91020719882922 7.98270513705847
4675.34 23.9750832405662 6.16966324993734 10.7251104163133
4717.15 12.252767902931 3.17606298644854 3.41312166737589
4846.36 17.3156474269154 4.76463179417734 8.23302785205306
4945.31 32.2560656838759 8.12594212069724 9.2618937337229
5055.5 70.560244607474 17.553455951532 11.1420017764976
5106.71 12.0070379835496 3.05434381389022 11.4246249958987
5250.97 25.5404634650078 6.48611106077171 9.85268982794605
5282.66 20.414575058708 4.97079210172372 11.1093351082163
5379.78 26.6892547257068 6.79084903188772 9.97360255288004
5814.22 7.11980805967312 4.14633597794651 9.50108661563263
6002.13 38.7314234472279 6.42463548971424 11.0021698860064
6112.94 57.4128508794103 4.66687832734262 12.048482018753
6131.45 78.7787066599007 6.19970655620719 21.3404519849728
6314.74 32.7753234511503 4.09164528677037 10.7684375338476
6442.52 12.5970485668905 3.21104621315338 11.7136240329619
6723.93 14.0287900008427 3.91782671305535 13.8362108358533
6786.43 92.7787208554597 25.1055904757406 11.5208430195371
7248.83 32.7629757207574 9.72487573928426 11.2623854143012
7584.63 100 33.4802331727652 19.1738911247521
7835.28 86.1685144745325 26.7526815208053 13.1532232786876
8078.16 9.28770589812656 4.70482158152691 14.3272179379592
8359.09 3.58552563823387 3.007682506121 2.04913300889166
8784.5 4.69525679286775 3.43145296832023 17.9115925248789
8815.24 9.42444728348859 6.49417754134433 18.5829276024124
8911.54 5.14548342978258 3.14394384046107 22.6107385914529
9132.81 4.92760286196143 3.41000253884193 14.3483656289482
9383.95 5.26978055064041 3.02507049440879 20.7739281607683
9459.17 7.52973504048511 4.34928264122079 18.6610085452321
9550.97 11.2583012641608 7.20579862866689 17.7785164196976
9857.88 5.70759610136747 4.43516530533263 19.1104989826526
9896.39 13.9869194030026 10.4952426278459 17.2890154514316
10087.8 4.57931247466205 3.03081816674121 15.1241051557336
10312.96 4.98305907843432 4.12561159916963 17.842709006416
11107.15 2.43555663756331 4.56177159611184 12.8401024854957
11117.78 1.76482194931219 3.23440423335272 9.8842969853431
11455.9 1.77174108781748 3.93256646239699 10.2530490391455
11463.4 1.79944135833233 4.01776956116315 3.72059188589446
11602.94 1.1647311930704 3.04883972975536 4.06715078404523
11789.78 1.10620126037347 4.71039405184722 1.12350419168433
11856.33 0.660693155607597 3.42226727237684 0.806518512972616
11862.78 0.644076020823442 3.39059514050413 0.575437406483616
11870.02 0.582983760429538 3.12367147236192 2.04086761497456
11876.86 0.559193897262917 3.04950068918415 1.57159100174249
11885.66 0.574897052319265 3.21167283431239 1.32598286000393
11894.66 0.718876395555685 4.12583752890007 0.850454453040584
11920.11 0.983611438695538 6.08634990424882 2.21747815485651
11930.11 1.06824110889307 6.81491564153381 5.03472051905555
11939.51 0.700229574491753 4.59006287067511 1.82247116761209
11957.55 0.566280074213602 3.9321934127877 0.493509844049186
