4149.81 19.244101737184 5.50493498155005 10.0561079750487
4197.12 19.9381895336481 5.25910469815571 10.1950182438477
4211.45 32.7178081329331 8.43019314552926 9.6489059659616
4295.08 20.5718409102339 3.66979859896025 8.6075687854418
4366.74 25.3075733937507 3.78942303950028 9.6681275382989
4458.02 20.5358891425071 4.43940845938397 8.39679750559208
4624.3 29.2254123942017 5.43712438068391 13.8063570252853
4670.36 39.9428975855879 8.35871650529733 11.2618384822999
4847.39 12.8196933210045 5.65500798664201 10.4377842231997
4915.09 9.67678787915203 3.63682245540324 8.47403792307432
4946.88 13.5700271120181 4.67600161894884 10.2328008367513
5022.87 11.4947344727038 3.2708736541329 8.99558004556457
5057.36 52.2102104953654 14.1098235267573 12.0509838788557
5252.04 44.0544771009956 10.4069723963546 11.6953956972256
5282.12 37.8510928493249 8.72657679699695 12.2252379663314
5380.32 16.746019853791 4.94347266696774 13.2008929352405
5467.42 7.83793969534127 3.51524403370862 10.5752484879476
5602.95 5.70859988415535 3.84562560643726 11.3803033398835
5813.23 9.10215509193022 9.49499829806475 11.4826650902305
5892.12 3.77678556795576 3.51357851475903 8.74238629380307
6002.85 40.9871126560301 7.02842921254236 11.9989155057328
6113.8 47.8964479717634 3.62377435046478 12.4584673744803
6142.6 50.8006769868928 3.57540016951478 37.7270689295756
6335.59 37.0652615950551 4.39896895708042 13.1643740275949
6441.04 17.9023394853664 4.19136661768296 15.2189139421807
6508.86 10.3354370743956 3.64073574629015 11.954626983149
6744.94 21.2296601682517 7.07702344073853 21.5121785955807
6787.95 51.8498924169939 17.6753326926206 14.7717115186006
7148.64 17.2509297470634 3.30418115508297 15.8872359582519
7175.69 29.5097516839471 5.10304996200577 24.7915361196583
7249.92 24.6439311369473 4.66849777306501 14.9671180362438
7585.42 100 24.3852626077641 24.5792421145798
7836.9 60.2421382202715 14.2056470270805 17.096744880163
8426.28 3.87637637797734 4.49140195848835 18.204259389162
8784.67 9.55533540409438 4.05198499660525 20.8560429030276
8814.22 22.0109103818191 7.79007384952887 20.5428447769991
8914.8 12.7870119326016 3.21370277055718 30.1661858209845
9061.72 13.4836824647241 3.50209486418516 20.5974495824139
9134.72 22.4883051542337 6.92340067733422 18.8749325134941
9389.4 17.0219725838619 3.7543550643304 27.0649793096272
9461.47 32.4840695903752 6.88933739116704 26.2941422032945
9553.81 39.801009414732 9.16213003668228 22.2840739024778
9858.96 5.11912174569781 3.55466143874952 22.4622355589199
9898.55 13.4294417355469 9.09158003299352 22.6351344630184
10029.01 7.42576074631429 4.28486871268373 21.4859651777697
10239.49 8.07769804169251 3.74378701205003 23.4112479766263
10922.64 3.4881689826792 9.67074947291628 23.078535662491
11110.95 4.60805660047729 12.0245563180447 28.803085366595
11459.74 2.38116390471489 5.81515478138532 27.2612344459485
11702.99 1.1963561458736 4.78144352319863 21.6812621203535
11932.06 2.02408514677516 11.1599706563104 25.047411621048
