4069.44 37.3596033465292 4.32416360961842 8.92097616209412
4150.41 53.8425577370815 5.50353170464433 10.9166536408366
4196.39 51.1768646487437 5.7545614298097 10.2748222283371
4211.57 68.1092230865425 8.13688095931674 9.85271372458737
4368.09 21.2249803106694 3.38150842525703 10.4924991155622
4490.27 15.8624330967761 4.8208168442868 14.650362716724
4634.59 22.0642707449399 3.6665839790595 8.25257756333758
4677.64 50.7155765936671 7.9192915178403 9.82615730644829
4720.61 24.4256670591591 3.58773090124414 10.364476695855
4845.84 24.0362087665111 4.20805431767446 9.0972815988307
4947.14 100 18.6955137125085 10.5890479484342
5057.23 93.1132167563111 17.4939125212867 11.605098231048
5107.64 15.9698957336124 3.35618912267296 13.6852065108924
5251.77 39.792266833133 8.26740008601563 11.7895655099064
5283.34 34.0684117608955 6.5219099141681 15.6481514043071
5381 27.605470142347 5.88758177840342 11.207749631003
5408.01 13.6737049856835 3.11343645329715 11.5008533576411
5599.21 12.0365881581478 4.05460714924723 12.2441733122232
5814.22 7.91893563363601 4.95189379857427 10.0105560907068
6003.42 68.0501904989066 6.83647099622219 13.0637356464904
6115.83 88.6987638190259 4.23764487110506 13.670495288603
6142.89 96.8605302024118 4.44693402095315 37.7576747712228
6439.26 17.1366261116047 3.53361938663473 13.1142582949033
6726.35 21.68550367219 5.68596930689356 33.093325704117
6786.89 80.2543027485463 21.1622046314289 12.5477541532773
7073.04 8.35938881394613 3.22435113328649 13.7799432799156
7250.7 23.5073252235777 7.76610941194456 12.8099955525622
7335.35 10.4327564287412 3.95499749984296 12.4115593555443
7585.1 40.3749689747684 25.828797688513 21.5172591093551
7836.58 62.8090181094418 25.0378961577054 15.5069707111452
8186.08 5.10420215887356 3.50949401586102 14.0673301858342
8816.27 10.1330395463676 9.87608046634647 20.8952163992672
8917.38 3.34554905816871 3.08485718962656 17.8110186856502
9306.02 5.51397977501382 4.08241199845166 18.8051274844838
9457.41 4.90919712766125 3.21278961266998 35.3188271452436
9551.68 7.54284092647396 5.42372820390949 22.7175102187321
9862.55 10.9305119302734 6.49356379492078 22.8549095396265
9896.93 19.3128863848138 11.0147787088461 20.3011820493302
10087.07 6.86100776009025 3.42138484178627 22.1130470409735
10319.2 5.4145007438296 3.1783689167918 25.2999682408918
10923.96 1.68808712774983 3.59154781892959 9.88543614941227
11110 1.56799954802076 3.85184226158878 7.35468311672048
11115.69 1.27078305095945 3.00258219770596 3.88905431911189
11258.86 1.19998025602407 3.09152834707361 2.94323806103603
11463.21 2.49872099535584 7.64990057812931 22.0808273005441
11477.84 1.58079460636542 4.74885003430643 2.64830108148635
11863.56 0.674505187830252 5.27240914906094 1.41859635098263
11928.54 0.718251415961597 6.9440431674698 8.10219001560108
11938.14 0.788922080302367 7.90770486237483 2.55492391184089
11944.81 0.448536184720559 4.57580773087923 2.88472867687778
