4070.99 15.6393645068638 3.07089708402889 8.96092771625808
4149.69 22.9082014374628 5.21363925791045 7.69570209086032
4198.09 14.1545702584455 3.47830613898066 9.10018172357468
4211.45 24.0140994626227 6.0763834891011 8.42665091532126
4294.71 16.0329655637106 3.56643216402333 6.65644630345287
4367.6 25.9299524190632 5.76824896625918 8.09842489309813
4635.73 13.7780959415911 3.54967526753618 8.76829172736871
4670.49 21.118984304327 5.93167485630397 12.7303537016915
4847.91 10.0857775781454 4.28262651704858 9.12980847236395
4946.62 31.5275586813149 10.8728646470178 9.65639310759889
5058.28 57.3272120429484 16.1693040123494 10.8834058526336
5251.91 28.3017705832757 8.17623448063828 10.5973907468224
5283.47 24.3291060129162 6.98180848642724 12.0240934851236
5381.41 20.9228423305009 7.35785679711146 10.05797269702
5601.84 6.97736240475034 4.18307362535956 8.79984697481086
5813.66 5.77883476939527 4.54644153901788 8.81328908726664
5893.83 3.95060348687046 3.04422174103232 6.63653214522401
6003.42 28.0194381579653 7.64975653657033 11.2139187018465
6115.83 35.2081737986707 4.54748254680737 11.0294050854645
6143.32 43.1384220979087 5.17467561466221 22.5715280192762
6315.77 21.2103808541171 3.63092191850194 11.9561139522793
6334.56 21.9100375273458 4.12078175601516 11.454264801604
6444.74 11.4636468462557 3.98518139054731 15.945074758456
6743.28 12.4102800514968 4.3134470745659 30.0735133015223
6787.64 59.4051681156312 21.2516850902363 13.0328467112849
7148.02 8.8320736548028 3.09950102549569 10.083665521186
7176.78 10.1901584909595 3.24322936502944 10.1564742335604
7249.77 19.8212969208396 6.49477449659073 13.6214733500019
7587.5 100 32.8925658226951 20.1235051068525
7837.71 50.4391774539701 18.3274729245949 15.4876173112925
8081.28 5.21495099048194 3.13965183637851 12.1849934963857
8189.88 4.46393400838393 3.31218535248839 11.0302114954138
8287 3.88902490004142 3.51579917468321 8.85310549640417
8781.77 4.9156892764708 4.50284685605437 12.9014067726857
8816.1 12.9331391970468 10.6700054453359 17.2403182184426
8912.57 4.94184166092392 3.40478673390839 25.7697173040033
9059.12 5.79984478209502 4.22045975659475 12.3030813249425
9132.11 7.23067441268538 5.83150250844263 13.3189755174935
9385.53 7.87759820508557 5.2963524211697 14.1682424099854
9457.94 11.5567461497937 7.73453230566171 14.3875898442147
9550.97 14.4693707989654 10.6583413836029 13.2347177194551
9858.42 4.23470776507909 4.53119290530992 18.8278435234988
9895.85 9.06907078983042 9.51965140607942 17.9436972496369
10029.73 3.6363906986955 3.3573142374194 13.8102723635693
10239.67 4.56544201378186 3.95283283916576 16.211836233646
10320.12 4.08026128877944 3.55734224113413 18.2051480483369
10922.45 1.67971147565491 4.45202945730788 10.5435570869031
11104.5 2.15150684848042 5.79559582518416 17.6330176049942
11130.31 1.25437731260539 3.23914488300142 4.53145938514353
11456.09 1.31815698162968 3.85963813439747 14.8804190337924
11697.94 0.690821002010846 3.16004303302532 2.39261084314967
11705.52 0.667629994911455 3.12078281280402 3.31893214529009
11864.93 0.438757248116452 3.47815436334795 0.985919084352645
11882.73 0.54947905955453 4.59222080643446 2.75322310457523
11940.88 1.14784532587671 11.4788774171032 15.8596977802808
11955.59 0.514210419916522 5.36386288848317 2.31863897072435
