4028.63 7.65359054486356 3.90540306591462 4.83997209734753
4150.29 18.4222744117745 6.12207829373687 8.66207413689972
4211.94 100 28.8990088593176 7.42814809325773
4296.55 20.1251456887407 4.73639204310919 7.60343354539145
4391.36 14.1335794720209 3.36097140686288 6.35840954965715
4421.9 28.4650191668566 7.89303153566416 6.76642719776919
4584.01 28.5954937500133 8.47105328980757 7.63947093157094
4634.08 15.0755043349564 3.16249137621342 7.58553834962913
4676.23 27.6963253417259 6.19395188709539 10.6265552305449
4720.36 17.3086044014084 4.25188797784785 7.34611211334231
4764.16 11.7301976687845 3.79062438855552 7.74025734664974
4979.94 36.6822461975984 17.5809055335157 8.69186019262452
5016.67 12.2992659479253 5.89948237858263 7.13836514250761
5172.31 7.86975007920125 3.52407593543494 6.41952923164627
5253.12 52.9124635778419 16.7259974965858 9.05695862165703
5545.76 8.62129635499204 3.86611872394355 10.8339895097151
5768.41 5.02104516671323 4.40452274276557 10.0535463137921
5815.91 6.03709090720106 5.47812914784846 7.04012908943605
6145.2 52.8610034396752 10.3317357557188 9.56664932170224
6220.02 76.9624749032348 12.9062650589326 10.7279008311143
6352.64 44.9791539786816 10.8166892514469 10.673316301235
6506.92 6.52730873776619 3.15074966195045 8.39988608394378
6617.72 12.8525585051127 5.61493595307374 11.0069961340805
6746 12.2737784045245 4.71286397552856 24.2070187322979
6787.04 27.9489739489586 11.026995721101 13.9888289227119
7149.89 57.4039623089183 5.04083812259241 12.5929035151994
7178.65 41.0185936851586 3.64768741681795 13.8238263846861
7587.34 12.6159156146907 4.59705831552121 13.7193020836676
7626.49 35.9380810533289 11.4180649335963 13.289502175674
7726.78 29.7034032449896 9.85241541066664 12.8196513250787
8136.73 29.21643926937 9.00398228198356 14.8491160229669
8288.82 8.12695971623732 3.58433624539338 13.2831439450401
8496.58 11.2434837453558 14.1630187693888 14.8697385255346
8818.32 23.7560518000052 9.56841543217574 16.8975836472691
9002.27 17.1006839502161 3.86267220730815 14.9944236000938
9063.62 42.3346285365054 10.3184460633901 16.3148521601579
9378.85 49.274420031597 10.0223989060956 16.5645087280591
9554.52 21.634556330908 4.47622768275347 18.1484178013179
9975.43 3.34167961072987 3.17190950573791 16.4527184329108
10031.18 5.6787541014995 4.6470419774635 15.6006314648785
10156.23 6.7346722633855 3.70002203738259 21.051330207014
10226.87 8.18673741118557 4.14618210111928 16.7903961709108
10406.2 10.9481812900492 5.66337632061199 25.9123365894229
11113.6 3.13347550661091 3.19396314739911 15.6295045365496
11142.85 3.76834253488363 3.86986505126966 22.7821307985887
11261.72 3.60238134957359 4.27191785596816 16.9700431975743
11691.73 2.0593451005848 4.6927580875046 16.4326989460696
11760.37 1.63138473237764 4.20125631770626 3.18150316378888
11956.38 1.74032377976337 6.58780612379477 14.2675976988085
