4151.38 34.9267643354793 8.89512266523261 7.66290207518432
4212.91 100 23.4138699333257 7.36313655720733
4298.14 21.7874574155648 3.94984243930351 8.72735033475601
4392.35 18.0269324845783 3.14341038952648 7.09896850190671
4422.4 38.1039253854635 7.57121775542442 6.80741279295944
4583.38 48.1768676169649 9.24810906675738 9.48151227773269
4634.59 31.7697181012971 4.1492522772107 7.52942246407656
4675.85 79.4481739833941 10.251592712501 10.9797463797076
4720.48 47.8704118894798 6.28680710785563 7.89640481217521
4764.03 30.6167452415041 4.77325397738971 8.31497340343503
4916.79 12.4666903753292 3.87643620084693 7.00696911135765
4981.26 42.1147827535713 14.8251456627725 8.38474330331155
5017.59 11.3223866864305 4.32124339681781 7.71287518955705
5174.05 7.94324440284801 3.02579252855505 8.94612313387188
5253.39 44.4481873858197 11.4546543723727 8.55113356732363
5382.91 17.8047513616488 3.63712542692978 10.4422770078709
5470.03 13.8152971146438 3.26133842462043 8.42156077592517
5758.43 5.37713797389336 3.00062861684405 5.40505295380353
5814.93 10.7691656563239 6.47564117393475 10.7420632731655
5953.5 8.78306135645699 4.96759874522668 11.9302154197476
6144.33 60.2280958045356 10.2087481502049 9.67562104314766
6220.31 90.2837528260562 12.7844290965811 10.4115131306426
6244.66 30.7124100391477 4.15723788047732 10.3841939916838
6317.39 28.0880044758028 4.54713503445371 10.3115846738328
6353.53 49.9798295701084 9.71177326622398 10.7190674762496
6509.3 14.6798873213796 6.03203397617696 10.2986860168212
6618.77 14.1069351431456 5.55403266821744 10.1805508678899
6755.38 19.0927954076167 5.98907247583002 19.6970066125041
6789.62 57.0363915911644 17.9676457149481 12.3822540050487
7150.35 50.9968084901509 3.64839189787901 13.2140668788161
7177.71 52.8688930954614 3.77642561180784 14.0463357991875
7586.86 26.9309626298527 6.92838025546904 13.1215276694811
7626.33 65.3724265334791 14.2096543218471 12.7350041137506
7727.91 44.3391911217344 9.74820693658715 13.5169375450669
8136.57 40.0941855258966 9.85125277202207 14.3112048122612
8496.91 11.1405032585868 10.7354978817666 15.6333269512561
8815.58 25.0353123962921 9.32555039770589 16.5337111333047
9002.44 17.7886227558555 3.61250570572714 15.4918680890787
9062.41 46.7622347212409 10.0134351561105 15.1769094803385
9378.33 60.419661597161 10.1073269331776 15.7456633282145
9553.45 53.3685192283031 9.597378093904 18.2559817201745
10035.53 9.45041288799914 6.00627660050168 16.7483025470065
10158.41 6.70687393898013 3.22482852164843 18.0809453102811
10409.33 11.3634097253377 5.39417743574151 27.1133701204744
10516.84 6.26040679239786 3.52282299053426 22.388929963292
11007.16 3.3500731044028 3.43621456322836 32.661157084829
11111.71 3.35151285502247 3.10117553763179 14.551098365986
11265.73 3.26747733372672 3.49798246678791 12.8103611257593
11455.51 2.29525202641767 3.27701968451381 19.8663796536002
11689.01 1.60912707109129 3.06754780567079 12.7701683246414
11757.06 1.64940525604437 3.54981540341961 2.61457725561559
11952.85 2.27562482731285 6.8639545721628 17.4598900642359
11972.46 1.15486149116177 3.60820105179384 5.61938077756713
