4027.56 11.1013360217239 3.16661164267197 3.77462139849285
4152.83 18.9717272972387 4.29517849116855 7.5818447936299
4212.67 100 22.0779197846007 7.493370580597
4294.96 20.0363249718342 3.78822075162526 8.08260812005574
4368.47 25.0172722543346 4.18036592764256 6.33622788923367
4390.25 17.393823772689 3.07377938048975 6.90109524385934
4422.02 36.7957640761837 7.22948290907633 5.87245880177852
4583.76 36.6828658165308 6.32784516007809 6.69681369439968
4635.99 36.4168347714909 4.52188992390662 7.99311887562453
4677.13 58.5965647134999 7.0075095323759 10.0396601817401
4721.38 50.7426356656027 6.32294544613101 7.33840785979919
4764.42 32.4390361504984 4.80490529957093 7.16119792384779
4919.14 12.1542449770705 3.63966926646339 3.44589469999664
4981.65 43.8140991568731 13.9560259918421 8.34776779029198
5018.25 14.0615421672977 4.75612887776064 5.90287998288932
5253.25 51.7114772254479 13.1854796599521 9.21124324442735
5353.25 18.9453323154761 3.57550257177212 5.67169609398024
5384.41 18.2294097033282 3.29746290244787 8.84940190208454
5427.96 16.8176095683731 3.16004537578299 7.26491721352431
5470.16 16.1875390474438 3.19138063967744 8.21829561562663
5815.77 6.83288820803522 3.70079113695546 3.07580244511337
5951.79 5.93489616772912 3.26197165589356 1.53489371838168
6008.01 8.00969557962491 3.73867388615899 6.3970430291547
6144.77 55.0387800837723 11.2209228033715 9.13471054428373
6219.43 93.3901514335055 16.4909355110828 9.43343436747818
6246.7 18.459081387692 3.03091354317691 10.4779275432757
6316.51 17.5277311276051 3.42096604949789 9.62958798534237
6352.94 40.3318377481795 9.56685751357576 10.4768569217104
6618.17 27.7256934541534 8.66032561328667 10.5781569956453
6647.88 14.4960513506488 4.05511787657406 11.0201999702549
6747.96 10.9835168864796 3.01499572442354 7.77677265879083
6789.01 39.1963943008952 11.991372467173 9.86843935232173
7075.35 35.7878143353966 3.5020862700519 9.90393521128863
7104.6 32.2381197844579 3.12589462872182 12.1440655473207
7151.13 62.9922305912448 6.26653461505811 10.3698052814862
7178.65 37.547797110201 3.6435029302797 12.4785841131225
7587.98 13.5233776322589 5.56238376845296 9.73432008729378
7627.45 44.1693350999151 16.5389136924302 11.060607547749
7726.62 27.3543669993231 10.4834003272556 10.8720180076289
8137.39 51.8761983239673 14.5331008954177 9.93471045583829
8498.93 7.75778594955454 5.77461065854401 9.3018567217714
8622.22 4.26959345895332 3.21463158470531 5.79222270832906
8636.27 5.30446311024917 3.91484376612293 5.67381254854445
8817.46 19.7091222544988 9.73990026920948 14.7603262973735
9003.48 15.7365385586886 4.87278346585923 9.75506975591634
9065.01 37.4631176674343 12.0172153860117 11.7940217012656
9380.26 46.6333577977237 11.3295472006945 12.0838903808817
9556.47 25.4636819982011 6.81238028596393 12.8705896228948
10033.72 6.20891019598582 5.94539146710252 11.2469787658774
10229.98 6.13006676564339 4.12400809079722 11.3484852584515
10408.41 15.8678632962294 9.93190728156835 14.1434839631602
10993.75 4.96136071838317 4.25598686991779 45.12199226552
11148.94 4.26227672070635 3.55064780706456 7.22818700339849
11463.4 2.43811555748259 3.42870362131911 2.32225383776677
11634.31 2.13260711920915 3.67965462222819 2.09317519128126
11688.62 1.72299748922135 3.28439841291688 2.62658159573039
11751.8 1.92029132352773 4.19873605841481 0.991401715800748
11762.51 1.93116450146813 4.33028606992354 5.00357909323793
11768.74 1.91358200996191 4.35546738090102 2.09330517369199
11802.26 1.3261144431678 3.28340276539134 1.44129982922459
11815.91 1.32774327803497 3.40998621309475 1.26620946727235
11824.7 1.25892033826617 3.29751537271923 1.22806836374912
11920.9 1.03955889286351 3.30258768727861 1.27596678498412
11933.83 0.918270892431969 3.00298278138948 1.65118393865305
11959.32 1.45070016755691 5.0380391564157 3.83108679305406
11965.6 0.934739902766346 3.29555955132137 0.811171517718321
11973.64 0.993742657399587 3.57430622441224 1.43488375904781
11981.69 1.1538941699188 4.23607148215783 1.9634982880616
