4151.38 31.8324620719296 5.03803998656926 6.82071167677532
4212.67 64.6274687766615 10.7852919536921 8.194817627269
4296.8 21.900589329356 3.70504532574225 4.85823176244685
4423.39 28.0651072670731 5.63034485709428 8.1194471719682
4582.37 38.5588784235903 5.46155162900283 6.65554648767102
4634.72 40.5669284978468 4.30940063541776 7.28733762867523
4677.38 65.6024166747885 6.81552230535992 9.21896204565564
4719.97 46.90160585839 5.0231269121103 7.4325999915045
4763.26 29.481711140699 3.6730367453859 7.31353287428101
4980.6 31.5338186707727 7.32034260584272 7.1887081701143
5019.83 12.9310563017458 3.01139672145777 6.09047904091585
5251.37 27.6329545056339 5.50984591415096 6.01729252676614
5352.7 28.6865540677546 4.60360107398999 6.61811030908393
5384 27.637474616362 4.31604801235632 10.8770847850483
6008.15 11.7848744952967 4.25988125242769 1.2956872973964
6143.9 40.4778507030809 9.86944776302357 8.55376505985441
6220.6 57.6081849332285 11.3021346221832 9.8791250219283
6316.21 40.288422107198 7.61284955386967 10.6518673261762
6351.47 33.6797436369014 6.62047984410411 10.470886279405
6618.47 12.6331229876526 3.51941659546027 3.31315313217328
6789.62 100 22.4750234844125 11.3204831997173
6890.06 16.9641400922876 3.40847075666264 8.21829172228536
7074.12 31.2227067285257 3.24432553969787 9.11651239675575
7151.75 42.4141754596637 4.3838811831107 13.4846061051321
7179.11 39.5356742444531 4.06021032648735 12.2755273100793
7587.5 15.0798547425812 3.69363232426013 10.7584686384826
7626.33 76.3999258378876 17.1046340735751 12.2024383151247
7728.71 22.3394458448927 5.20938047406734 13.2844305357121
8136.73 74.6597165491634 16.8838697225621 12.4360608640827
8497.08 10.9637981095438 5.06692155891832 12.0569028723003
8741.37 9.54524733711533 3.82624795620155 8.45804823363687
8814.73 17.516736112075 6.43855395543274 14.952826670884
9000.89 11.726565880793 3.62073435892844 11.5137832310811
9063.45 32.1462347485729 10.352161572069 13.9604639178651
9377.97 38.1904228835206 10.0065247224314 14.3100394131961
9553.98 24.5777910952979 6.98461198641468 16.8416065916044
10408.04 22.7915121204302 10.4550986544888 17.3699924411776
11636.83 2.62524622948069 3.25058815658551 1.48571450002783
11656.8 3.12216762047829 3.99741597889465 2.06270051640422
11667.27 2.32347595787483 3.02855429558585 1.46520742578832
11751.22 2.68253175181361 4.1312481997818 2.68612722844409
11760.95 2.67026882092361 4.20021661586074 1.59605673677652
11782.77 2.06945982338938 3.41785131179323 2.43052364327741
11791.93 1.95307778296022 3.29513937281875 0.720949942593506
11832.5 1.75294568806045 3.22798624502976 0.879475902454942
11849.3 1.60083802960114 3.02618513170088 0.922391836455063
11870.99 1.60911925886638 3.15002384911575 0.217608673574432
11936.18 1.71054021425087 3.74924795678319 0.772685182831992
11953.43 2.78138184834233 6.29591936169386 1.77273650281677
11960.89 1.54527520912187 3.54782018046649 0.817340507766858
