4029.71 7.00671370345254 5.83712774211707 5.84375908756101
4061.43 5.08684740424566 3.65606186589703 5.43384344601964
4153.07 15.8883816156817 6.70390491340715 7.86776384901259
4213.27 100 33.1037578643117 6.9664340695972
4299.37 18.1278090826067 4.75111434309456 6.96820924646181
4355.86 12.9286198026774 3.14091054193519 6.4867780858367
4393.1 13.8932412094805 3.83314771642985 6.64531927389271
4423.39 30.9371645817523 9.82244946779126 6.28522612813686
4584.65 35.6712580663639 11.458887650893 6.27649163027036
4634.34 17.9116894263294 3.98381377517345 7.46724685517802
4675.98 34.4110824699043 7.73882931923341 9.72398273327781
4720.87 24.0689612656411 5.817929954263 7.44504806343321
4764.16 16.4291819952416 4.99620020797298 7.47386032471695
4806.85 8.0859460289468 3.08798107639511 8.15584654603936
4982.31 30.4070677264759 16.4939878632601 7.35881536855959
5019.04 10.9069571640533 6.13122861857729 6.28969423223953
5175.52 7.48940206212077 4.11958373446501 7.73120462293718
5254.47 47.7711100383286 19.7451246126571 7.94803250154018
5470.3 8.3132177297307 3.16328842587521 6.59901683240696
5547.84 8.20331033752329 3.95050074691846 12.5243086264463
5767.85 4.171021779989 4.72586075472347 5.54663246889686
5818.03 5.35909519856455 7.18834285933384 5.86475904428789
5901.64 1.94181997284304 3.10147142374984 1.98355153609737
5906.76 2.93850057008065 4.690071322486 4.58543218330669
5953.07 2.15609256406342 3.41153538547029 2.45142914471398
5957.22 2.27667684098531 3.60021542763604 2.03888475959229
5986.38 3.07102778849373 4.83648994576912 3.14499951145717
6008.44 3.8040679509262 4.25743112513384 4.61006594246646
6146.22 45.1442929199694 13.7648911838044 8.40237803949458
6221.47 70.9387726018301 18.0102728556038 8.90326172897494
6354.85 35.0153592909464 12.6811238038501 9.03488443883725
6511.83 5.49474743975048 4.07205236762854 8.70721358489664
6620.57 8.4281042532819 5.80746220139441 9.99031907150675
6650.13 5.26230032467745 3.28502735808083 12.2897582257083
6747.21 9.3114337421013 5.8436039981594 21.7669026797894
6791.59 19.3955885938087 12.9177472380623 9.55278274517423
7153.15 49.2355205958876 5.88419301782834 10.7264542500334
7180.2 36.8871703092267 4.41299505877531 10.9698618098291
7592.13 13.3615226224368 7.13288859915305 10.9712266749248
7628.09 28.6369121774553 13.9308493757156 10.7241141762433
7729.04 27.4809721398632 14.0920225551018 11.327741773549
8141.18 14.8999964314213 8.16386742653278 11.4725699804994
8290.98 7.10913332339015 5.93915542969858 11.6791651752519
8418.42 2.09590071865323 3.28485290396606 6.28020235768963
8498.26 8.06087603428158 16.9715577203424 12.8239472999194
8645.24 2.48480388876419 3.54070895280457 16.9045715885513
8746.14 3.65011222073711 3.22959016866126 9.90689809404466
8821.05 17.3261012994862 9.95881683596201 15.8290508970495
8936.63 8.75349335125639 3.18952209325495 12.7298780140263
9007.79 13.1129393576208 3.96242686256423 14.7767277146704
9066.39 36.3193768376187 11.6220184718281 13.9800305095832
9382.19 41.9444106466155 11.4907800604751 15.1261317960798
9560.01 17.3400919235557 5.29860604641634 16.7634950216343
9981.76 2.51182839464193 4.29962185161407 14.2396295863437
10038.8 4.22622982674651 6.49562653375256 14.4473505821079
10160.24 3.5502262336216 3.95964528916513 18.2581267772439
10234.18 5.47564204450244 5.86647936698705 16.509278642694
10414.68 6.33006730735233 7.11849284671506 17.8654616706808
10504.99 2.82972004847826 3.56167963535422 17.6811347043622
10676.8 1.90439146120556 3.46698400546516 11.5516055713815
11000.74 2.1132346895629 3.58170683509197 14.0430188166956
11019.45 2.26166549195602 3.7300112373395 27.4073324853107
11152.17 2.95313628635388 4.35374269068874 17.4654105298905
11269.55 2.81426166002771 4.86315101392843 17.8680047096022
11635.47 1.07823534091671 3.29341412948218 3.0967865232451
11700.27 1.37417741296926 4.35052778647669 4.41898378630503
11762.51 1.49410802149725 4.88284738507696 10.8921632947568
11811.23 0.938047404841649 3.14481968430863 1.14733562987931
11960.3 1.62550948286363 5.9234188670995 12.8012692573793
