4059.64 9.81449061546704 3.70713221326366 5.30585367486947
4151.26 26.2177399208749 7.12632324576335 8.30057507917263
4211.21 93.7467587346744 23.1042436224091 7.47857212113104
4295.32 27.3813639979131 5.45193868297986 6.56010372419678
4390.25 20.2490983726254 3.72162595396539 6.15777910363977
4420.9 43.5877524396972 9.01807868274457 5.99524393270531
4581.99 43.1435874342448 10.3531270946159 7.01305513312218
4633.57 18.5726643054857 3.20312626354658 6.35572603194123
4672.28 53.1297268921762 9.57994307655372 9.89681470376945
4718.31 28.2188041860087 5.28207555307626 5.54836611762312
4761.97 18.73504185155 4.33660153267554 7.90559485983613
4805.05 10.7375310068274 3.04952309669768 6.88054365516473
4915.75 13.8794564130252 5.25784348452745 5.12710880913346
4979.55 40.7726773071149 15.8311515024015 7.55495888813948
5015.88 13.9814004135905 5.62915435929248 7.27103573567001
5250.97 52.7057416250796 15.6308103021173 8.85261667263148
5352.16 12.5393523982019 3.47076844193633 5.35465662010483
5381.68 14.0656142565149 3.96213258438642 10.2858674825011
5467.56 10.7831981490432 3.33845293728996 6.76256159770855
5542.17 9.56731586947893 3.54064631299223 13.8548102016839
5762.51 5.87042824529963 3.18940695065699 3.38705145599306
5815.21 10.5192472963187 5.99198397832545 8.2613063112949
5951.79 5.91073190642097 3.29691914368872 5.39790380622435
6142.89 63.5844642637815 10.3233709612699 8.72160442320728
6217.69 100 13.3989957515288 9.65966744343132
6242.62 26.9716581007643 3.41321260041538 11.8887138605769
6315.04 27.6868999108033 4.14607208960082 9.10366683342909
6351.03 50.8796396609636 9.13528012825767 9.27409102665024
6507.37 14.3079460802941 5.68666236406595 8.82279024709078
6616.37 8.8553026632589 4.13647578248814 7.95066128111466
6747.06 20.8180082141306 7.2112384864622 17.5589261784289
6787.95 57.7269030003786 19.907298403064 9.83813169885161
7149.26 63.8425674543672 9.3549859329843 9.8676863288365
7176.47 55.3947639621554 8.08241458128937 10.8354774513273
7225.09 24.0355054637302 4.07299300787525 12.1240248574895
7586.54 20.9442505002494 6.18259685863619 10.8735742017252
7625.37 62.6210064560977 16.040734701198 10.2686029031711
7725.82 40.278243168579 10.7041420892254 10.6268601995671
8006.53 12.1308914570037 3.54996561962964 11.3621659261826
8019.62 11.0352885831575 3.11327761423873 10.6830767401852
8134.92 36.9558916165329 9.33010806899755 11.3300854410099
8495.9 13.0363497055909 13.8032047104012 11.5217645476332
8739.33 5.83391027533522 3.44751375578932 9.33438195070448
8814.56 32.4423613959924 12.1738102540293 14.0817870077663
8930.27 13.350547303465 3.2443634481394 10.6147303140933
9000.37 23.3378228821067 4.82123790814979 10.5878814000844
9060.51 61.5855937505638 13.4077126217406 10.9111687156856
9376.92 70.8100298406037 12.5986992406068 11.5250933310417
9552.21 52.0392271926509 9.88230359960928 12.8683740144188
9960.25 3.87633433320985 3.0009717293255 5.24258054263555
9975.25 4.37728978501787 3.33861170129147 11.1784558974214
10032.63 10.6765362428944 7.56707052708275 12.7589433837729
10156.23 8.24675855675776 4.57590325860215 12.8153896398289
10225.41 10.0374531054425 5.46181929937142 11.8659391114379
10408.04 11.1464132630149 6.57202240130021 15.7334114227724
10489.82 5.19260741668178 3.37255566047438 12.7564297608278
10512.58 5.78864463917055 3.9559420566403 12.3590388244374
10668.6 3.8269233582677 3.78583037881326 9.48823708222335
11109.81 3.88449990389364 5.02550602618455 7.46443454901782
11147.41 3.79640196707026 4.85076169699468 14.7366729650057
11260 4.5333411634156 5.86030692511977 12.3977503098522
11454.93 2.80038742812605 4.24247897286934 17.9690877660905
11574.12 2.18669651233867 3.64243959102958 2.32686380310224
11687.26 3.18703863759462 5.81813440474344 6.07295288948626
11758.42 2.18213855452298 4.22608929894492 3.29138213737679
11957.55 2.71696946606176 6.05517838082085 11.7869081311783
