4150.77 48.1250402540773 8.49825087966039 8.72525510943888
4197 41.6484080599782 7.6945638898608 9.13560672679159
4296.92 20.5746721172572 3.69011093587187 8.07806206939313
4458.77 38.0653165458989 8.2950845377501 5.43918608171862
4494.28 13.6914889342876 3.14860221669213 8.66589913615553
4624.05 38.8717538697371 5.84777474946859 7.10277160186433
4671.26 51.1946032233816 8.00699464640002 8.04756177494437
4847.78 19.2064576996831 3.98622871687143 7.49648629517833
4947.53 82.1810519087131 16.3838997055467 10.7293792508653
5021.42 13.3411775944991 3.00133925941749 6.09367283897518
5170.58 12.845594292148 3.30541507147173 9.5658435576479
5251.5 41.4288646643272 9.91861475263692 10.3155447646031
5380.46 39.045325235954 11.2567083735628 10.9085027828705
5467.83 12.3418783584374 4.54912680681967 5.73337841799366
5816.2 12.2923979160762 4.92065762607669 12.5301141128757
6004.14 49.8323652959062 11.3157519551083 11.7124170024281
6116.41 60.0802478874319 8.73625684409388 12.9733465967302
6315.19 42.4953547129559 6.46711566162231 12.4222662554321
6335 56.1412264369304 8.75608101100453 12.7321959672772
6444.15 20.3209003753239 4.22174161755749 13.7360508131451
6509.3 17.1842436192295 4.50576257631819 10.9639067464104
6744.18 22.9665124574915 3.61590316130693 12.0165113879875
6788.86 100 15.9138222713388 14.5934488274415
7113.12 10.8958586469771 3.31858503902213 10.3796532197075
7193.59 33.2969580228408 9.93979564182125 14.0408177893587
7474.56 9.78019110322413 5.66066027207983 13.3839055003373
7563.25 4.49274394381976 3.0510636840461 2.38366096128811
7739.18 7.22274629922994 3.33750090141935 10.7320876094227
7838.36 75.919068922711 22.7421770033734 17.9867994670676
8082.27 11.0155701848889 3.39187468678679 30.0509796008419
8287.99 7.70209424499474 4.67820130724556 9.85863926208367
8785.52 8.28892535473095 5.03384365273483 12.8503888631985
8814.04 16.4761888148123 9.53917821424832 17.8007852828396
8903.29 11.2626556551997 5.62262496738491 16.9472932150293
9107.29 6.66731091135477 3.04320351383961 17.5316377650652
9135.41 24.2256462261911 11.6259501671536 14.9113400776041
9461.47 28.994499790988 12.2664881640413 16.6326032306788
9552.03 36.3692906738002 12.9435089267887 18.235141978239
9895.49 13.9972702945833 5.94173351610778 22.1909175432975
10030.64 7.28480432861564 3.22326883390032 19.544004354746
10237.84 6.29986450841641 3.59931757305147 16.1616491133118
10449.91 5.80396907183863 4.68072234420204 12.8713839048232
10589.53 3.34461494252487 3.37367152349036 4.83820823640599
10917.18 2.52191973865867 3.63631751389223 8.88224573361913
11107.53 4.36982814977248 6.6192846907621 15.9343647885144
11463.98 2.63569280918693 4.12098710196691 10.7313731123031
11687.07 1.38618794905069 3.00447620818621 1.915108449326
11906.41 0.83958734291271 3.5058809016171 1.01806625805875
11934.81 2.30111875401876 10.5055559097333 10.4826553315543
11949.51 1.62439554385705 7.72031542137734 3.88464994975038
11962.85 0.89312138712315 4.39770122747408 1.1495037046443
