4149.45 38.1467836220935 7.92439939067659 8.60551529154236
4195.55 34.4614830665449 7.29520218058954 7.88661386281728
4294.1 18.2225807409777 4.10561905108959 8.26534681977864
4458.27 16.512378668926 4.49505284930398 6.64511227487037
4490.52 12.413316991752 3.50991383910085 9.09000104697861
4624.94 28.4599447103088 6.358690080917 8.00746342415005
4671.9 48.7291693363909 11.3567267689143 7.83922688709754
4844.67 11.8522638720191 3.06753523926316 8.87744736501645
4893.95 18.0229393578823 4.45713822819928 6.52369384620215
4914.31 13.6064421130029 3.25866703637782 6.58241558541795
4946.35 70.3658789605338 18.1406732694708 8.41984133885671
5023.13 12.5436198098801 3.64023541772085 8.44049858748622
5105.38 13.1344911222597 4.3199831982436 11.4400173127897
5169.51 14.1349322274371 4.5824418245419 10.3968350671057
5250.02 23.4411211970398 7.24657452337128 9.09907325886797
5379.78 37.9156909228589 13.8817119137518 8.5404903437493
5466.59 12.192732834805 5.30535791070862 7.09811137520228
5813.66 11.3566674557507 5.65273955773872 5.31437479292345
5890.42 6.91224389844829 3.21349802092927 5.22338582800057
6000.84 30.7661392732226 10.3123347091652 9.08610259148099
6114.24 37.1126602565125 8.99920625370456 10.1200288384989
6130 43.6935803917495 10.4796834797838 11.434860628563
6313.42 38.6758796515883 9.18133025321766 10.9314704728076
6334.86 52.3876108040031 12.4612869443979 11.1623704302001
6444 20.0239955728303 6.09245384690513 12.2296090206919
6739.65 17.7419560383956 4.25126271644277 13.3322917756177
6785.98 100 22.9060493306707 11.9586151647118
7191.41 37.5202339671521 10.9354216269307 11.9142998558427
7472.98 8.61019866113479 5.5381240890283 12.2675330211869
7834.31 51.2998236577869 23.0104826893517 13.8332693329176
8005.06 9.8435242402708 3.85996140012786 12.3113970487821
8063.88 8.67086285549596 3.82006368930517 11.5668106464827
8078 9.52055336914072 4.35637016864073 13.6601104228994
8287.49 6.78237881979855 5.13548096346999 12.1437684617158
8783.48 6.04367573260133 4.43999385481621 14.5722197729865
8813.19 16.3634326583109 11.4736014367328 18.4685138781188
8904.32 5.23668514972825 3.21345303364837 14.2477302503539
9026.27 7.21379477958574 4.20551073497603 13.0525394843207
9099.48 5.84287543355072 3.48246973769152 16.0917476152208
9132.29 14.4777638916047 9.03625134263952 15.5650825132816
9459.88 25.6593580064292 13.5812920168606 16.4967488638176
9549.91 35.0584572416714 16.1801804630226 17.8686745053201
9896.39 9.13996319860011 6.09704790340977 16.6029336622178
10029.01 6.92696967002972 4.50896754432011 16.9895786852467
10092.71 11.7075213240672 7.90037484516126 14.8414548984201
10236.56 7.39792255852998 5.40691741512346 15.8315419385544
10406.2 4.50035053489888 3.97045206322248 13.8961768636109
10918.87 2.01220186088797 3.17689323838617 5.96150918687817
11103.36 4.26498075067032 7.23823871934809 18.1902773905767
11124.43 2.16192139277409 3.59590581279336 2.97231570222903
11331.32 2.20936024042657 3.62484479267896 6.42932433632268
11456.47 2.40306201614423 4.05212434612012 11.7330832574917
11532.21 1.76789313015692 3.17304145187115 2.79391299386589
11697.36 1.32345283080613 3.16523549652152 4.55142109299413
11782.96 0.968666640773713 3.02960907152653 1.92634421725779
11928.54 1.70300546195557 8.41583537935202 8.54051928727677
11936.96 1.33547068251609 6.75404475347803 3.80482572562869
11944.02 0.742279935958276 3.79941816690872 2.47962202591043
