4025.42 15.0982247719352 3.17784557069668 6.73032172917465
4148.48 49.1459795029783 11.1921282156671 8.83166358713424
4195.18 35.6379066133308 8.45772032140145 8.97477274540233
4294.46 23.7831624959486 4.58420100535836 9.16747189175385
4457.27 35.9725786202402 6.76750899685777 6.43735435334565
4623.92 39.9139909604763 5.32195483289654 7.39315349648587
4672.41 65.3478092560713 9.15737235188485 9.03692377570405
4846.49 17.3584012806884 4.03019031149761 7.46170660738153
4894.48 19.5109601930243 4.17346173507753 8.70881332664067
4915.22 19.1590456647519 3.95536508254761 7.70219237405126
4946.49 75.1228707019165 16.284341514816 9.27397153024594
5022.87 19.1986952873799 4.48509278078772 9.11129254899242
5108.83 17.1162440445636 4.11442390482314 9.45550607832502
5171.51 33.0860502241338 7.40298907360282 8.89334812880588
5250.97 44.3706340638276 9.25567986890606 9.80268999295185
5378.82 42.9027895861798 11.7150558314804 9.40783884403027
5467.42 12.9236524892124 4.42640895513841 7.52818962205129
5579.93 8.14962943627666 3.02884341015043 5.17299381200974
5813.37 13.8793313436736 5.82339647903493 11.0595524214041
6001.27 48.5067170689745 12.3162932258301 10.2411370278005
6113.66 53.824690364675 8.11107836623533 10.5938869235924
6131.74 48.4340572714514 6.97399295719819 12.0574333849872
6314.01 37.3620274974305 5.42157095297713 12.3079890717145
6332.65 48.2608004655123 7.29602689043273 12.2920095021791
6442.22 21.2447003959025 4.77832997609134 13.7337936556223
6507.37 16.0624783561075 4.64017067190294 9.62115161869224
6742.37 33.9722786171943 5.93445447233498 13.0118547231868
6786.43 100 17.4243419427207 12.5004809959555
7110.95 19.4676390091668 4.56719544119498 11.6435162170683
7190.95 49.2797185667967 10.0880421146918 28.4439260547524
7475.51 17.3755418071933 8.00817138561271 13.1666783444653
7836.09 64.6309304127244 21.7512349920712 14.3795834105667
8006.2 15.8821707915616 4.31876514667459 16.4704820372972
8064.04 11.4741733967455 3.41512825320306 27.8777069640219
8282.51 10.0382474746152 5.27106611936887 15.0547428072059
8782.96 8.96599748352143 5.15277887726299 16.835835091746
8814.73 20.5546537879363 10.3515776478895 19.5599272660656
8898.83 10.7370676791671 4.14647057730719 17.4804173420544
9027.82 16.6195342103858 5.41391874739397 15.4192798929162
9100.87 13.2797516022476 4.39735918408776 13.0663321743632
9133.5 31.9762430968685 11.0143708642709 17.2504757234656
9457.59 37.2870979124955 12.3099720057227 18.9950336944457
9549.55 57.3544255716171 14.9739439032065 18.7887341833612
9894.23 14.6535080770143 5.63181972566668 18.4589661986065
10028.83 12.0805232937032 5.02648312686126 16.8343172932873
10097.8 7.95850887661744 3.36136041443941 18.5728035402335
10240.4 9.98841369324568 4.72524322296661 22.1964863098256
10406.57 7.67696772189873 4.47613978668698 15.2372696202274
10446.4 5.20249125180504 3.1594333593773 23.5068595908633
10920.38 4.48220305117027 5.9388533786668 10.6125752865901
10935.45 2.36002724542252 3.03652434135349 3.60016045594421
11105.44 6.39546347298651 8.81461883918441 20.1094413760566
11129.17 2.45388479936675 3.29255289144982 2.42279771346693
11333.81 2.41385256154367 3.10217428805524 17.6363710100268
11456.86 3.75197506787085 4.89508256809591 12.438859561662
11698.52 2.39141932069519 4.60058564683235 3.98730235535004
11932.26 2.00740416099828 8.52511734133276 7.7387256837992
11940.88 1.47972875009466 6.46548538900251 2.33966032864919
11972.07 0.616172164636323 3.00933595948996 1.0027750363588
11985.03 0.688879270601186 3.55723955031468 0.776927549663014
