4150.53 31.8629240729826 6.72705190351637 9.21355738035891
4196.64 38.1462855852429 8.36637800599335 8.58457892014576
4296.92 20.1324988823293 4.10740100937251 8.1153807902956
4340.08 21.3360193403893 4.25114536828149 5.84695457083581
4458.27 18.9178189636187 4.68252279293549 5.35195135263712
4625.95 22.7299517762851 4.52024945563949 6.71285697658732
4639.42 15.9516289169437 3.0964311354881 7.34431603919347
4673.3 34.0513201864004 6.80283001079159 10.953730172263
4848.95 32.7546146050416 6.96512224523818 6.7992442672612
4948.45 56.8692446222233 12.8529680158016 8.58865092469296
5251.77 34.680443469624 9.69831728075845 10.9005992901011
5380.46 29.0561591433358 9.7912687691229 9.00966465510282
5468.65 10.4846479349624 4.33489880372397 5.8305674854455
5651.21 7.9392300363492 3.66860283168194 4.91764143513956
5817.19 10.0081420170963 5.10575638488499 12.8069578047371
5891.98 8.04463086080801 4.07058691221982 6.33866202772788
6004.14 52.3975447881581 13.6178188636455 10.2450955613094
6115.83 69.8318433777933 10.93183135515 10.8318284074439
6133.76 38.1782500216346 5.78922051237504 12.6517824009152
6316.36 29.3265997702731 4.94799965178343 11.2461530111905
6336.33 59.116052316523 10.3079692122828 11.5675034851338
6444.59 21.1016070761531 5.01368459534364 16.0033450607789
6745.39 24.7086680743951 4.67237753763897 10.5602921104855
6790.22 100 18.9508142143635 12.0234190464234
6924.92 13.546816565549 3.32318658108356 9.77322559317145
7118.08 10.4025346038495 4.20948926730573 11.3042455043033
7180.2 14.443148043541 5.90985737408634 10.5292163274808
7196.09 22.1843391665019 9.44750435719522 13.9568605431177
7477.73 6.40669566228921 4.74354912359326 11.8457097167311
7557.52 3.60687438266318 3.06094256637215 2.09342250815098
7572.98 3.81490265690004 3.32644105759086 1.36500958273882
7740.79 7.563997070659 4.171355804265 13.1338228663726
7838.85 73.2435348089006 25.3857695262434 13.9168270828695
7892.56 10.1756648168872 3.01042822628199 10.9241277309975
8083.09 10.2870125292679 3.86382534836476 24.51056454222
8289.82 5.8845642355104 4.03234295971184 4.37410481866027
8356.42 4.15727249596391 3.19843615056819 2.01456426410368
8790.3 7.03228579256731 4.6004453011589 14.8795147538294
8818.49 13.8349401529106 8.54807624324249 17.9776946484162
8906.9 13.661304177432 7.58074538875416 13.7869638295124
9108.16 6.78313787349667 4.10758231368963 13.672620896943
9137.5 11.1300232776272 7.10012653498151 14.2647656145855
9465.88 15.4320250746387 8.72632745895551 15.8526517392584
9557 18.283479350635 9.63209350242852 17.3270680646438
9863.63 7.2828386168519 3.07263330262078 18.2722813841574
9899.81 23.4870163005157 10.1635128385686 20.1314999203441
10245.89 6.08152725355847 3.90409396112576 15.4552229806322
10451.57 3.63123008137083 3.08228260024528 17.1312914642367
11114.36 3.6013166257854 5.88581925921435 17.1133964605961
11460.32 2.72347016479367 5.0410720338256 15.1819328907768
11714.46 1.1519491781676 3.2201964024681 0.993116756626478
11795.05 0.886151947965391 3.22529878391108 1.31844057427588
11843.44 0.77709620966178 3.28064896286448 0.750493131694384
11940.88 2.16336568255368 11.7135928949155 12.7748528510056
11952.65 0.958606781607617 5.33903987565247 1.87316765950345
11969.32 0.743334491751283 4.33841241752708 0.920232686043164
11976.59 0.716032969243055 4.27122097583438 1.19283391087811
