4150.29 81.6624922614515 15.6583147262266 7.84335690747866
4196.15 57.7442854565381 10.9384986239129 8.4645433899268
4294.22 32.0046167960339 4.54104268389329 8.29774996579363
4442.43 18.3539424038865 3.39473420691253 5.85365798055591
4457.4 34.4446413298284 6.80992563581389 6.15925731170228
4491.02 14.4396706815335 3.26258408399479 7.74014712965891
4624.68 41.5503104353179 6.44479714165385 6.66368085451359
4671.77 83.1498705008174 13.9681540130675 7.20393227076329
4846.74 25.6452812481812 6.44291590967653 6.2763091484785
4895.65 21.7957949618753 4.98832054974338 8.21652530093252
4916.53 23.5548552224676 5.20703313643553 6.01408451141651
4946.22 94.7815585467015 21.4643549430478 8.59018091054622
5021.15 18.663705789196 4.31518805698668 7.24170868386591
5110.3 17.3891988948321 4.14462621556761 13.0687784407437
5171.78 29.2263197834842 6.74501615256255 9.81061879210392
5251.64 50.7603460903637 11.2514638724971 9.00677960224039
5379.51 45.5285531473427 13.2538209587315 8.6062764061071
5468.1 13.6792395458417 5.02010028884198 6.95991717043307
5520.1 7.98737680475388 3.09899354659997 3.5236265062249
5646.48 9.21102925907904 4.15949342177945 7.78203199784366
5813.51 16.4536931475814 7.95077678454507 9.48058232222502
5890.42 7.42118896247022 3.40711697790639 7.21010195118015
6002.85 66.1664187199444 17.1273299151955 9.92633310810561
6114.82 72.7748761096575 11.0180627594387 9.90523891589055
6131.88 55.2401813466158 8.00458733016015 10.8437151778098
6243.2 26.8994363024738 3.55202502682706 10.4356770960003
6314.01 32.0129566986636 4.62070356379811 10.3411129274409
6336.33 48.2872468058932 7.2888549974153 12.1694347711282
6442.52 25.9634194806985 5.78173308916864 13.0038611857271
6507.82 12.4408325297712 3.68129787433755 9.03942270648804
6742.82 39.9295813651336 8.4605666789092 13.2822726547265
6786.73 100 20.8571189246356 11.208224040578
6922.16 11.5927348889993 3.05009881500973 8.76174248586358
7112.81 16.2934150304283 5.13990198551366 9.95577558231889
7192.35 34.9532489409275 10.9634681530226 12.9840005286542
7475.83 16.6047288822994 10.3615025353506 13.2710951868821
7574.73 4.40049776174468 3.32174564605468 1.85367651026445
7736.92 7.11091947452758 4.41434069962934 9.7686038342672
7836.74 56.0513990660813 23.148506683798 12.9146857638025
8006.69 16.3397177115156 5.34479403715058 13.2438876281622
8066.83 12.8380489768988 4.56082357407509 25.9110410267585
8286.83 8.70322051446156 5.2743323438862 11.9047608370729
8786.55 10.41415138017 6.76089325666983 13.7774592967962
8814.39 24.0293123789681 14.3789025505409 18.1912629044145
8900.72 14.209340177213 7.09052580171847 15.6747928305049
9028.17 9.0109188375241 4.18400290430509 11.3753346636931
9102.78 14.0617799297927 6.97816883749771 13.3670525704547
9134.02 27.2154597635741 14.0034786908016 13.6871920032354
9459.53 35.3352257433428 15.1832698257782 15.0652521439351
9551.32 67.2040092000468 24.1598325804058 14.4897029619751
9858.78 7.87653209918839 3.62309438220652 13.7153657619074
9895.49 18.0624150780605 8.60820162334185 17.0646509344042
10029.91 13.5729357992852 6.8998787493016 15.5333875077577
10239.31 10.2852113598259 6.21699176839092 17.8438906923329
10409.51 7.82522748842651 5.65219731640306 14.2789306524901
10448.62 5.7193361650792 4.29243515181414 15.9167586057192
10919.62 3.28903187996952 4.60783245051457 13.8153856449535
11110.19 5.59856777490302 8.34203082736799 17.2802310893876
11324.43 2.39094264738579 3.62495594893189 9.40002966320935
11458.21 4.04318705648323 6.57015628653222 18.9654766437307
11695.81 1.43372732572115 3.37499538726221 2.35925037020752
11702.02 1.40459999154902 3.36121881350737 3.29479627245928
11786.86 1.16945101115718 3.63204408946142 1.44840343775832
11889.38 0.812166856372374 3.30895780816637 1.20637072711725
11929.13 2.20017599610289 9.95559613608029 3.72139592019994
11943.63 1.71868404728663 8.06800229405526 3.26281863942131
11950.69 0.691159937787405 3.28818447680811 1.37850418940434
