4150.89 49.125662963038 8.487821275506 9.72616904965525
4197.85 38.7007187189243 7.19258127933347 9.26999836388768
4294.83 26.7924716872489 4.5084819571238 9.00357438874562
4403.39 19.108530926527 3.02058655138653 5.45204667589223
4458.52 37.6497254645775 6.65861828335276 7.11305294225895
4625.44 49.6798427053314 5.51686251572052 7.90524171779907
4671.9 77.5707563189201 9.04411663641166 9.51512575887136
4894.87 17.9026059117145 3.17900417878882 8.71549019638678
4916.4 20.2303383454214 3.59249996137452 7.06636185461593
4946.62 66.1683678996569 12.8707916952593 9.30325785771493
5023.66 18.9541159181755 4.17975209004475 9.91386756212705
5107.64 14.9821348383818 3.53098758841367 10.2157120930033
5171.11 18.5639188655288 4.17689785148828 8.28046914191236
5252.04 45.5947399695174 9.70495827943968 10.1103217415593
5379.23 42.9273548951766 11.3841119161859 10.7773283265424
5466.46 14.4506546775648 4.75364299695744 7.68800484914118
5601.43 8.55049379091638 3.20804358672066 4.47331345158182
5772.63 8.08542698805372 3.4138383065268 8.45931264933097
5814.08 15.2954889856687 6.62187561866354 9.50769983470127
6002.99 54.3202642215096 13.5441959050714 11.7090332601683
6115.11 63.4866216990693 9.20738583594351 11.5186641984355
6132.17 51.5756797753721 7.06281032711002 12.4996775385434
6314.3 43.1863015694697 5.35281916977852 12.2175592360081
6336.03 70.0333711148107 9.11981825948957 12.1410547933319
6443.41 26.1406714192228 5.14811595017706 16.6543857437946
6509.01 24.5950212448319 6.40810093181163 11.8002831006797
6743.88 29.5572828012493 5.47293754679406 13.9883583786395
6787.19 100 18.8079343714957 13.3871526643461
7111.26 17.5106492150134 3.56271949466096 9.01291682004285
7176.47 60.472051527224 10.3491750551179 28.0429614883969
7474.88 14.7629877343762 5.73721419988641 12.1397375574397
7561.82 6.72429089135778 3.01375064157526 2.35468581281839
7738.54 9.45140866798856 3.79468833288057 10.021415713215
7836.42 76.6627541803315 21.8254426951174 15.6344312160236
8006.37 16.9100131257713 4.01210993471828 12.0665171368364
8066.67 14.2666478306868 3.72776728673987 26.9047544218101
8285 11.1586233456942 5.06888921346964 9.59179832363589
8786.38 10.3687983445454 4.84624722251268 16.6125933868625
8815.07 23.778686506447 10.1128348737959 21.043389104927
8901.58 13.5993888801259 4.56676985855221 17.8567177755631
9026.27 18.4495846034495 5.3028071566168 13.6132879841298
9102.26 11.9151959750179 3.5443563489955 15.6822516564134
9133.33 35.3885762407738 11.2398534912143 17.1504055400092
9460.41 49.0819193460435 14.5597958617904 18.5808183662703
9550.79 70.2362087904242 16.2116695048979 19.0053021148342
9897.11 17.2677230114678 5.48899341168318 18.8772669977643
10030.1 12.9262306634759 4.48667548744438 18.2270541325724
10238.39 11.0808427796089 4.61815774850207 19.5793586457148
10405.28 6.95360287760144 3.56387637366722 13.987507823309
10448.62 6.55492465190674 3.57779015314194 17.225550505671
10586 4.57811504776436 3.11519275042717 12.0063270664978
10917.93 6.22408111585283 6.80038662337826 20.0489001057613
11106.96 6.61994936605785 7.99101366910814 20.5778416925768
11325.96 2.82297449156298 3.41678489410537 11.0461121335684
11460.9 3.52528502708974 4.36748735956804 16.9011458002915
11702.02 3.06748998247453 5.0674407177698 13.7105470059432
11929.91 2.85530402159285 8.61197841104281 3.8447021060947
11946.77 1.07799685975587 3.33228879107181 2.34124234049341
