4150.77 12.2051087271404 4.4579070596816 8.26366624082402
4198.09 58.064203431063 22.4038669273401 9.19831312464612
4404.76 7.24046767818924 4.70319808474772 5.54074523374311
4459.39 9.56347321816864 7.92822643699506 8.06517907494072
4493.03 3.23338501172042 3.15685256786323 1.42561231239597
4625.57 16.3869936972285 4.50966702290786 8.34711869358762
4678.4 20.8749073721479 5.05623221620983 12.8592194255098
4848.17 9.40593405368844 3.7000357437435 8.01309720450263
4895.91 6.85124411323514 3.08381463621946 10.9488679603928
4948.06 14.8860852303949 7.91287616762844 8.51538007173986
5023.4 7.67152738726178 5.12781504341546 10.0255522108828
5170.71 6.33476807411354 3.60434778575408 7.80770594342994
5252.72 30.7310368771463 13.6547811159731 10.1387798706182
5379.37 12.0972494409877 6.96849696652051 9.86099822139386
5468.52 4.65223195064937 3.49866854814426 2.01058066167207
5815.07 4.28928394083053 4.00164537069598 11.2839037547965
6003.56 32.8952162508543 16.9185391304893 11.4010140823839
6116.41 29.8541546482345 9.82840668310879 11.1329512501106
6259.7 30.3433831365586 7.13429749184961 12.8781102896728
6335.89 25.6949180124487 6.69442658395707 13.2271613504172
6442.67 15.3184648988098 6.13821010962926 12.7155860588446
6508.71 8.40106944801061 4.43386583735887 11.3384297354869
6787.8 35.0882483763095 8.08181297668974 23.3194790394491
7194.53 39.3385302982283 11.4106726004056 29.3477011333616
7740.31 17.5795009708764 5.62868996482957 14.9058992465325
7837.55 100 25.897233178903 15.7407951566965
8081.28 8.69228439359388 4.09995789564917 14.3984616548269
8306.78 5.24436537928571 5.46996140482265 12.632779901407
8790.3 4.67359982175296 4.36805917365028 17.9894785089491
8821.05 6.76882913320965 5.68167769720658 22.3945024634959
8906.04 4.97398689906079 3.29795212426134 17.7581252848977
9031.11 8.61189146495493 4.77384730329097 18.1245633241178
9136.45 14.7445940430098 8.62519768641559 20.2377352089643
9463.23 25.0718149584186 13.8170011759272 23.0444933971739
9554.87 13.2655454492265 5.55859486308144 28.5727593283518
9861.65 5.52258906637885 3.24187282431667 26.3189482617472
9897.65 13.7643493389262 8.23152591968245 21.4995089106469
10239.67 6.8222640965138 4.8531112136658 36.9345172750491
10518.69 4.37796410230684 4.89876593744152 26.1849245477715
10587.67 3.19274376296068 3.98986279137275 19.3763642477606
10932.25 2.83955099755186 6.13263361318616 25.0369507864398
11112.66 1.77777908002792 4.31057622687939 14.4828410262999
11333.81 1.63226201045082 4.1326923605366 21.3857526103639
11782.38 1.94315211675283 7.03187997142629 24.8578298250504
11819.62 0.812051154038337 3.02231969486533 2.58556401285387
11931.28 1.35948102590769 5.42015378860549 16.7673589486094
