4108.03 8.57408638932675 3.07254353997926 5.1069202517956
4148.12 14.5174436362981 5.19419905360577 5.54088605908873
4193.12 44.2282288627622 16.7623592934314 7.38771040321535
4449.16 5.05026869351129 3.21812122986817 1.48253727036627
4455.77 6.64672223324038 4.34011711432337 5.16105320591669
4673.17 19.9897907772012 5.68903956184826 8.18576560679776
4757.21 11.561277993544 3.35974123706967 6.02159474557084
4843.63 9.38133305667682 3.56489372800263 4.72680418792152
4944 15.0499873774545 6.20671227527613 7.21756209441264
5011.53 7.49414654993401 3.19286974668965 4.19740625145823
5019.57 7.83268282836085 3.38991882304971 2.0984796882949
5170.58 8.90344992047847 4.38837276173132 9.12606358007997
5249.89 19.7710851013446 9.19993942044209 9.14742128023045
5378.82 9.20735176005453 4.82645183059439 9.7168946642787
5463.99 5.33003440743794 3.34740413046479 2.54963643337305
5807.02 4.20102888677955 3.07118481803674 3.33128450005461
5812.53 5.78502834027841 4.23019079412041 4.75229331923947
6000.56 22.9709542617835 12.7752631022408 10.1116692039386
6111.64 22.3143770522797 8.52492344146425 8.67207876880821
6254.29 42.527043365973 11.1974137601895 8.49370483920393
6331.48 20.5776004144619 5.70479117186373 9.91306995502873
6435.56 9.67030165571496 3.93138292376697 8.7171488726035
6505.73 7.46358392947431 4.18482046500785 7.95982749955874
6784 24.4641388014729 5.59201890754665 21.0927924647858
7173.98 14.659887439157 5.86252276624454 8.57098430130191
7190.95 19.6726219937612 7.98286257397091 11.3064519741038
7229.3 8.09428202417581 3.38852514067433 8.89492034683371
7468.7 4.23622283857359 3.39575256573923 2.14808046538747
7492.17 4.66085016074681 4.04834898177724 9.09104513070179
7509.16 5.27102015582734 4.86760493337238 11.0618802443432
7703.62 7.91280632941633 3.26503812472366 9.19740365348116
7735.64 13.5227196682742 4.82004154789958 11.1352129928682
7832.86 100 28.5578288330757 10.4449445542896
7870.31 20.5709187873943 5.43483166265924 11.7867805295036
8078.49 9.22812481476393 4.2562671307807 8.47471757471158
8383.3 3.37422346466718 3.31142750430203 2.41852986385311
8780.4 3.03675945365867 3.2993202573206 4.1154065511455
8803.96 3.06755367416063 3.28356971482451 3.15300394399674
8811.99 4.27793360925144 4.57861644696971 12.5046900093166
8824.99 2.9180354618994 3.07939341646973 2.67057943993677
8903.12 3.83041755969088 3.85648616975478 13.0941626370222
9024.71 3.70252370787056 3.43956224081332 7.22496870382929
9130.55 9.06070251869552 8.34218387521794 10.3555011072094
9141.32 3.61053399915183 3.22173489598423 5.48971878399607
9171.06 4.06532429393688 3.68452934782629 13.3236882556484
9455.47 15.3908809726381 10.6891723774067 12.2837546773735
9491.14 5.01838526526369 3.11004978384307 11.8143888232353
9545.65 12.3813082584815 7.27052400347934 12.5305875372142
9854.28 5.61999140249526 3.48484184001937 10.4249014808083
9890.63 15.2614663338469 9.73756824244366 12.8019561972378
10219.01 6.86171483951568 5.66537275634036 12.9460743727232
10232.36 4.56593817218029 3.7753199184127 14.5254105862514
10509.8 2.93786245673396 3.06560935265366 7.03482948443525
10524.62 2.97176211271737 3.16023156758352 2.13957356741957
10575.79 2.74649639322672 3.0940705686673 6.21945043201595
10917.37 1.79433345117022 3.08468788678112 3.70915730547677
11105.25 1.66615176426486 3.19335747543025 1.83621628679066
11117.59 1.65825718527491 3.19638039937543 1.2574424886152
11663.78 1.30140936580387 3.28968468749982 1.89499342264207
11779.45 3.79073739489431 10.8750212955005 9.19776800006002
11797.38 1.3525404166602 3.96153879145817 1.83342082797571
11809.67 1.15706864333246 3.439041327785 2.57028565859582
11817.08 1.28761654282778 3.86153641650817 1.80921834693072
11834.07 1.24145725563177 3.78621152947178 1.34977116337541
11923.84 1.56053908826909 5.20271722099906 5.24282050738839
11930.69 0.957363063944246 3.21462573423056 3.41199297880485
