4030.54 5.32647750017575 3.51506782225391 6.26565040010519
4151.38 12.2243034691871 6.07061025222098 7.54172101096538
4197.12 55.8298882773786 29.1951260929022 7.28344895498412
4354.14 5.04933754959525 3.57300689586828 8.44568821001485
4405.25 6.39230101389949 5.13842283528887 5.22283084672017
4459.27 9.94535683593925 9.56803188114375 6.35455889771674
4626.71 14.8410234934593 7.88023187764754 6.52883140100766
4673.17 11.8872928311562 5.7471637745119 12.587511996252
4848.56 12.1599574407222 8.26382927125022 5.76360048412425
4897.21 6.04652449942649 4.35724631377628 6.95756177207204
4949.24 8.81521486025083 6.87306849184129 8.12089243628452
5023.79 6.22673708174973 5.54485462633141 9.30261356855226
5174.86 5.13024930992153 3.89842106803936 10.7621028221893
5253.25 30.8004030938904 19.439251854061 8.59312856471752
5381.82 10.5732766161583 9.06125808840691 8.56417947832051
5469.75 3.18484311554634 3.62484777644223 7.3779613800898
5584.78 2.73006113304113 3.77427156725393 6.66531743071664
5755.34 2.46212978870675 3.26394277040693 6.19172897488988
5770.52 3.09872068519143 4.05267419011453 10.077213068922
5816.06 5.00921882850857 6.24958388800904 8.86757003744333
6004.71 36.7057363844936 23.953919580639 9.17221737634918
6116.98 31.4131631309682 12.9217639463458 8.85739928749717
6196.87 10.3321857966953 3.34068581313426 7.17546566046622
6259.85 32.0575524839437 9.26045119183593 10.0466491168791
6336.91 25.9965585863007 8.47266341359131 10.1257020696194
6441.78 14.6316365107689 7.75009717585485 10.067978378419
6510.05 7.61059221792737 5.70289013019246 8.63398447762938
6789.31 28.1188144758502 7.84735648235273 15.3502680948077
7116.22 7.72086553578099 3.67164672254186 9.72022806827317
7195.77 34.6372837990811 13.4281212784345 13.2867932930212
7478.68 3.33731773976714 3.35918563664222 8.7464330958901
7499.47 2.79629647454603 3.10653240565945 7.69649258288337
7514.72 3.45338820140273 4.0232959887782 11.466712727396
7712.14 7.11882351103603 3.24434801193721 10.6238206402431
7742.88 15.9672837844315 6.37868734368383 12.2019540536121
7840.14 100 31.9528477320112 11.819681020379
8085.06 8.8229040887825 5.12639898189941 11.2424566439495
8292.98 3.32819791287581 4.15319188670876 18.1176188223235
8309.28 5.12303495132995 6.58264289978447 12.0619609226396
8789.79 3.58559046095904 4.93487606394511 14.6839962803933
8821.74 5.83106152435928 7.09092605500523 19.182317777846
8908.79 4.55832274072592 4.26090401342191 13.4457367716186
9032.49 8.91038379344909 6.88721868215587 12.9895190454718
9139.93 14.4692357108443 11.6919958426862 15.2809530535924
9465 24.4996710653093 17.753558767805 15.5120308365167
9556.29 13.9371457357198 7.61589388216512 20.1802645881398
9863.99 6.33819187763334 3.95341560446421 16.4450155786799
9901.98 16.0135736713933 10.1330096922903 15.9157828022835
10228.7 6.13234388254107 5.14522559192806 35.7935998059911
10520.54 2.86682490304453 3.84807869011878 15.949267481572
10592.13 2.35311085224837 3.72792622491736 24.4072711850313
10926.59 2.69988144268993 8.36695540160087 16.6196726078706
11112.85 1.55368646225525 5.54675294651765 16.4882820211915
11266.69 0.895158921631778 3.2895027914824 7.37314002357743
11337.64 1.36101362366228 5.11245753310533 13.2972115804751
11709.4 0.818504840184127 3.58635867933524 12.9169434453561
11789.98 2.13759680726305 9.83109474452625 19.1090054533797
11935.59 1.47971323537933 7.69020905827639 16.0032756059281
