4026.37 7.76513895453757 4.4698305696984 6.5636638652104
4150.05 11.3064944381103 5.07547779383759 7.43651226839393
4194.7 79.5464827150384 36.5551945508144 7.30605866299447
4278.78 6.80444667119028 3.36021622177791 3.80867083344492
4296.43 7.44141484926648 3.77317371987713 5.86586752381481
4338.23 7.40968572041646 4.08433265482841 5.44100066199735
4403.14 10.3247927275899 6.92751911865905 5.43292205836133
4457.9 17.2007289355075 14.2449480692598 5.62939758468019
4623.54 23.8895019830641 9.41754080424804 6.03336667773056
4673.04 11.312731971276 4.11952618767746 11.5222531364298
4845.84 10.1790249088342 5.41566444801614 5.86224234526162
4893.56 7.01874265730973 3.81324529653262 6.88566710850409
4945.96 12.8083282568222 7.48905414595381 8.2059606828534
5021.68 9.35201928014388 6.46037870201649 9.0537588777388
5126.8 4.69216437958215 3.46865847526987 6.53959490486704
5169.77 5.81202382070493 3.71193523045824 8.05715939047968
5250.56 43.5173343562308 21.7017502843324 7.83352879884296
5377.87 9.78141422917107 5.94786910185591 8.76589568390318
5466.05 5.57196878037596 4.77169487712669 6.21332111912034
5579.8 5.45431677547503 5.67635162337859 6.27555115007726
5769.4 4.60598174630699 4.18015036946516 8.85794986694418
5813.8 4.6249762592406 4.05773064395087 8.71285208160043
5960.07 5.76292975244087 3.04456520391856 7.16016234399285
6000.56 50.60493475251 22.4968845410361 8.50775168605378
6113.08 48.0007734567527 14.8186836295297 8.38852393597972
6192.51 15.3516375519982 4.2256345347779 6.8288741497654
6256.34 33.6245598079797 9.37659417083036 9.71249235998494
6333.09 39.9763354211039 13.1444194586089 9.18024944042645
6438.23 19.6031958986055 9.4798872431154 9.88750135324608
6506.18 7.64777700464265 4.67201110884492 9.73143850208089
6784.91 26.1876180166838 9.37427559454643 13.8393414636821
7111.72 14.345301751047 4.82653104209168 10.0363712811768
7152.53 12.8960216413051 3.56560784176937 11.9251630380722
7175.69 43.6980795248539 11.1739016802898 10.8316523729109
7191.1 63.4178905772785 16.4022800306916 10.7869992037095
7736.12 24.0281799858079 8.87254368753515 11.2575616720223
7834.8 100 30.7907002258291 10.7335268259394
7871.28 11.0461411355797 3.19241678920704 13.696988711702
8077.34 8.22293524173085 4.62507228904204 11.5945252682441
8286.17 6.82909644843729 7.80423471745148 11.8589286529186
8305.12 5.80734187056814 6.71594587607021 9.45130815377706
8324.26 3.57039586114656 4.11500624522607 12.1792627365485
8380.46 2.79207404807358 3.41967300881197 10.5416153731767
8782.62 6.45149224063248 6.55668075726769 12.2359405383668
8815.92 7.80321900386125 6.8911432448317 14.779634176788
8899.86 7.82317945237034 5.29579096510572 11.9764829561464
9025.06 14.520101000945 8.03575788331248 11.9733850815883
9132.81 24.3252736524266 14.5229212099137 13.0481847878491
9457.94 38.839592707162 22.4562465257253 13.8023589551613
9549.02 12.3266725913372 5.66092924171004 19.5525882151633
9855.36 5.97325118957507 3.55286009266807 14.1343275113304
9893.15 15.1871468898778 9.20828849985807 15.0452757561088
10093.8 6.149153292263 3.9592826263628 11.699088055635
10235.83 7.56655309098337 5.71739101798687 20.8652549834515
10447.14 3.80343316318442 3.83504761342991 13.3144316267208
10514.06 2.92431738756688 3.32196428309874 13.341165437123
10581.92 2.86842529407661 3.81070993461777 19.6730658094129
10920.38 4.00102397732558 9.55402267858721 16.676481491997
11104.69 2.86222869446013 7.54920529356797 16.0963102232836
11324.81 2.51403562444848 6.79809450308518 13.9344898100917
11696.78 1.31394778461504 4.53070887342854 15.8919162674956
11780.43 1.76130638106452 6.67205282580328 14.3919399036149
11805.58 0.802389356105788 3.13203131635373 1.51940900971385
11932.06 1.89612325949931 8.38518628063147 14.7824417927986
11940.49 0.837110021959524 3.73369684467043 2.46216591868324
