4027.56 5.73170237216667 3.74180983209451 7.25510042773476
4150.29 12.0471085714003 5.94930443112802 8.51681840940455
4195.42 51.293761305254 26.433014260161 7.62863149789519
4296.18 6.10361290162819 3.17728728304978 6.78896703612099
4351.67 13.8904580603451 6.94399718205034 7.32807308761039
4403.76 6.86154086865208 3.65482205983364 5.40060894938506
4458.27 12.8035633395547 7.74050540500665 6.82357564386712
4623.92 21.0752330293048 6.48799132743194 5.9293824327533
4676.11 18.3867851552005 5.17211074703492 13.8515903380376
4846.61 14.1882433881955 6.45277585638943 6.8580175983534
4894.35 6.45738209244958 3.44039561162128 7.31348035229621
4946.62 10.0350727714457 6.42730446783054 7.58110708187996
5021.28 9.61878698655118 7.33388369705124 8.11709960511052
5170.31 12.2814099813295 6.6609709531246 9.14874483116273
5251.5 45.3606525909762 19.9423780052642 9.28089107957385
5379.23 12.664151221231 8.40883897295478 9.20822010820848
5467.28 3.99151689361263 4.24942378077308 5.28159216490258
5547.7 2.34107840216636 3.11574192024047 4.62870310055223
5580.63 3.23882695474048 4.27282757826046 7.90901019425382
5752.81 3.93928675646302 4.08413837328623 8.43362551085647
5770.8 3.32515526749885 3.39426736145925 7.94949379685931
5814.5 6.18814608624622 6.115257896311 8.91280196366915
5890.13 3.44194425963148 3.15325306170314 6.37291674273911
6001.99 48.0194377943194 27.6905079496908 9.91543252343854
6114.53 37.8005377977584 13.7676446978934 9.87709881380579
6193.68 11.2884645506382 3.12428194903609 8.06205370763564
6257.22 38.6488837844997 9.26133240173775 10.8407056164451
6334.86 27.6938418089303 7.40619680872992 11.2869356215142
6440.74 19.3011115106418 8.38271596097003 11.5787435513676
6507.52 10.2028617519611 6.29495120209922 11.0544113352098
6743.43 13.4223160156939 6.98678190818687 13.8576634735828
6786.58 27.9330235071036 14.5602890042457 12.9613493117376
7113.74 8.18657867364313 3.49793533362926 10.7481797877081
7191.72 32.1546008292176 10.9490429533836 28.3025096345445
7474.88 7.17643478736172 4.968200028915 14.6662491518628
7511.54 4.29953746426889 3.38896013553184 14.3403485662075
7708.93 8.45680239431199 3.15519312475312 13.886493392989
7738.86 16.027267934263 5.29295081459168 13.9573228730897
7836.42 100 26.5213330031645 14.1177115637029
8080.79 8.41553091885467 3.48776616753481 13.6231073925983
8304.95 6.84429646904411 7.19688203986132 15.1305134842787
8428.96 2.5426952301307 3.29451813593186 18.2563523132685
8786.04 3.99025456742364 5.0653274450487 16.7435308832046
8819.17 6.65264084460289 7.25241505714885 22.8403784783004
8904.84 5.19834151006338 4.1464753554139 16.4116735898551
9028 7.91223101337769 4.83979291518798 16.3414357130514
9135.76 15.9611690778582 9.90170945017799 19.0184580875157
9460.06 26.6221487699225 15.5944317320619 19.6660684105609
9551.5 18.0502231066186 8.091688610762 25.361886257866
9858.24 6.44038708320441 3.17793756207529 23.4329980358434
9895.13 18.1013133904339 9.01143782649065 20.5285520849011
10239.49 8.4254997539316 5.29953513100384 38.8276642540131
10590.09 2.27713816033445 3.21890176584607 23.9047361996254
10921.88 3.27228728540525 10.8016326278805 22.1686868406759
11105.25 1.14642720058916 3.80340566386433 18.3964465525805
11259.05 1.23558221984865 3.81824426839396 11.7149228584803
11330.94 1.34743368233755 4.0712078355604 16.9817423650802
11787.25 2.62653901877792 6.50564462245414 27.1353573864199
11935.2 1.70893501190791 4.41460023193831 25.3744892226314
