4155.24 40.0379340980537 4.65526985164545 10.9653347300746
4216.43 55.5331492256242 6.60074520589223 10.9076172986015
4373.04 21.2252361965804 4.0814028660316 11.2226702878052
4496.41 13.4102321659002 3.39319538011829 9.41452145717631
4641.07 23.7182208201079 3.1413685446934 11.8943471606572
4682.1 34.3872960466204 4.97102136592902 15.8315532179649
4899.69 13.1671420803774 3.37246901033684 6.52576964164473
4953.04 15.5407957697668 4.00024079854217 8.82095101355935
5063.58 65.6835533917999 15.3793522687488 13.2225826221884
5259.18 26.7997538256391 5.00398043982033 11.1037331649513
5289.82 28.3446140619604 5.27392762499365 15.8906715808507
5388.5 36.6008893535041 7.70656237444581 12.0936325410457
5619.9 9.54460125721319 3.76530186262117 7.53689363865487
5821 9.2105039009474 3.88279770917893 10.6758682193058
5939.23 15.3843611033515 5.30691299398149 12.5499600115936
6010.59 21.7447417556668 5.34033381446509 13.2581455750624
6165.35 41.7543494570637 4.09530335850144 28.3694113226084
6280.17 40.8480608841339 3.76845139831947 13.0257219347122
6342.35 38.600937434121 4.37907304839402 16.063262077424
6454.07 15.2293485703869 3.03808416517124 13.4293780069293
6514.81 14.9937292512617 3.58063349858461 11.9283174773464
6576.55 14.0269009745352 3.34044927013402 15.8031491286547
6795.53 100 10.4067251905938 17.4298094522837
7201.23 32.1029652804562 3.09227239218644 31.1075643680033
7258.37 35.6706800487369 3.44420700476788 31.7912374432735
7605.86 60.9531424627876 12.9696952315615 29.759619978593
7844.68 15.1449190939839 3.16943238197278 35.0854061828168
8026.01 10.1343326135796 3.00475659111109 19.688556115173
8438.51 6.13493963931282 3.57683793475353 6.84236519390106
8823.96 14.4005415019956 6.25286062180015 23.6158906913624
9401.72 10.5102792054887 3.02387411338174 30.6244930675257
9565.51 23.8767818429435 7.34958843926021 27.6607934963704
10882.56 2.88252769347351 3.09181414735031 4.67141449301198
11125.19 2.98128513422667 3.33539016125128 5.50593647797177
11132.78 2.97054688203865 3.3226498255616 8.59308653096014
11886.44 1.36255792251222 3.40051810773793 1.35260482138256
