4157.17 42.4495777376472 6.92300373933826 9.52460483618961
4203.8 53.442095109277 7.80257406010785 10.4520381214479
4217.65 100 14.2575571755642 10.0991738751809
4375.27 29.609115644123 4.73327259648912 10.5997894656584
4640.95 28.7440159403262 3.72474007981238 11.690112096494
4684.66 31.4197987783096 4.49220764790948 14.6823324021698
4902.3 13.9549873183264 5.40829986066148 11.2195533250688
4953.82 33.9913590318964 13.1023687296506 10.9391129784062
5063.05 77.7837755548654 26.1327508524422 12.0851482270637
5259.59 31.92049203793 6.67993739042704 13.8650176113979
5289.96 35.8105350148305 7.29224760897837 16.2700813133506
5387.68 44.0436375832041 10.0497563405349 13.2734699087086
5623.79 9.48127858010816 4.84304883014098 14.5482917857116
5824.53 7.11371746236435 5.15125209994329 13.9168322949463
5939.38 14.7497682429854 6.88391813834665 11.7049360048732
6012.31 36.1465247955123 8.92075346908293 13.8264356025293
6124.36 30.4468146934529 3.27320540819462 12.8203113131622
6167.24 55.41196923477 5.02083214746026 28.182433075769
6282.8 36.4657863837629 3.4713132606293 14.3114722517003
6343.38 27.9082638030394 3.54601195920043 15.9348343406882
6454.52 10.6599888555222 3.07950611883972 13.7828366079711
6581.19 13.4479878613573 5.15586936005893 14.8902773743885
6797.35 77.8428483678976 11.4308191659273 17.591122017363
7200.29 18.0604545526577 3.0070025399114 30.2922744971784
7261.65 27.5974969469363 4.85415927165063 27.583710190248
7608.1 45.9165409241981 14.5270798287843 28.3799551690809
7750.46 14.6122615441494 3.09555445014659 19.3275946889253
7829.62 14.0213837697779 3.15753106942743 35.5454477764088
8437 3.02041274145718 3.35905235576698 10.3768313105702
8825.5 11.588095239074 5.61954585240446 25.2514881443039
9075.05 10.1497262708517 4.13275710045164 23.2418038386113
9405.59 12.7263431432985 4.21419448654069 31.2403324899569
9567.99 14.0666686379744 5.15142936390439 27.897402794868
9920.54 3.60555751011038 3.03810109568328 28.0862580911926
10046.96 4.54649913741742 3.36810537131976 20.0436795817859
10589.16 2.49380061810623 3.49273380461916 21.9089403098133
11140.57 2.16925865671589 4.15885607889882 31.5742686621343
11844.02 0.633616976148571 3.63428775030946 1.37060112671315
11864.74 0.725611808237517 4.43375404678743 2.407181485416
11875.1 0.91494029532534 5.78372221517706 2.34362013133796
11881.55 0.788591778554153 5.08456326787573 2.48926291198222
11888.6 0.682673311459539 4.50027778373774 0.915191354044509
11980.32 0.36843717403088 3.47922080811763 0.936343809695245
