4218.38 100 5.8034291305626 19.7900521754627
4685.81 37.7781051597586 3.97509419399384 14.0388506613936
4957.49 23.1016850184417 3.69495755675225 13.6826668164831
5067.55 72.6005261743805 9.3067891382804 28.1213736450391
5289.01 46.6651182729614 3.55862406163837 25.0513636683727
6802.21 85.1412833298744 5.33254809904329 35.7058786489997
7612.58 54.0841247213439 8.39531332563156 37.9581788490677
8429.47 8.02475040861101 3.19981638502179 3.95316699185059
8528.88 6.1884634356349 3.21468174786887 2.12926602316293
8832 23.0537521977844 5.11999575195561 32.2182413524388
9074.53 18.4656737757983 3.01270775737782 30.2307971034661
9916.39 7.1065906116498 3.18423949796974 4.48521528232232
10591.76 6.44300060393327 3.43364080288892 8.14200133896156
10602.91 5.97229618933317 3.20283412185984 7.96273175797978
11128.98 5.437667383594 3.54159619157978 3.24416177209969
11144.56 5.5389691579284 3.57093307655957 28.3090682895636
11712.32 4.0087388572729 3.62357667210449 6.1751197939775
