4155.36 45.8843729644718 8.17078532823013 10.0326950426188
4202.1 44.8844334325501 7.13439000960536 9.86019646837394
4216.92 100 15.5055769006855 9.92312335602219
4373.66 17.0483162890619 3.43528750086614 8.7058163851043
4498.17 9.25663094896397 3.05781450557161 9.50059024535585
4638.66 22.4056445877829 3.65405100974783 10.9812987743171
4680.06 26.5023927501734 4.65741738423896 13.3615568006308
4901.26 11.8021609261499 5.24101282543048 8.9771230531569
4952.25 24.6572982179231 10.3704737064854 10.6573919099856
5062.79 65.7194641736557 21.4730909279925 11.8375337335574
5258.24 38.099652315735 8.63390384858032 11.8126240774609
5289.55 41.2180603379813 9.16879968687582 15.4294982554575
5386.45 40.7073174881919 11.1639178484099 12.1001580087059
5621.29 6.96342294671066 4.00526157102422 20.5037632211088
5759.69 4.89543873636006 3.34779982513269 11.1672787987773
5821.42 9.37844608620873 6.68615799293215 11.0526439602927
5938.24 11.9230201094588 6.54118878391523 12.7965763296315
6009.87 27.0651943432777 8.03463379483263 12.403272451631
6165.64 48.0301038928453 4.2561479746764 27.3712355418656
6281.92 41.4710184719348 3.63282775511175 13.8025771809343
6342.94 29.3533517261872 3.31850781513942 14.2908090768206
6580.14 12.6236752781383 4.43816295824589 13.9954241181485
6795.53 82.6877751870518 10.4423765488104 15.6035297343424
7606.18 43.6936406280713 11.3970745037914 28.5634873243898
7826.54 16.5420384414397 4.10202373974893 32.4702044871028
8027.32 8.66733845410009 3.22619372416215 28.3109858617609
8435.16 3.28862493296278 3.49248696544277 17.9470999982022
8534.26 2.20288847680776 3.03162399797623 6.56031051596437
8826.52 15.3477081359876 6.21198799874009 24.9204337389274
9072.97 13.0406344029327 3.61817575191017 22.3693650286241
9403.3 13.2168740126608 3.00387452362436 32.1503112622959
9563.03 16.7022802301357 4.10870186729545 25.1154385447026
10045.87 4.74125153817224 3.12368175219771 20.9541279740533
10588.05 2.75327817972598 3.79956866912762 25.233451279315
11131.64 2.76402055014731 4.43053194801668 29.8403522942153
11706.1 1.64648185556602 3.71142294722449 5.25573422182788
11724.76 1.40888053122829 3.32087805071483 3.83970862511524
11885.86 0.837179300447659 3.10853357525748 2.72481847758172
