4154.52 47.8769391715632 6.07632500515518 10.4944310880901
4201.37 39.6735479974907 4.57791762371385 9.19714970733003
4216.43 78.0104883549434 8.87426209213427 10.3807583620583
4374.15 17.5278763896408 3.08427601385419 8.65826915345497
4499.79 10.3455424972058 3.17615487043348 6.32730874383833
4640.06 32.4694161138424 4.10958143226912 10.9648701259484
4681.08 38.0066609881013 4.93743789689999 12.1312283000043
4900.47 14.1629517996089 4.10387382530236 8.95885805633861
4953.56 28.9976869181393 8.02063520545793 10.8285723483368
5062.65 53.8492648328528 11.7313491647034 12.0843198299281
5259.05 33.4434391414381 5.10906307475321 12.391263788827
5287.93 32.9478326627006 5.08354045402715 17.1126011650158
5387 43.5846198630811 8.96723133227715 13.1415365865832
5622.4 8.57637088276575 3.80580336834038 11.0193490163883
5823.12 9.97779835933683 4.84557724656433 14.0169622797966
5936.81 13.2122092693763 5.62695744452546 10.6798476103768
6010.16 18.3969023594112 5.07964865285767 13.3262037284221
6281.19 39.1044284796926 3.23001465851118 13.7687100583171
6578.95 11.8517044708986 3.15069246363316 12.4188937682466
6795.38 100 8.88313715134652 17.3155464675701
7601.71 52.723625809087 10.7037512118824 30.513137720216
8827.21 17.5311978885858 5.85770115323772 27.0946021249893
9566.57 17.666073963316 3.19239215967308 30.7860304188416
10593.62 3.95188836386695 3.69696201354187 20.7041909093568
11704.74 2.28903894857193 3.15361181330096 18.6965951661241
