4155.84 40.3484568714026 6.15018425470634 10.4157774267705
4201.25 42.9019130753773 5.15392515114748 10.6712460915287
4217.65 100 11.3058032247611 11.072260597798
4375.14 16.8983672728082 3.10903090460769 8.19032943707407
4641.46 22.5366918986112 3.59027993879724 11.3444513070826
4682.49 23.9026457923791 3.77276068648195 14.5413253480592
4900.87 10.2225434625005 3.97645953148693 8.62675022619624
4952.38 18.4058302249879 6.18823581959718 11.2199540841457
5063.71 57.9025493595739 12.8414319201927 13.2923207037111
5258.24 37.1537862726263 5.4672357042618 13.3073607743509
5289.15 42.5446642375695 5.84646426179161 17.7949707782573
5387.54 32.1017827650907 5.27823760980113 14.1951125142295
5619.34 7.8740597048993 3.56670397087267 23.1809551070601
5821.99 8.57972184359019 5.38642420915926 14.6361482932953
5936.81 11.0550519932043 5.07057527390206 13.9380385346549
6011.88 21.3826785004624 5.31155578510428 13.8619675746731
6164.48 46.7111694522209 3.46530196939951 30.0385410325134
6578.5 10.6048002738119 3.12305266875483 15.4196654926627
6795.99 72.7922666976767 7.01565385702942 20.32456901145
7606.5 40.0179096928802 8.10134851179602 35.3169222956258
8826.52 15.9669669240446 5.89913300791134 30.4176406104325
9075.4 14.1626632910076 3.10486577016735 32.308234023516
10590.46 3.32541247504601 3.80129357000338 24.3196247685064
10607.55 2.73010738230116 3.05025476891718 9.01501668702986
11151.41 3.1109281854555 3.52503448703166 55.7363887527572
