4209.38 100 26.6347279403244 7.06923001186533
4348.09 10.2208328639115 3.31650715049143 4.76367308055615
4365.87 10.611789753595 3.66183548841869 7.81780780451481
4419.16 12.3967650892841 5.19096942794058 4.30771147881751
4532.56 24.4311928932199 11.6395210111548 7.61393500642771
4585.91 12.1507780104913 5.74218656905207 7.56482332681298
4858.3 5.65130912428984 3.41420397441738 3.02242818773902
5054.05 71.0259606611678 27.8539278582068 7.65105239640343
5073.91 8.51179921397913 3.22588933143823 8.60128724316201
5092.09 8.12299997788675 3.15572440541575 6.3561552586807
5249.21 10.4942964048784 4.02424868982088 6.55823061968931
5279.55 36.2048545987419 13.9225040870428 7.97033625576569
5377.19 15.2856967850876 7.15469494335873 7.30164987930129
5603.51 16.6705081018654 8.94644760490487 8.81949621005697
5697.99 5.65157900957881 3.27052345874896 4.95384445892705
5913.88 3.61732706772145 3.09408102282673 1.23966143625603
5924.27 6.45648500467711 5.38940597511968 6.05985711247376
6141.44 59.3155413827351 18.8123297348749 7.97283844661342
6156.07 40.5514747662728 12.2426478658003 9.30769534850606
6178.42 12.6113207027414 3.50629576776214 9.53761280753861
6271.39 29.9435330416798 10.3084473051563 8.69024996195822
6461.63 10.1694737236523 6.07071361576191 8.44190110659565
6477.06 11.8135771636393 7.00903680712676 10.8041112220844
6592.41 7.49380813022496 4.37027597264427 8.04180868572257
6721.37 12.9714837075019 8.74691684828585 6.83892519944675
6753.11 8.42835339069426 6.00772104572526 7.20245258044542
7014.73 8.96917084317941 3.62403946454253 7.76341176359347
7058.82 12.0481544570239 3.97632120669531 13.6353676788303
7146.16 30.0226127260214 9.87939542418697 8.63483143573649
7246.95 22.8994189440499 9.35785306973664 9.33661911686977
7267.75 15.1074676496343 6.58244896107176 9.05407894643577
7466.32 5.82606052460476 3.86578892352888 9.00713892737622
7595.64 34.9234538784242 19.534908070494 9.46700923503249
7622.33 6.83486239788226 3.56605373609929 15.9897106751978
7634.49 5.81220528951973 3.03065612989602 6.15780440421895
7813.76 15.1424216885599 10.7014202657041 9.53590832561531
7969.27 5.11679497432603 4.66308758691433 6.6925646423897
8017.66 6.8188468616921 6.4084286877651 10.4925717295437
8130.97 4.95015616566526 4.82287509823094 7.9568051992137
8186.08 4.28910594615922 4.23893295788649 7.02097030072218
8283.17 4.32942220253657 4.5766932136108 5.752817804816
8422.77 4.63365159499509 5.91018463486596 7.41302613426342
8516.59 2.3624185237146 3.56963843668362 3.02830140161132
8521.64 2.40020364289778 3.66222668302949 2.46301752602449
8601.92 2.12110461106823 3.82289471228479 3.7939227490042
8766.42 3.19042315250262 3.40980205701982 5.97129854306331
8811.48 10.4175994433463 9.01046156219032 12.2024292333172
8916.18 7.51597749883763 4.55846080490704 11.7496500622474
8955.04 7.61460869290794 4.22179263724576 11.8992388477454
9057.91 20.7299263701333 10.7117140431408 11.8851503671849
9384.13 24.7841676806599 11.8170040435753 15.5560114496384
10079.26 3.24180816334101 4.05581719184882 4.24883549538026
10151.12 3.96636532895694 4.80969939977743 7.43079872964154
10206.58 3.40948905936212 4.14903848802605 14.176847401026
10314.61 2.96510862495758 3.72394568621656 9.09781141559324
10572.08 2.88522526048887 4.10199898708178 13.5433968965845
10680.53 2.14541763035202 3.16508575497998 8.73445063462168
11132.21 1.98516020565086 3.61855255580832 5.74699655908262
11141.52 1.75115887234477 3.19052750633342 3.81484560405806
11153.12 1.78146210512734 3.25882318136225 12.1736322108754
11370.22 1.64861197894125 3.30542406276589 2.16030861823492
11426.86 1.44991561112186 3.01296618736989 1.58012390445947
11677.75 1.4547620730229 3.64325247936098 5.07312830991577
11683.77 1.52403657573718 3.84218078591227 4.5589636071436
11691.92 1.55072971511455 3.94425849977697 2.61160134313286
11813.38 1.0686774321361 3.12761819636307 1.67457754023781
11853.4 1.15667321252722 3.52017457983736 1.72300649407407
11862.2 1.14619639586531 3.51723039641569 1.33157458790083
11873.34 0.985020012860251 3.05453901004573 1.49629486660342
11990.72 0.880810147560983 3.07551735488079 1.11519993880393
