4012.94 4.9880106035519 3.29590336610506 6.04356034077864
4096.39 5.10194890087142 3.08002758404431 6.26896657565158
4210.6 77.5857679883905 43.3079063707446 7.05946132240661
4294.59 7.45715569860474 4.12544984614257 6.59881908385341
4367.48 13.5111152579558 6.68750670002722 6.16513429277984
4419.54 19.452021382439 9.3153890333245 5.34468900764386
4533.95 20.4482046185738 9.51650660542355 8.73262100265401
4586.54 22.7692596154784 9.35136721639252 8.2957169786896
4634.46 8.96750640674831 3.1303066662346 7.44920081212967
4676.23 15.0666711993852 5.40148458867844 8.50631593567869
4858.56 4.57658797013594 3.34961331083501 6.97768451993488
4979.15 5.27438758889321 3.04388509225956 2.79355895986737
5054.58 100 46.6072089132821 8.7064192770431
5193.87 9.05357133425537 4.92660121837228 6.89123377883971
5250.29 6.73368323926492 3.84843107821447 7.47882341782406
5281.45 17.4921230938959 9.93125642763969 8.37352730686143
5378.01 26.1148967054334 14.6425602533741 9.18775809357521
5604.9 8.94934147114641 6.99091949966808 7.87968134986932
5701.35 6.97659476282011 6.51274288976865 9.96329596443957
5855.8 3.88301574926104 4.83514851556416 5.9014664342767
5925.13 3.56034039677904 4.20774670910797 10.7978067960885
6087.82 13.2234629177426 4.58780604267743 8.27162339932511
6141.87 63.9761258665985 17.3144131895605 9.44577687215224
6272.56 43.1200984639812 11.8403067735591 10.1667464975708
6462.97 13.4780102641512 6.92612822260512 10.9700362599997
6477.5 10.1070247495328 5.24065162677788 12.0488682393516
6594.05 11.8177860386037 6.77134455589185 10.6341091619706
6723.78 17.3836051315167 11.1607158383471 10.8601742657575
6753.11 11.0703700044186 7.26174461901607 10.4656661811059
7146.62 58.7991807768299 15.9269582458559 11.656532697235
7248.52 33.6299222415528 9.15594026717517 11.3818345065056
7467.59 16.8196106839398 6.77163366587574 12.464649789812
7595.96 61.5462492020011 21.6420274064657 13.3274548648333
7813.92 22.9845063784862 10.1119463752372 12.2736675437482
8018.8 10.1235534604187 5.79119278403252 11.4418393422275
8135.25 6.75695497071705 4.59151437564093 13.3084160348253
8187.56 4.16665416034668 3.14833192824401 5.96761210118893
8420.26 8.49369176349994 9.49796119619207 12.1480899596372
8522.48 3.26668942421732 4.14279015221163 14.5269450105134
8738.82 2.3511287541984 3.39202870260997 2.94027159590769
8814.39 8.81498802611276 7.6448363442908 14.5421816210601
8955.56 11.5523028493332 5.46166930065328 13.6511959761683
9058.95 32.7397337727272 12.8990909299714 18.2507141979968
9384.83 42.5154390619408 17.6714964820616 21.6982413679107
9703.96 7.67444263323906 5.63872607400433 20.14028669652
10026.29 3.14525810321853 3.12070306991013 19.8035188928861
10085.98 5.25992197318418 5.43133801256472 17.1427989902095
10573.56 5.01959725491084 7.04002171203103 17.610221099716
10683.51 3.16255196887696 4.32026702090669 17.2028292858176
10885.38 2.15231394259639 3.39220273063043 19.0348276269106
11157.49 2.38560727349529 4.50839919022925 21.4878335978774
11472.83 1.68690698609371 3.69216287976399 12.0627483016306
11686.1 1.44635300106071 4.07189934486131 4.37600694687535
11860.24 1.96797667139926 7.46289848160683 16.3212271066732
