4024.95 3.65358986090833 4.36945155511184 4.87216286404737
4208.66 100 60.2094454649059 7.09061947611372
4295.2 8.35600409150117 4.40788513653014 7.31126907770886
4347.23 8.88341985142383 4.90410473507709 8.0206764893137
4365.99 12.0572901952294 6.86570600070158 6.61775555984696
4418.17 12.8476014225215 8.48117016867156 6.17779977524879
4532.19 16.4531076511455 12.4611329995568 8.31662946017786
4584.39 11.6924736705925 8.1976112996133 7.63788630255658
4631.54 7.87208009740457 5.17148420313757 7.69846344772486
4673.81 7.79049106213594 5.53257564461844 8.19511480188066
4715.36 4.35161840845005 3.31846675992781 6.99213049460195
4978.5 4.12789750993259 3.53060922648968 6.04802496680531
5005.73 4.40390246926286 3.44779487337717 8.1345142211967
5053.65 57.6332247649737 43.6542335718428 8.02027431203351
5192.13 5.37154493477478 4.08295304166144 6.38199941924813
5249.75 8.15295794587087 5.29948754817571 8.13043777486837
5279.96 33.4517461117389 20.400930698732 8.18689447336419
5376.78 8.65657570813616 5.95877278583614 10.0772759990696
5601.7 11.7535337245719 11.1419027462141 10.4186412170402
5699.81 3.34716859797637 4.09452147059989 10.7433381102455
5761.94 2.91749521000792 4.51913189881463 8.23374533554124
5855.94 1.53796155114788 3.38398839746673 3.44120372316684
5923.42 2.73861053227412 6.21472806104761 7.81507471949681
6021.2 3.03753663733319 3.08959706102614 5.45594591463396
6086.23 6.90868023479659 3.95430697261849 9.2397211297457
6139.99 48.9783386525346 20.8677037743266 9.06241134813627
6154.91 37.4646036837009 14.7826420956271 10.1444678757389
6270.37 27.7053845850973 11.6793623396256 9.71191384627127
6462.52 5.85825364397933 5.26766223716439 10.4931034474084
6477.5 7.90635747593189 7.22897483525116 10.4471584183111
6592.56 4.75301860659758 4.99979264062463 8.27390339845078
6722.12 8.80162129615507 12.2097753226945 10.9409784966874
6751.9 5.94613706179199 8.96921927123168 10.0097334317988
7059.6 10.6877451281182 5.51517147520939 13.1582771814137
7145.54 31.6499285465941 14.4908155351721 10.8494270595938
7246.33 17.1991058172755 9.01359165358937 10.494736374786
7265.25 12.4615243645625 6.86069102735616 11.5776033224602
7466.32 4.26175740685599 4.46353973957137 11.5495211209163
7594.68 23.4779779400345 22.7287324142345 11.9846520257033
7813.92 13.0618227778874 16.4966382588565 10.8004035003414
7968.95 2.84806178774316 4.52116251401014 8.98617433035452
8015.53 5.21463253015753 8.2034016771361 11.6483992562153
8134.26 2.91340680336889 4.41928257738709 9.99379783400309
8185.91 3.33596475067596 5.16379555152616 10.4663599981213
8282.34 3.79631139955413 6.65629943943161 12.1707151378214
8421.93 3.73077249699448 8.88144017958157 12.1854032750525
8490.02 1.18575797743077 3.31301216075772 5.74120010503248
8521.13 1.30772364029484 3.81058562807084 10.0207592525676
8601.92 1.89839246797945 6.22909851138944 11.6933039407159
8814.39 10.4607287534466 12.0047484413301 15.6553198899783
8914.63 7.38905158766938 5.82794812567085 13.207626686828
8954.53 8.3641426009693 6.01861465509662 12.6837976657007
9057.22 20.4761273378983 13.8622251731962 14.374659957155
9385.18 22.7340581915445 14.3252048086709 17.6163895290556
9475.24 5.89249502455475 3.66936072888091 26.0666408467223
9704.68 2.42798252165534 3.00237178085243 16.9685040701352
10027.74 1.47041246488643 3.29279817885552 19.6296902955237
10082.35 1.96042818754285 4.21269991955502 16.3281799730157
10210.06 3.47903624803542 7.33700491378987 16.2199893370525
10572.26 3.23625053488409 7.63511846245677 14.0441418112296
10681.09 2.02440767286881 4.70007828774042 14.161597836186
11134.49 1.43261263863948 4.51319676072431 42.0364723827952
11370.8 0.987348050412214 3.36168910084577 15.4476983356089
11686.87 1.39684624957806 7.38108026700008 15.9830554474447
11859.66 0.662272547643632 4.87221550066972 16.8851570849074
11951.86 0.392357983756696 3.25762903634274 2.38417104119981
11996.62 0.374258725417616 3.3142219883579 1.6026652776236
