4211.21 100 26.6917203283242 7.20404066221636
4366.74 17.630404567918 5.04553807934303 6.45143803658266
4421.15 21.0132257813454 7.00134784711878 6.1821909605178
4534.83 20.0483649563677 6.39732346636632 9.36839318009606
4586.8 23.0442041442997 7.02022354177849 8.19963331577674
4676.49 9.29454382717029 3.11427414714621 6.46421981155527
5056.17 82.8524779651398 26.5501096562798 8.26802352350933
5080.28 10.9274388882778 3.28481570146238 6.97136782615144
5095.14 11.3596796558331 3.42618659908908 8.33932175320206
5282.8 30.0614650400544 9.20873061892262 8.90561618297852
5379.1 16.3087232454711 5.8084418720338 8.74872156790752
5606.42 13.3560469596177 6.87871600166137 10.1567750901922
5702.19 5.44638862037492 3.04916808426551 7.8933069420209
5855.8 4.71997446143729 3.66350787194169 1.00702446687319
5924.84 4.65970588652928 4.15811024013276 1.37182835115709
5929.26 4.78114425180492 4.26506331491478 4.90286198765898
6090.27 13.1878691410642 3.93196015006494 7.38100842572112
6142.74 66.1549308199946 14.7449614973662 9.13959436527875
6158.25 43.3456098389141 8.78399397441097 12.1239736612006
6273.88 41.5196728116738 8.70666813706752 9.8679581189881
6465.04 10.6627454015408 3.88567428492216 10.3891400952052
6481.07 11.7545171959041 4.34863854755846 11.1182965992402
6593.9 7.56582860524116 3.21964992291081 11.1490742147662
6723.78 12.2701964133672 6.51147104838842 11.3025813921267
6755.38 11.1567246902373 6.13932838376883 9.14452288303528
6800.84 5.10677260132114 3.05244779612664 2.81825462619327
7147.71 61.3216664906032 12.7810941474283 11.2786291751354
7249.3 31.0671264199032 6.26458626710958 10.1167920553116
7267.75 19.5358160645895 3.95026597107417 13.6100517568411
7469.96 10.4214313483933 3.64106002121229 13.9735581569312
7597.72 47.0220290932702 15.2595889859964 13.688636989802
7816.18 19.2622246832366 8.14695101848262 12.2225042604396
7971.4 6.35119499325692 3.5038236196111 7.69943866241556
8018.15 10.3738660031729 6.09204830306875 9.47048777760756
8190.54 5.67436733617523 3.752243932388 10.6684796237832
8424.61 7.77975282341829 6.47502605137236 12.732233779223
8522.98 3.43662368727629 3.41909314708968 5.43534818894113
8608.18 2.66198980021901 3.46877564733663 2.37263847765098
8816.27 12.3813090547536 6.99230524230408 13.8682215049557
8957.45 15.0148229580901 4.58600850377111 12.3113175858671
9061.37 37.0009881270766 10.0458610388858 16.9577381709114
9388 43.5704132164238 10.6288644009188 20.6871177054163
9704.5 6.54264029584645 3.10521651386087 18.5854312527572
10085.98 4.00168105581987 3.59214860905043 15.5366726655011
10216.45 3.41203854536825 3.17535744102971 11.833344827799
10574.49 6.09719708339871 5.34083812157343 14.6511622756552
11137.72 2.77760661081802 3.41372620532124 6.26624527241438
11156.35 3.63956820744027 4.56751668400731 15.3939361793909
11677.17 1.82977475725568 3.19291812499945 3.29338756030302
11685.32 2.33819345787922 4.17523553571156 2.5935416713819
11697.17 1.76472447341484 3.20435913249783 1.64679524606618
11859.85 1.79429062179346 4.68217520119726 2.6437395033372
11866.11 1.67782258939834 4.42730344640789 2.92527887561846
