4026.14 5.46654791381178 4.20883074339922 6.30655521524022
4210.72 100 35.9804381300527 7.55456586265245
4294.71 13.2048144646225 4.12387474968673 7.13567036925906
4346.98 11.3834564843074 3.86724982709686 9.0119841654041
4367.85 13.6403168611255 4.84446023691176 6.76368111028023
4419.41 17.8743317560482 7.26431841311966 6.66810123941923
4533.7 19.9060620661124 8.20645537834139 7.12519282324592
4586.8 18.8989596969309 7.53611877464705 8.76296045420804
4634.46 8.57122513040717 3.51178347444157 11.034462961491
5007.18 7.14920736437784 3.48542802686683 7.49499005291182
5054.45 62.7332894319239 27.0911645864478 8.85298192953724
5251.37 9.04105179581004 3.4001286449542 7.40598773463262
5281.04 40.2229000629735 15.0034063575771 9.45416915744954
5377.33 10.6020539160404 5.02812118608594 9.84827084876633
5602.82 17.1790372309689 10.5263474834472 9.64950774760928
5700.93 4.63705336183576 3.2128093635821 7.07451941143154
5763.07 3.87195526707422 3.19724655141051 5.52983091659735
5926.55 4.27967664577045 4.97300701180945 9.0498372273114
6090.27 9.73469998702703 3.57690197751963 6.93726283894011
6142.16 57.3730738396775 16.7036779838175 9.67722861600851
6157.09 45.2178622845731 12.2566140138606 12.0928418136054
6272.12 34.7722961156022 9.99244559840112 10.848467232533
6465.19 8.69908248932971 5.14365452950443 10.5266980469232
6477.5 11.1099951264831 6.64935861229588 10.9071954976398
6596.6 6.23417934153774 4.26731163753211 9.5269962014072
6722.58 10.5025916580133 8.73695369774118 9.84093802073494
6753.56 7.78635498513975 6.75657321238267 10.6628001352747
7059.6 15.91388620042 6.14855247983378 11.2874768677038
7147.71 41.0015097928743 12.7490439061708 10.9643134767712
7248.36 23.4071588686547 7.52526755498531 10.7220615060678
7266.81 15.9012385697504 5.21273513415854 12.7022143934446
7466.48 6.40639990439819 3.63742636207828 11.4633466552395
7596.6 35.5552988112498 18.785360126944 12.298507023288
7814.4 17.3985010436141 11.2228476175605 11.0136684404979
7969.11 4.71775039935099 3.9848535642967 9.46225105257236
8017.66 7.03601846466101 6.17422240185728 10.4062395557512
8134.92 4.30713706347948 3.95964815588905 8.89340917212121
8187.73 5.17548718197681 4.9019255734455 8.86936232092103
8285.17 7.10801695512259 7.51836467164789 11.0245849311395
8421.76 5.50787853859255 7.43025601786647 11.7141993755176
8495.4 1.91165364820877 3.02010750003896 1.99262599706526
8512.21 2.0837504619047 3.40010730655161 1.63466216776578
8518.44 2.329552532849 3.84871498148395 4.50476146043729
8525.51 2.14653800205842 3.59558262994467 3.71385610319703
8600.74 2.87264498961117 5.66328150786492 10.9760628117947
8610.21 2.52521421942789 4.90651065552804 3.40682537589964
8814.04 15.939962087575 10.6004548316736 15.2012592011324
8916.86 11.6215435494476 5.05599901799328 14.7388194158848
8956.76 11.3335064138947 4.41617629971965 14.5463663165592
9059.29 30.862859854111 11.2808650637738 14.0824930052349
9385.36 37.4543031045762 11.7557972744405 17.6026552549429
9476.48 10.6983722775862 3.36963115735177 29.1208459387672
10027.92 2.14979702763715 3.05997714673513 4.98809990497648
10084.89 3.19917394077011 4.40489605192468 11.1204245230219
10211.7 5.57457170118155 7.323972974454 20.5235291561839
10574.12 4.59300939933479 6.18508017088757 14.6674473119183
10680.53 2.37663068647586 3.2103549909648 13.3135397420192
10733.91 2.36093198099855 3.30387532486412 10.5008145025113
11156.73 2.78640534231507 4.83896025608448 18.0134386679674
11367.73 1.98736756347626 3.50252211320974 4.52840474007462
11684.16 2.26635511909995 5.37176713236774 12.1250219334252
11864.15 1.46500007912579 4.72164075133418 5.77368203158221
11875.1 0.961416688940542 3.14354561181632 1.17041142343624
11953.43 1.01550817298261 3.72005874656515 1.3468709198205
