4211.21 100 32.232166735977 7.36003197322316
4249.81 11.6538928559722 3.4162608883586 6.11038964610543
4367.6 16.0243034953145 4.6817135921907 7.08345537098376
4419.91 21.7222759551198 6.65420433010281 6.67654418022266
4535.21 23.0340217257669 7.3107971299243 8.23875568091717
4586.8 23.4693180294221 7.47687987629343 8.3803577878798
4762.36 6.86388813115484 3.21805597328158 1.53772476626
4858.43 5.29306031299094 3.2114491285255 3.48822070645019
5055.64 90.5264552000531 29.2974294442185 8.81398675173295
5095.14 11.8815334013574 3.73382544468901 10.736548179173
5251.23 10.1463343272174 3.59922459891798 5.99547161340433
5281.18 34.4460312080296 12.242034757952 8.88947580861532
5378.82 20.1265874513381 8.00830676817953 8.57222803673903
5604.9 17.0866240098173 8.08752103411303 8.80842802805728
5700.65 7.5263244802113 4.06891077964498 8.06040892474812
5856.37 3.94456042786739 3.08977427679742 1.54873312356176
5930.54 4.87043916970496 4.16523980370358 4.47192476675718
6089.4 11.3543955940245 3.23742439442916 8.76345483125078
6143.03 65.9706153976641 14.7865009188836 9.83685072327262
6179.14 17.9599642369902 3.2933897248696 12.2632105647599
6273.88 46.4602197377915 9.83090396284819 11.0864478082522
6466.08 12.5637779063629 5.22468315640485 10.931113126423
6481.07 13.3491446681393 5.67786819738853 11.2396890504942
6594.8 9.86297865747282 4.87391400284987 10.5433441093328
6724.24 18.0404812787817 9.85063936494804 11.0912604701953
6754.62 12.0367751707138 6.65633825672564 13.5562460605361
7147.87 54.9775680683259 9.35630993016986 11.4340328311064
7249.3 32.9574380758324 6.11054428008457 11.2503646301475
7268.38 26.4729632041747 5.10664757855527 11.7250428986345
7470.92 10.0501888587007 3.36344572832264 12.3197609804174
7597.56 51.4889898830773 15.2326277726234 14.1633460246967
7816.51 19.838094872712 7.72901481970617 12.2613126567139
7971.07 7.59796167494177 3.72361903009947 9.98761387761442
8018.8 10.9241042068072 5.48572984243832 11.7060523583577
8136.08 6.02565377253789 3.13051203947403 9.58751658437814
8285.83 6.10026733308861 3.87607472483807 9.1944873402208
8424.44 7.28011042939112 6.26329632766338 13.789975069305
8519.79 2.96531006956581 3.11144627697062 4.23228891278632
8605.3 3.12770317635839 4.08379598256532 4.31078462239748
8816.27 12.381088628726 5.39832108237419 17.0999322507432
8957.62 12.2213390960701 3.11703245333204 14.3557735138402
9061.2 36.686800131796 8.94162820090859 21.5046008185236
9387.12 44.6755761818763 10.1531395653709 22.6208854634078
9702.53 6.69706953576729 3.14384885136227 16.1630130406666
10082.9 4.13596756116805 3.3259191852511 12.3153492780275
10153.67 5.10077655824711 3.75344438610778 11.091749764053
10211.7 4.87436246524887 3.54178808681041 17.6167991301882
10576.35 5.70701898954906 4.88098435068727 15.0329773654503
11155.78 3.23603597755705 3.89163894328969 25.9945541271154
11687.65 2.24999924701926 4.25778420077703 14.5924294489214
11862.2 1.56806723042197 4.5722776906664 6.96857398231441
