4030.42 10.1258519028467 4.59431860835503 6.49841833879327
4151.38 16.7347333603925 5.99086925821127 8.85738612415207
4212.67 100 30.0327009865954 7.77846518966544
4298.14 27.1361850987133 5.30649185521233 8.30871144744015
4370.2 31.6615136374028 4.8262609876303 7.30580072546582
4392.23 20.5644875987201 3.26566547607299 6.72613927571638
4422.89 47.0067881885635 8.14112219553329 7.21864489242307
4588.06 32.9040023202936 8.04974084544416 12.5158027674743
4635.86 26.3239329610107 4.82167558032994 8.37824553486007
4676.87 49.4628230184981 9.37603755270228 12.1124418146073
4721.38 23.4200129198825 4.68910686516963 7.65521493388133
4917.97 14.4620860686065 6.52008486551007 8.30587839632153
4982.18 20.8769497175197 7.47080330275289 7.58597439637197
5017.33 9.99108045445638 3.29649966423973 13.8002655023156
5057.75 64.272452352008 20.1969942073689 8.32618307399753
5253.39 29.2791835952783 8.47334848406234 9.11523177475101
5284.15 30.4308256878903 9.22342745244521 9.50114439526624
5547.56 6.58610731038945 3.29801036844485 7.73071372390768
5606.01 7.62975713050181 4.56454954645588 11.3047456806325
5758.57 3.58562015123889 3.13754009738755 6.09046586121713
5767.71 6.12940661846231 5.5452148654258 8.82358822806509
5815.91 6.58406089733642 6.76135730752798 9.17028835215388
5986.67 3.94831675706459 3.6394488585586 6.36929565634091
6091.86 13.2508847592448 3.8396886759392 8.91566981189953
6145.64 71.2923598180018 14.1296576270062 9.4845190314054
6220.45 46.3765655155402 7.65160554264395 10.1271525117445
6275.93 45.3438227154234 7.56213001485349 10.8916441741649
6316.95 19.4862817888336 3.664556657832 9.19122648956181
6353.38 36.9856402840411 8.40598439002742 9.70210566177684
6511.54 11.7948964917154 5.97213359252292 8.33602273988163
6618.17 6.16733693131071 3.50351706906535 9.10537369474332
6727.11 21.6410904569014 10.3179369770858 11.1561810689309
6746.6 18.7167491123143 8.59899511706261 23.9013460605775
6789.46 15.3784132186877 7.14374850838343 10.0071458673046
7151.44 76.8487758334598 8.53196988784729 11.8273914323972
7179.58 62.4349317921859 6.24766219707031 12.0161219297788
7253.05 28.4305398547733 3.14587863439831 11.2074344600887
7271.82 46.0568790222806 5.37345650032226 11.7734249563027
7601.55 54.5537096316121 23.3424832421191 11.9184730745092
7628.25 17.1735545299042 7.23400798702431 14.7382559995767
7728.87 21.4805632935064 9.67589749066431 12.8140537472391
7820.39 17.0861541355941 7.70372679037017 12.1528324522033
7974.99 12.8187672101473 4.41373293817001 11.6460470285774
8021.1 13.6583601339971 4.51962491991552 23.7133286625058
8138.38 13.3285064510682 4.48894281539522 12.6686808797967
8289.82 10.5636806948661 5.94176759821247 12.0660038296119
8426.45 7.20308480298608 9.20417364267841 12.5119606291537
8496.58 5.23485324035038 10.4270897298451 12.2753823019011
8526.35 2.50010093650864 5.17345927324902 4.69387509408261
8818.66 31.3591083127 10.2150185910412 15.8891115665556
8960.9 16.8556800318477 3.3290508740767 14.8902037540192
9004.17 18.1064355196594 3.28520980811664 13.9565170104997
9063.45 56.0274313786948 11.6305153873339 15.3894362228129
9387.64 41.413988430498 8.98355674404011 23.2134802579258
9554.52 39.9250642413183 9.5203683395865 15.809478361014
10032.63 9.63208011418412 6.98414528750339 19.544931151815
10158.96 8.24879476175287 4.5872577529417 18.2517511523365
10227.05 6.31131935546897 3.47743172941356 28.2072213008942
10413.2 5.78793349773781 3.69883536086081 22.708006826073
10576.72 4.10195281188156 3.67684854037809 12.5484288831212
10735.22 2.39312728097277 3.26591357521876 6.63920667737511
11139.81 2.90849657873398 4.24955132767306 30.2161555688599
11379.81 3.31073611317541 4.02535156760338 25.6454899210985
11689.79 2.43605363787547 4.66552731538894 16.2991815021687
11963.83 2.44861184787077 6.80035714404078 19.7280904219115
