4028.63 7.53636958277503 4.36029639740464 7.13572484145197
4152.46 12.6862571995557 5.97749558023515 8.7946590819065
4213.76 100 38.7819219689176 8.08799469817404
4298.02 18.5146791556121 5.3604324831822 7.44921491570221
4370.32 15.8003165043989 4.02468309211538 7.7673243257741
4423.51 26.6102758467571 8.29573076905055 7.10840141031076
4588.57 20.0947958161155 8.27539858826257 11.3896738222911
4635.1 12.5639657694827 3.93969639423817 10.0521250552792
4675.08 20.3771170322735 6.96846212517382 10.0717422882808
4918.49 7.2174134656838 5.76376175744656 8.01742927989744
4982.57 15.9590404444894 8.85279645636088 8.60524808066839
5016.67 7.16894782555899 3.66455727874565 13.2311534824967
5058.15 44.4311415992349 22.4193515962549 9.31781259018044
5254.06 20.3346671238019 8.85178041342539 9.94299122211669
5284.42 22.2360483962552 9.86580612010663 11.0211322880914
5547.56 4.49699634660626 3.3524633917499 9.84238222099066
5606.29 5.32449065910764 4.70109918244305 12.9522728845195
5707.78 2.6823273163935 3.04829756779801 4.06791514188262
5768.69 4.76207141395925 6.11052808957211 9.80512143650412
5816.48 4.46565005977485 6.22011507195024 10.1175347857225
5986.52 2.70872587408126 3.65100872539762 8.11242251048407
6093.01 8.79957387817308 3.48504647171483 8.66978129151903
6145.35 60.8940788630679 16.7434998356227 10.7693320694689
6222.06 30.800470630638 6.93932869278368 11.2948303677767
6276.95 32.3703208820343 7.38209054250034 11.7932446185569
6316.8 12.3381074002463 3.12303817802554 10.5164689607464
6354.56 23.0058485719202 7.11154298431265 10.9777251264813
6509.75 5.3700987996147 3.74434736747017 11.2436463408749
6728.47 12.3206867034756 7.42011464871869 16.0979513457169
6792.5 10.22918467923 6.62565689096652 12.3968500579504
7153.3 37.8663699359366 6.38875158059097 14.3484070160212
7180.05 32.9038493128948 5.04879217133173 14.5813191134857
7271.51 26.1574571803082 4.76209683543416 15.2191244732003
7602.51 29.1312331462799 21.3891328957518 14.4507485037475
7730 15.3984678279553 11.9771172374951 15.1353210076813
7821.04 14.5971310361786 11.2880097917679 14.0078548817155
7974.01 6.49132045716645 3.6593974804313 15.6122692150002
8022.24 8.04401604880775 4.24251214624206 16.4247068897594
8140.03 8.52638035888615 4.39692238455786 15.1650433938657
8290.32 7.44385874783389 6.55212457906462 15.4269981434354
8426.79 3.55138798158717 8.10760545354865 17.0726990207131
8499.27 3.22134808499993 12.128506781997 15.6176733684388
8523.32 0.891969804452339 3.24409470174983 11.8391417991461
8818.83 20.4358510127038 8.95012831297445 17.946545319428
9065.53 32.1060532390499 9.42367115204219 19.2970080420037
9389.23 28.5127856688861 6.95757995136901 25.3586670466448
9557.88 17.1517645287014 4.30074920912504 21.3680975871921
10034.99 4.88146303336438 5.12427251816803 23.5768177160371
10159.69 6.91935692017909 5.43570006508723 19.6210764896678
10224.68 4.71554018881748 3.63168339212468 30.4727984729216
10582.1 2.24363207678742 3.09231878929665 17.9780773985494
10738.02 1.53060820487934 3.47432728075286 17.6879450445485
11136.77 2.62422101727428 4.80140371762311 57.1983318410894
11376.74 2.20200144886663 3.73384533805785 25.0244605989192
11689.79 1.72874570090191 6.02040288365534 21.4939558219285
11872.36 0.70319898133182 3.53248044930199 2.59962437106515
11960.5 1.1161980153218 6.25024548054988 25.8657602669737
