4150.41 24.4339875952573 6.73162135614728 8.94570528198165
4212.42 89.9942398366499 24.9535044895253 8.58479244119371
4297.41 29.6312835172732 4.82842885936904 7.33501787094247
4370.2 49.8726134502662 5.1715845594308 8.25324620760875
4423.02 70.6031424257358 7.59135368603629 7.46583902783914
4589.2 44.65940180249 5.33306823337437 12.6452105916733
4635.73 41.6294970232608 3.56147768761053 8.09606470194103
4675.98 100 8.73150793404009 10.9063895300505
4721.51 50.3621423657901 4.65467481765334 10.2057052261489
4919.27 19.8935853188922 5.84460103686029 7.75462101383982
4981.78 26.2457896573487 6.98896560007144 9.04278180934216
5058.02 79.5179414532702 20.0962789840441 9.40618150384034
5173.38 16.0327362997893 3.26568679726902 9.43775306154021
5253.66 49.2181419999656 8.09579799429914 9.4818986017417
5283.88 30.0978271570921 4.82582621820133 11.3565900847934
5384.82 16.1592233276398 3.05946336488451 10.7463853101635
5428.1 16.2637072427183 3.39915304888935 8.67157986803431
5471.95 13.9200363800908 3.23689026762734 8.13282105760572
5604.62 10.0532068671157 3.54465295658937 11.8840601357115
5818.32 7.15010693323966 4.57292605281765 10.1468787668591
5905.91 4.75605885700439 3.75357246944237 4.16845014247156
6146.07 72.7639886986706 11.1935914124899 12.1561529174087
6221.47 61.7466720068757 7.53906367908691 11.1668428762268
6277.1 47.4827574267107 5.64230555441872 12.1852878770933
6317.68 26.1058367069158 3.45427242376614 11.4606101294667
6353.53 50.8986803058645 7.94175523780545 11.1594075541525
6510.49 17.0588624661396 5.75788305893676 9.95665262015245
6618.17 11.9577764945845 4.41843469301999 9.30193277261878
6728.62 31.2569781334417 10.3004745013728 12.5925570809322
6790.98 18.9079025800581 6.410332983227 12.436817569308
7152.22 94.9830308882363 7.05006076705908 13.9755833166655
7178.96 81.2160140713528 5.3462336473463 13.7521187298462
7272.45 49.2958611753012 3.70646294916242 15.2583180616593
7601.71 76.3008854530883 24.128864132231 13.9756586699868
7728.55 21.1613837748439 7.36136245101358 16.4983968501965
7819.09 11.2860891178365 3.88838916738154 13.1313604455927
7972.86 13.6979002486245 3.19487613337859 14.5669997343248
8021.42 17.2077817044782 3.8274210261168 26.9904073117914
8139.21 19.3528357744323 4.41589383197994 13.9544382295635
8428.8 7.9673465475681 6.9923090336839 14.255044937463
8499.27 7.07679933875186 9.09266213431521 14.2844081343846
8528.2 2.78217031710747 3.7428037701175 4.19440525566279
8819.34 29.1080929858889 8.62492816558242 17.4112546075412
9003.99 22.9813698975717 3.49681566886325 16.4072890735097
9064.49 72.7034431657965 12.0679801824506 18.4046757235119
9386.59 51.1321427370754 8.3475539208148 25.1149496177441
9556.64 53.2097028358726 10.065982774501 19.0954652444398
10035.71 13.0929550918283 8.54844184201432 19.1128564396604
10413.39 10.2623353224136 5.25555161147689 22.1177082199702
11381.73 3.70732829438223 3.76584483659622 19.3358369550278
11466.29 3.28071946431601 3.4980904059182 19.227065559624
11758.22 1.82098100165217 3.22478137550389 2.91130089633589
11962.65 2.78107514230811 6.52712433598239 25.7223085592505
