4030.18 8.0036319975034 6.59502672855622 6.45432553719775
4152.83 10.841696054857 5.54095658854851 7.88949949549715
4213.27 100 36.9490034248743 7.72778530423602
4299.25 16.5800627583625 4.0251286727088 7.37368049928409
4369.83 22.5639157481691 4.84801573148018 7.54178804433104
4423.14 30.3739423278774 8.31641168817228 6.47060655179484
4589.71 21.8976139582993 7.22879311368528 11.8403579251581
4636.5 19.1727177190477 4.53191911047555 8.97587113436202
4678.66 21.7717388977512 5.28009188845794 13.0373425562566
4722.54 12.8848764022561 3.41249184744423 9.11735478213996
4918.36 6.13529318235343 4.94557526483238 8.73255253870047
4982.04 15.5016175951453 8.35262253459507 8.11017168703074
5016.8 6.86875807090065 3.23183385908118 13.4518256693282
5057.62 57.534175614304 24.860283035059 8.8378684274503
5254.06 29.1103218307742 8.09118854463314 8.86861307537401
5284.42 33.0358400681162 9.43499696585048 9.64178019181145
5606.56 6.03481518522628 4.38536647387374 11.5589492341314
5705.68 3.22576051169946 3.36320637587588 10.243372369453
5768.98 4.24381511730559 5.13687213943006 8.00690276856494
5818.03 3.58307393949152 4.77309704985749 11.4243742271119
5859.49 2.12989938424735 3.21503548830637 4.82217355234752
5906.62 2.14262775703795 3.57460619689039 4.78711205084073
5986.09 2.96415264353743 3.80447778550544 6.37468793401331
6092.14 10.8029787801083 3.35758746564726 8.71041247680569
6145.78 74.6916349618799 15.6474342542415 10.4975344893219
6221.47 37.5538691985508 6.47836400150993 10.3328673625974
6277.24 38.2979622163345 6.77298652802937 11.4186698739377
6354.7 26.9486700344689 6.70795441663098 10.4145068409562
6511.24 5.6724415059697 3.40041544611558 9.40194559757219
6728.92 11.4015665840669 7.61038115130064 15.0139515326082
6791.44 7.00302160249567 4.87629759027746 10.4908210611584
7152.53 59.3088187648411 7.52608673344226 12.9379003404083
7179.89 42.3545941768636 4.78069880545369 13.0818592312207
7252.74 28.3480558791824 3.5372477069428 14.1002882222765
7271.82 34.8019784652148 4.51139424259967 13.7861940785269
7601.55 34.7639710013728 20.8981135701521 12.9526716215905
7729.36 15.7607567398955 9.57271890979166 14.3424802450763
7820.23 17.2972946930497 10.6978654532808 14.466574560076
7974.17 6.7308208866191 3.64682048365871 14.2969065201178
8022.57 8.75156479234526 4.64422717049715 15.5368633013513
8291.48 10.3741883883576 8.71654310748422 13.0463976688461
8428.29 4.6859856577386 7.55489822312599 14.698572782474
8498.43 3.68502855405989 8.08873325244165 12.1885614728071
8523.32 1.67346703045074 3.70005642480353 9.60779410177565
8819.51 22.8933491256954 7.75150371133785 18.2768521931557
9065.7 46.5626065822287 9.42491016735354 17.2816657353396
9388.52 37.8096365935885 7.44056763212364 24.8843512133681
9556.47 17.5311947423988 3.63759363626464 16.3490373778914
10036.26 5.37724784946306 4.46032653782928 17.9261515750895
10158.05 5.6971577927913 3.49237232238968 20.7811293572358
10225.77 6.52522659105307 4.01164688520619 30.0902589835241
10739.52 1.93230171542657 3.03450596204759 27.2797192044873
11154.07 2.96662266224794 3.86779778834637 57.4305011520864
11376.74 2.74307140504243 3.3719022051897 29.5709743722055
11693.48 1.82809678372505 4.46957197531739 22.5091556703628
11968.15 1.59219949570631 4.58957722331264 28.851323812587
