4028.63 8.19309228015937 4.67263348051717 7.54925699982641
4151.98 14.6129139916849 7.05567308633788 8.71342894381633
4212.67 100 37.0326778291582 8.14835931027665
4297.04 18.7059898442791 4.64617516988227 7.69435438997971
4370.2 23.6488272312648 4.88720900044961 8.42096161410973
4422.27 29.585728164154 7.19213934900602 7.44929099880028
4587.81 24.425744193654 6.70234397739908 12.3488759958891
4635.99 29.0577963552907 5.63227982346122 8.71040337938302
4677.38 43.4505308151432 8.32207706765039 10.7067857426173
4721.25 23.7122602353339 4.79211832677248 10.1864001065142
4917.7 7.17356620934613 5.10817774369155 7.66819095410938
4981.39 15.4049014447537 8.12421570629471 8.74710503509868
5016.93 6.94489391727337 3.33275801495842 12.6089764266608
5057.23 54.0331799319671 24.3315095324118 9.09063056963987
5253.66 23.1050262688174 8.47858966333989 9.62477319347818
5284.55 25.0893480409118 9.1793132880789 10.5210599650081
5384.14 7.22102704511471 3.02923746178785 8.92208013813161
5429.19 7.37682073535597 3.30518861996003 7.75006086548365
5601.57 6.06901588890758 4.28122916132725 12.0736016246392
5767.99 3.30954720685956 3.62112606129818 10.4983150675553
5815.91 4.68895018105756 5.71425454707846 8.94927353335424
5858.92 2.42406327070069 3.39706492705283 5.87750100611265
5904.06 2.44159654547159 3.9144716430668 6.88682200108906
5983.95 2.34110635229724 3.19944529580835 2.69442930463993
6092.87 10.4824198325993 4.07818511873325 9.61901790972206
6144.77 62.0681475556552 16.8398179554581 11.1588566865485
6220.75 32.5368135716025 7.36589425221122 11.2877589340906
6276.07 34.1141378349288 7.90822308047841 11.6196263106422
6354.26 22.8931198513463 7.16449031214726 10.9308487751869
6510.2 5.37497940941776 3.59524362022429 11.1793650628269
6619.52 4.79936138967798 3.10589523309018 8.58826573923307
6728.16 13.6038383061266 7.55729870020086 13.3197172187602
6746.45 11.1625480428002 6.06381756045185 26.169269020198
6790.22 8.52410639761293 4.88914933875834 12.6784869080748
7151.13 53.3904340295763 7.62330631769838 12.8159809923827
7178.96 36.53599105448 4.67899106867704 13.4682360547231
7251.49 24.4090936791107 3.55675445709501 14.3035958320579
7272.14 29.8636550021817 4.58306894364444 14.7264223432094
7480.27 6.26605153316989 3.34310467836382 19.5345367204354
7600.91 35.063818805752 21.6876545928029 13.1830114827517
7727.91 13.9623323528302 9.04781099304836 14.1387484107099
7817.8 15.5512435620584 10.0852891163259 14.1090228879921
7973.03 9.65987777240466 4.93825731146624 12.9007398307076
8024.37 7.97673579566407 3.85315206555676 24.0828018984357
8139.04 9.29616433667932 4.55243970834546 13.2602165334793
8287.66 8.0067921966308 6.36415709931743 15.02945187968
8428.8 3.81335517680935 6.6275838918787 16.1522716435957
8498.26 3.50365192369253 8.5107895984078 12.0701666416498
8524.16 1.30042176931466 3.19865302959895 3.39085086726845
8818.32 20.1512930633628 9.70509046938358 17.1308345316847
8960.21 11.7703634590323 3.18994947062047 15.3818422863678
9063.45 38.0827449448387 10.2762037373206 17.7743122071515
9385.89 32.324109822489 8.40427040829754 23.9443788506032
9555.76 18.5759552747028 5.21669592177183 17.5504189373896
10031 5.4133056113526 5.46583315711498 20.5365412457377
10159.69 5.04002795382744 3.6525031029054 19.9693467046163
10226.5 4.79687328220304 3.37483289440559 27.5217511230312
10321.41 4.60760994778303 3.15820833065971 20.0197375489352
10413.02 4.34701399024896 3.38821289875389 20.9650740305551
10826.78 2.04091249814185 4.43983142647253 15.1875581849545
11156.54 2.19604082727305 3.98406610253949 46.1505806145251
11378.28 2.16665989703511 3.53002845827999 26.4216561735411
11688.23 1.71493186067076 4.72699242143931 16.1047012672225
11959.91 2.13887006758837 6.51615728566257 22.2671533369958
