4029.23 8.24582226695293 3.70371945864843 5.06332965879938
4152.95 14.4780709290194 6.21044305862381 8.20577846237666
4213.64 100 35.3705518443487 7.26989809736006
4298.14 22.0465055538548 5.49755355873525 6.64835096247771
4370.32 22.5834371985627 4.90799326823666 6.77134421115261
4423.64 33.6303277853524 8.76501043003216 6.215458556062
4590.59 23.842111128886 7.0486932503795 12.8500236587279
4635.99 22.0287331408173 4.96572084001828 7.03889571605487
4680.06 33.9411929187584 7.73165861675628 13.0973754185043
4722.02 21.3963159943348 5.28161946078746 7.80775567664932
4765.32 9.80414540492291 3.02793956133149 8.60346157480672
4917.84 10.0200971120513 5.69199641367025 6.08087862251432
4982.31 21.3518036982894 9.53573499281038 7.36504010282897
5017.2 7.41431742033502 3.14524062080049 12.6190713859833
5058.15 52.5831596509587 21.992533492726 8.52539339583655
5255.41 23.8844808736426 7.82554095573859 9.52731726829461
5284.55 26.4515181583352 8.46071531035627 8.85381730156041
5603.79 7.07177726483204 3.79863634856063 8.43091142663161
5756.18 4.87732938815084 3.70646371625045 3.53439895429892
5769.54 5.4662970793639 4.26840191360248 7.41058596642324
5817.19 5.87701063627305 5.08486898025647 9.02104784028415
5987.09 3.96139155188251 3.77389515999165 5.04998640635858
6095.46 12.993787202217 4.66144972322349 7.45673041691316
6146.65 65.99662558279 17.4597749339137 9.67290170770229
6220.75 40.2596042743156 9.1347026786467 9.77506371729123
6277.83 36.2140457583869 8.3615684625648 9.95166127804532
6318.27 15.9715871308099 4.11100320232554 9.27436186180967
6354.7 30.3217844852871 9.17731726203651 9.20314907416832
6512.28 8.46864308204912 5.43393173253113 6.1396743262485
6621.02 6.36770035725153 3.99408436484883 5.63740227115159
6728.62 15.6818332968316 7.98555116480385 10.0175284038187
6746.6 12.7540868920861 6.28280248361238 21.5533111609802
6790.83 12.3394356826152 6.36583875841568 8.63931025945112
7152.22 55.1828119603868 9.50158198665019 11.0102021692028
7180.05 42.8456475369901 6.83274967471324 10.520984555852
7253.36 21.8240743850966 4.02408165651738 10.4016924983862
7273.08 29.7670708589984 5.8430252269828 10.2437623874721
7483.12 5.83218828485346 3.33321034499993 13.8463821428641
7602.03 37.2021711192878 21.9589771166775 10.4944319780416
7627.45 12.5406924311881 7.23519027916623 13.5687602818616
7729.36 18.4565779410028 11.3780063714086 11.1853261485112
7820.39 14.4863407119712 8.6764255521014 11.9257181976391
7975.15 13.1843929357622 5.66796603348595 10.0034976046591
8010.62 7.9813744973172 3.21346997932252 8.29187714934415
8022.9 8.62258402067421 3.42819850130476 12.6368000095244
8138.22 15.71781831214 6.19772707378426 11.039020072013
8290.82 8.86707389141695 5.31681192619618 10.8088369717734
8427.46 5.03521981361274 5.90127505879083 10.495656532783
8502.63 4.11835600467408 6.69599937225385 9.19992026134423
8530.22 2.21680333477036 3.69645625825576 3.17869479223191
8820.54 24.8332478592619 10.8528224603134 14.4145275704468
8964.86 11.8929123398181 3.1254022778482 13.1418046771923
9005.89 13.4642112761396 3.24929745342894 12.8564333862614
9065.7 44.0899711257297 11.8263662152934 13.9915055586571
9384.3 31.5429038171363 8.0825783971507 22.7861466032864
9557.53 30.2031872673053 8.37426795901506 13.0758928394989
10035.53 8.01837146254912 7.85249407717066 12.0292860379013
10160.78 8.97445135344588 6.39983601807396 15.6550280166211
10229.98 5.42603394638415 3.62017060612671 25.2084597206103
10322.51 6.14318226278742 3.90803879517633 17.5003829908619
10410.62 5.45365222017308 3.77447460453713 16.9061367912236
10824.34 2.23389431257512 3.42192059837614 15.6721252933821
11132.97 3.33088848298363 4.58278519541194 30.8791821042851
11267.45 2.77245973630143 3.44621277694616 12.8335111747019
11378.09 3.08802667420646 4.04314310288194 11.2023519817831
11694.83 2.66347290912646 5.44326284904999 11.8522063961045
11872.56 1.07900519629599 3.06592391369328 2.17052344291187
11966.97 1.96766070837446 6.39964196526757 11.4702439726607
11984.64 1.13271423903204 3.78362991753328 1.27017456687281
11991.12 0.932150399136805 3.14490027352821 1.46702522737905
