4196.27 28.515867843049 5.59760029057886 8.27184661599313
4212.06 100 19.6120998902507 7.69780318933408
4294.96 19.2858859552588 4.01260875968311 6.55019045283007
4351.17 16.5703432087881 3.62279075218812 7.89724035711333
4368.59 21.065936805597 4.83379856139264 8.79573371974129
4421.15 14.9966788400082 4.31000045168717 4.11267327451969
4491.15 10.5071089115417 4.31477766309252 4.04889247309802
4587.93 18.6079316631147 5.20511084447884 9.37801709479299
4634.46 26.0115305760704 6.09715591523213 9.60742045094412
4676.62 23.8033298496128 5.66623568486145 6.84485616643997
5056.43 76.4399259128682 20.5048360278405 9.21415742711633
5252.31 14.3128382919435 3.97017673268929 9.51795529543233
5283.2 43.8722180915074 12.2028406335896 9.72169931543795
5602.95 8.64778324547846 3.42045259299474 4.91325202729331
5768.98 7.25244643946349 3.51497728036292 1.24571864361405
5810.41 6.13598713998618 3.21355247594212 2.00554464634297
6001.42 16.6173636030208 4.94251638157308 8.4136102312732
6144.62 52.6684657149605 8.95100773652553 10.4491987346473
6158.97 57.4916493656017 9.6994162646802 11.3548197504879
6273.29 42.1782285827381 9.59003788618845 10.0246402633484
6335.3 15.1775188693987 4.09538213478186 9.27275223978813
6538.34 5.80780215872754 3.02845366389358 1.12638239030275
6571.92 6.29949225364932 3.3554227285153 4.60944156479582
6725.6 20.2172725735739 8.91340577840098 9.9340220807544
6793.26 8.12018513056259 3.55874153340415 1.78720313707072
7151.91 18.9284043754263 3.01453444108502 13.3612115789465
7176.78 33.6473004731087 4.91692467909797 12.9517514182962
7250.39 30.070022940142 4.80306580446831 12.4423707109445
7270.73 27.6383181706586 4.53394474819911 13.5490242442174
7599.95 51.5198371661974 23.1742078372924 12.9354690447735
7739.82 10.8472753522112 4.19569573385389 11.3728808860187
7817.8 25.5678737906001 10.6837956468876 11.4794007159517
7973.35 9.73413159619366 4.98423831594943 11.5344701107633
8021.91 8.15838505236749 4.36442493887302 8.69449205023466
8191.37 6.66185187359249 4.04039384174036 9.66271334036264
8287.66 7.00329484282709 4.64859565944419 11.0336952446796
8427.96 5.13158301778589 4.30151073751262 7.59342100932736
8433.15 4.03195133169032 3.38647307746478 5.68585490150508
8486.66 3.35051828378559 3.18542827298975 1.43983066610053
8570.51 2.71982551308639 3.04014820363497 2.2204853722651
8817.8 14.7378505832793 7.67172849239582 15.951581778776
8917.21 11.7707972547482 4.87343301522557 12.4633912210084
8960.55 12.9598675654542 5.20772879099373 14.943088818356
9060.68 12.6175365499736 5.21863946151695 14.8330768001415
9389.05 20.8293240527418 7.54377781787511 16.4171346177773
9483.19 11.5542690493563 4.26956553819034 34.2386320687528
10096.34 3.27056310112589 3.09221114681484 2.56822299587839
10215.72 4.63781952373095 4.18183262050841 15.1428482390729
10226.69 3.67814950178269 3.26958255101879 7.35781526851679
10239.12 3.45847142387096 3.05853665908176 16.3868199571953
10582.29 3.31882246365252 3.83303356808455 2.86657435536836
11109.24 2.85416715403719 3.84725698937816 3.59997116896193
11121.58 3.27972022466307 4.4052711705577 10.6253387908928
11142.09 2.34589759289637 3.10489092147634 1.57637226438783
11373.1 2.41355356098011 3.30867455600299 1.41606802792376
11686.87 1.61768807994574 3.21934622421107 3.42085721015246
11707.46 1.62953547681699 3.39919227382466 0.928649544946893
11800.5 1.24168085988645 3.27186299116293 1.0859044139961
11812.6 1.16737582131806 3.18407871172323 0.997017886169488
11884.68 1.68953426943877 5.3485263271309 1.7498274836471
11944.41 1.20803982917723 4.32537844303838 1.48279421667576
11956.57 1.31369434494664 4.83877897834407 1.28660386768024
