4146.67 10.6299615077101 3.14796343277459 6.49358888511324
4194.57 28.4435228097524 8.02232288097101 8.64446375937678
4210.36 100 28.1469759941379 8.39365419232763
4296.43 13.1804084128646 3.30595083591288 9.95199807441713
4347.35 16.36459885955 3.90861801817397 10.2302584084391
4367.48 19.9046760065832 4.90126592274638 9.44276788063416
4421.4 10.2537872010095 3.43116495796222 8.79982248630404
4487.39 7.92431725802159 4.18689184730214 8.39571634771983
4586.04 15.7345725662838 6.50876643798775 10.6600390759359
4633.32 18.1775125708927 6.47570415936349 12.0063160094278
4676.11 13.0130056018365 4.90759430156272 9.68630746721101
4717.15 7.48512491473123 3.04859407599996 7.68688239683161
5054.98 72.5513874565241 23.4405883518618 10.3618211723988
5252.45 14.186040817868 4.38064113180718 11.9874105691233
5281.72 43.5802604639729 13.5524716491416 11.1561890053099
5471.95 6.02760384226269 3.3614789395264 7.20461143829561
5600.04 5.76934277547281 3.90345136216786 11.1917817127978
5816.48 2.8276151890721 3.15569472211485 2.30120895849177
6000.27 15.8715124403762 5.3772122064024 10.9652776415633
6156.65 58.4192627977585 10.6628687792863 13.4270674955615
6274.76 37.6566824203303 10.3902071714797 12.7876029780464
6334.12 15.1640733798703 5.45410500006844 12.5559153900895
6569.98 5.17618281641519 4.34798463979794 5.57849642410383
6721.52 14.2721825904091 9.26345797086593 14.0771760623038
6757.04 5.99882163249843 3.68899495637233 11.4467844028231
6794.01 6.14235546137206 4.11590099382079 13.254870701513
7178.34 21.4577891156021 4.36854976227831 15.8222043931719
7248.2 27.8320529975167 6.36852572673917 15.0553768803693
7599.31 42.3962235837363 28.3440051264797 14.353792414634
7739.02 9.01354523747673 4.79110841081544 15.2499574175263
7816.51 23.5960092476649 14.2499260369802 14.7428457310998
7974.01 6.34668304250174 5.33796667253595 12.7839782496021
8019.3 5.85552407598315 5.16276365715307 15.0129531881466
8188.39 3.713567100844 3.80640291506053 12.5011367681409
8287.33 4.06868978425553 4.88628685786073 7.26113067158622
8424.61 2.60194229022202 4.49457883433748 9.85449006884119
8815.41 12.2003579659577 7.71628293808833 17.4811079343308
8917.03 9.31293953874931 4.45311918302217 19.4154067741056
8958.66 10.0899216095802 4.75563747141224 17.4402283804338
9060.33 9.46987627803476 5.04005722622204 16.1343764184785
9388.17 16.9554692898276 9.44006305408394 17.6325242816292
9478.07 9.5557815923836 5.32292244126893 33.3333349824261
10089.07 3.00815110152404 4.5873816135132 16.5320954969848
10212.8 5.21974417897278 7.51713454264024 16.2988518064158
10576.53 2.59434263238564 5.43516638031644 17.248888966109
11122.15 1.95788171067107 5.57146921111789 25.7936563510393
11372.91 1.23020102311248 3.42329502443658 5.63169041813308
11688.23 0.919242857167721 3.82199130725581 4.84660851707304
11703.77 0.704739769708661 3.01683153877631 2.39558449461947
11865.32 0.660565991601142 3.99221223588886 1.49924293741788
11874.32 0.51774104630988 3.16834636399532 1.63372043022173
11882.92 0.508208980682421 3.14956449906408 1.06271434662813
11950.69 0.625027510842034 4.30713185762311 1.72679370687183
11961.28 0.522948986716215 3.66687166643598 1.8587149127161
