4198.21 23.8969996079514 6.13483661744487 8.12856020401978
4212.42 100 25.3710957551186 8.10059240363898
4298.88 14.3007828143526 3.61848763627298 7.58465068986152
4349.82 14.8199448149392 3.98286715356222 8.56834422129032
4369.58 21.2351171020937 6.10692388683881 7.76266941793529
4423.27 13.877001332833 5.30997991977396 6.13872151882879
4492.65 6.78290794301729 3.96859949442699 5.44715996364084
4495.03 5.97985496130225 3.46901963324872 1.25875892828572
4589.83 21.9973587995198 8.86079462072313 6.30960330475955
4636.37 17.3250736973857 5.88694508050602 12.589736487811
4880.8 5.70896104426754 3.3371476458101 3.52006809005798
5057.75 68.464098082827 21.3469114843315 9.10486006114297
5255.14 10.9614172767725 3.08536948055183 9.38447826672927
5284.01 41.1804177617371 11.7867709691292 10.1208824412724
5478.54 6.1382072292599 3.27020581263745 7.46488978168327
5603.09 6.0365728331513 3.52666036967257 11.5366520706484
5859.49 3.13917918577663 3.30576139045054 1.76970873449773
6005.57 11.6728861925522 4.16776271235185 10.3349326005964
6144.77 54.451654155463 9.85054214526055 11.548771061869
6159.99 56.7605009473386 10.0785172411848 12.4259885369975
6276.07 38.7086119721381 9.42940490340009 11.5223371218872
6336.33 12.3089177469801 3.85833903214968 10.7604250700297
6726.35 15.9200124811332 9.15536184211953 11.3123081390568
6757.19 7.20849827807093 3.81341089984407 11.9851273004551
7151.59 18.3282933885192 3.49267139944373 11.9531785513636
7178.96 27.0376553133685 4.74280315467361 12.0268276179113
7252.11 26.4830933893813 5.2241255680571 12.4540611292714
7271.98 27.5412335130874 5.62806659113426 13.0879855325693
7600.11 38.218257930429 24.0550625525301 12.9772938735478
7741.43 8.05322110842629 4.16311930406624 11.95892623289
7818.61 23.2120167019614 12.7034103042894 13.557279103743
7977.11 7.65167460361571 4.95764242721548 12.9225036828175
8022.24 6.55162668823643 4.36410292650008 12.7863642515877
8192.69 4.06266010305216 3.09924719942105 10.2133324311235
8291.48 5.26193344290496 4.77282375375008 6.12684890791934
8423.94 3.99840801852935 5.27405937741846 7.6444463369171
8432.31 2.70979878727007 3.65907171001523 3.38151147425924
8818.49 13.1201312099934 8.53422718964183 15.1139106086193
8920.3 9.823729181461 4.93766468705606 15.7089592964003
8961.07 11.5029750733348 5.65594944397358 15.8613385393382
9063.97 12.2443356609989 6.41217948314598 15.456327475842
9183.07 6.14266433510265 3.50574253263481 12.3691678931755
9390.81 19.63830970266 8.61263041376113 16.202505837402
9482.13 10.0499686954458 4.46728304316249 35.2027207354913
10094.34 2.80833093721121 3.28708346228841 10.0088866255337
10215.35 5.08850738065626 5.68590736434146 17.6130922138982
10239.12 3.19365060578143 3.54429036499614 12.618281927269
10580.8 2.81974968444463 4.72934345506641 16.4678786003878
10824.9 1.62208265586754 3.34739437573639 1.81646624276436
11124.62 2.7273796139723 4.91637027036658 13.2702757021507
11138.67 2.20389979262663 3.940952697291 6.2625244494775
11371.56 1.66149717636042 3.15203856681603 9.10267138000017
11691.53 1.21507195994211 3.50170801603823 3.30688881505921
11699.3 1.04835297995471 3.05492222786639 4.0813133226311
11862.2 0.879054589551951 3.44315144986408 0.968039004070306
11869.04 0.873792648286423 3.45539982960123 1.1033294086119
11965.2 0.70613645206496 3.22546317945597 2.86693777477012
11974.23 0.692783618545713 3.21137551800275 1.42723180888061
