4149.81 11.0996372182365 3.02485267689907 6.93443565189045
4199.19 28.9438908308156 8.02995276845524 7.6493995927367
4214.85 100 28.4626992289125 7.5200410460584
4298.76 13.2953604287605 4.01975121987245 7.87685384739507
4351.92 17.9217092829059 5.28847505845318 7.73110873002497
4371.93 22.1191478970528 6.87963845407194 7.17589749016133
4424.01 11.1346288475632 4.42666638370163 6.62165002906113
4492.28 9.8593247849809 5.51175651904767 6.13731729239225
4591.1 24.0952354452465 10.0488975988333 5.04840488285572
4638.28 15.6621569133737 5.92084356066638 10.255683192484
4679.04 7.93634476978813 3.19230420221753 4.39392988346117
4885.09 6.00517802442158 3.37016065173552 2.78406462491239
5059.34 78.0731675823603 27.2579671506854 7.79745676242692
5255.81 14.0279145132919 5.84287067412512 8.83599012024933
5286.85 41.4065716781424 17.2598211214961 8.89992669868934
5481.15 5.41359654681373 3.50316273973423 9.2678652050954
5606.29 6.18043931916782 4.5913482728489 5.48003488548056
6007.29 16.4812473588866 6.71802680006603 8.29668396179386
6118.72 14.8355569917549 3.34373747501903 9.34065059170371
6148.25 52.4442696429501 11.8831841373559 9.52962677441155
6162.6 57.7500961318461 12.9878661628712 9.56068262454482
6278.12 37.6405417140202 12.2803533284217 9.49901359828527
6340 16.2360090945197 6.88991783557631 9.62622339273639
6570.28 5.21833314815635 5.81035533574674 7.38474173767281
6729.82 14.8347168340398 11.9356700648541 9.37345400808135
6762.19 5.16120604739644 3.86495622680352 11.0048883131067
6797.2 5.35201987065609 4.10434910205452 8.78720579679612
7182.54 21.5461637587682 6.7376611488985 10.0641962491391
7255.86 27.0648475893937 9.59646259346384 10.0728652072794
7274.33 17.118060720218 6.23245150836827 12.343771983501
7604.91 42.8110519245397 36.9439976229839 10.5589681437677
7744.17 9.80373735594225 7.37567903282755 11.1401790095269
7823.63 21.9007521178688 18.3565724046832 11.2430654132013
7978.42 6.34096113503221 6.90485965939237 9.44296835025671
8026.5 5.78784437857736 6.59551245188728 10.4097563490695
8195.83 3.25005708911954 4.32260153997367 7.29177414531205
8289.32 2.79814076245856 4.11252180805136 8.91891911107814
8432.31 3.08051405735761 5.8721023032681 4.15292350969321
8575.24 1.24770258069059 3.17403211508444 0.616710751324717
8821.91 9.37995750029516 7.73184037802841 13.3949020159962
8924.94 8.40096937482489 5.56476924757897 13.3541867303684
8966.06 8.45499590980067 5.50402702650666 12.9491744846982
9066.56 7.76085564951479 5.64361870118364 13.3845142644277
9394.68 17.0668181442202 14.163790273959 12.4703189049105
9485.66 6.89716666219187 6.03397603002298 33.8886413757373
10093.8 2.21717503198382 4.29887074626072 8.82357064638745
10219.01 3.62584950050339 6.7232358786665 13.9460606305856
10248.64 2.29135693792872 4.23193295117733 9.7469338829942
10581.92 1.7538781895476 4.75743370331289 10.1238818193124
11114.93 0.914510073415312 3.26523042080645 10.1078503888893
11128.41 1.34173500912211 4.80664699045321 14.5378704262712
11154.26 0.85482448033685 3.03751033509808 2.22468105996268
11699.69 0.673880654312968 3.65636160349892 2.45179335414832
11708.63 0.688542413053281 3.78330812486066 1.22263498418033
11729.43 0.532358271418674 3.00868317317171 1.73613111524719
11819.23 0.527542374994944 3.42716346442695 0.914166089569335
11872.17 0.75414959123561 5.12958066499664 1.37365960153329
11878.81 0.541523189344636 3.70386564821404 1.69517777226065
11967.75 0.526251992409145 3.90304990444774 2.1554277612122
11984.24 0.48542331659647 3.65738240330293 0.994465855572344
