4031.13 13.8491486120643 4.21085015493493 3.15260045873492
4150.77 11.4865787969333 3.1673668835387 3.18024501568016
4199.55 26.9255310815806 6.95788285063977 7.3043432479426
4215.22 100 25.5245588905966 7.13001514457756
4300.6 29.3555220336832 6.64116569654725 6.00802149575884
4351.92 23.1819422296309 4.9268345897655 6.95178172290343
4372.3 32.8278654644304 7.27719707866958 5.54880683657757
4424.88 18.2934975918993 4.98036502447043 6.73265188463938
4494.03 9.90101778033607 3.61828021746559 4.13525495833346
4592.24 29.1302901737568 8.46307166658599 6.34429690812885
4639.04 23.2568730456424 6.33994207485225 9.72605715135251
4682.36 10.8218704496873 3.23996391043739 7.36750954347553
4885.36 7.45876293303821 3.65259048591788 6.18215564719412
5013.24 17.407941624822 4.82542749140084 6.63137780389388
5060.14 89.8534643071841 23.3480398813282 7.32273888855161
5200.44 10.2848640782317 3.07998960849951 4.19665510801315
5255.41 16.004821407066 4.98609530191741 6.81677555289752
5287.66 45.2403520932113 14.605015690064 7.90310525132099
5472.91 8.16013580635225 3.6432458893566 4.81102218198794
5479.91 8.35003018976469 3.70279293997179 5.99190142707994
5600.32 7.27997796463807 3.17718232258875 2.89574411247759
5605.87 9.41225185666568 4.15961540455791 6.01167361940952
5769.4 4.86695394536072 3.18524534110262 3.71487009250905
6008.58 17.4515130136601 5.52668079052122 7.62426622864587
6119.3 19.7748238352311 3.51029463808377 8.8490416294544
6148.83 71.7869598206034 12.4669987320778 8.27929167818274
6163.61 66.7488440496608 11.3681266249664 9.45148127001721
6279.14 57.4457385239927 14.0355649149762 9.06586233846156
6338.82 16.2449812383995 5.18730189432268 9.14144171300723
6539.68 4.10921489644728 3.30214899526909 1.45181270645571
6546.54 4.02730905333778 3.31583219023457 3.45255884462404
6573.12 5.73237615950715 4.69192093312137 6.98917805574183
6729.22 17.2755785266953 10.316897124507 8.93616876714259
6764.16 9.07831616325017 5.11475256784341 6.18770739291995
6798.72 8.63196815271029 4.98260996730992 5.35707028779234
7067.16 11.2350103000278 3.31272600613087 7.86096216163151
7183.01 39.7308860101858 7.45275714269175 9.3261647465979
7256.96 39.2297351116292 8.18664528081125 8.76204789457188
7275.42 31.1000798639955 6.65130823701495 10.1379501861002
7605.06 73.8128951734771 42.7156841132757 9.73093677047109
7746.11 13.023343464831 6.24190410294845 8.7863771372522
7823.79 34.0685321123941 17.5714770934522 10.9393306333322
7978.91 8.3189820390706 5.14937478901908 7.27646815946991
8026.66 8.62029315873619 5.56452394050483 7.59402377815604
8197.65 5.57952210649682 4.25590310769104 9.97771014251521
8294.48 7.51758115917797 6.73973581574099 9.8010227662362
8431.48 4.75303192389808 6.12378805235736 3.13756153147915
8439.85 2.39062363658697 3.15225742265293 4.14927547750995
8472.39 2.36080109723314 3.53051776458159 1.07151883692313
8537.97 2.17672598326408 3.63931465066677 0.977056422132591
8823.96 18.2256151280229 9.12140260282304 13.8778795170529
8926.83 12.9507267568773 5.33818305202699 12.6711522573696
8966.06 14.5468312027123 5.98809970477911 11.8366983527394
9069.16 14.0439129928014 6.63314668133665 12.448473344306
9397.32 27.042652559339 13.9086132474796 11.5649384865119
9491.32 13.213567923194 7.16561137577408 31.121070644871
10222.3 6.31297681477226 8.15310515275416 13.2008126681121
10249.19 3.64273051699599 4.67797191737446 14.5161838712902
10350.06 2.40057432591202 3.18403023833219 7.03845965401888
10585.63 2.82539290770284 5.20376105783417 6.358149816273
10747.56 1.48217283048291 3.45662548960675 2.46904079317028
10934.13 1.08902586378283 3.00945497915186 1.89763260323525
11132.97 2.18263689473904 5.56833380420601 2.9972130701517
11143.04 1.70604378876106 4.32666748922811 4.71313205393926
11151.22 1.24634273691342 3.13727555367847 5.97869360241748
11161.1 1.19969659067439 3.00629992193989 1.51453111972114
11336.68 1.26381306982762 3.10706563585857 1.36673891699138
11383.27 1.84149552333222 4.7427651675184 3.89947713122092
11396.51 1.2584146400213 3.24291830000736 1.13539794993994
11700.08 1.28960974499213 4.75556120055925 2.31044803838631
11708.63 1.14562600743572 4.25479586939105 1.77286966275824
11874.12 0.892707783494355 3.74025157825227 0.716235830977894
11905.82 0.730509291809153 3.07867194875704 1.04333117828355
11967.17 1.00415712265595 4.28347821259817 1.766538668664
