4031.37 9.13802971493857 3.000798725719 6.30024410606848
4151.14 11.3372659962849 3.56247492345531 5.17243681019681
4198.58 24.7516602816705 7.56204028981222 7.83816779692006
4214.12 92.7074070692706 28.2678261033575 7.35223850135299
4298.76 21.7938756502309 5.41433206585558 5.56695385194234
4353.15 22.3013406928031 4.72201671460011 9.28893332738426
4370.94 43.5056363534049 9.47342369244527 7.79332927756786
4424.14 18.2974182092156 4.70562040869661 7.07133506673654
4493.91 9.7582810758941 3.529387474176 5.2472701462666
4590.59 27.3454611698189 9.62956010085904 6.28494743455849
4637.77 19.817704713472 6.86466138347605 9.73085727786838
4847.13 3.7008129084395 3.06314231249132 3.9605881495454
4883.79 7.1292330732815 4.51675706493224 5.12357116430849
5012.32 13.6524051524378 3.79445145654991 7.51449495650468
5059.87 100 24.787208810103 8.19898387566263
5255.81 18.6040306204236 4.62169062013668 9.07589418887437
5286.71 65.0245632992333 17.0380833916596 8.94082122669533
5480.6 6.05969831230558 3.01440305993 4.06279805010035
5586.59 5.32204905706195 3.11687236271037 2.36700632911561
5605.59 6.50234374102091 3.96172992387104 11.5391979289489
5770.38 4.64624260760314 4.14305624056632 4.34108332324104
5858.21 4.02027303713726 4.5547965673159 1.01053311243595
6007.86 20.9091511915212 6.70634739552149 8.1220276092663
6119.59 22.1149041773656 3.69989799767048 7.8044168710212
6148.1 67.9326233053944 11.064999969056 9.57091476960431
6162.31 73.8156893851981 11.7926774221256 10.1920529166737
6277.97 56.8485499997335 12.150102739535 9.31075799356313
6339.12 20.2303498173291 5.59474763545011 9.19880243079751
6543.71 4.12922380913105 4.13871008447631 2.56213874678269
6573.27 5.42899781511189 5.74534736027097 8.51096724365016
6729.52 17.3037592865172 12.6881473224015 9.92905710540981
6760.98 7.13903372039391 4.81817302706988 7.13675695648453
6796.75 6.92245385186329 4.82010635124545 8.58461792423532
7065.31 9.370062764796 3.07503986222894 10.7105014542785
7183.16 33.093790192667 6.58551319495642 10.1385146868315
7255.24 38.4522902012043 8.40101713212541 10.778789265255
7274.01 26.7681518890374 5.95395556942166 10.82990288786
7604.43 66.606700147656 40.8784177190854 10.1731466625397
7746.11 11.4374768635178 5.82846077771119 11.959547553658
7822.98 26.3242634618653 14.5239363028373 10.2553284498081
7976.46 10.4135142199833 7.57746283927877 9.56239792869746
8027.48 7.92794419501954 6.23721013845412 10.9768860176155
8195 5.00397528029733 4.95943072771061 9.15735996001786
8293.98 6.01550787118541 6.62552075400385 10.1884356514638
8433.15 3.33926274544911 4.9590228647048 9.57189672330423
8446.39 2.08344904069715 3.22553292089112 7.81507549754679
8598.54 1.12000940951462 3.06239545701631 1.52148529769147
8825.33 14.5273672943835 7.97360043276525 13.5871528424577
8926.49 10.8091983771618 4.60001642873447 15.0269501745261
8969.16 14.80682054734 6.18683750494158 19.5258806290167
9068.64 16.0695555229637 7.58825274172163 13.7304512434621
9396.62 26.6415865119446 13.9267424134745 12.8540261296112
9488.49 12.3372699319928 6.69704211587439 33.250207788873
10094.34 2.71666649794047 4.49021723271308 7.39389777451652
10220.84 5.85456736975926 8.22436232061794 11.5609914828492
10246.07 4.14319336584768 5.70306220409592 14.8849967036494
10585.63 2.36880488347352 4.94460321827134 8.22657453048123
10592.87 1.56723654287212 3.31311076965562 3.05869089892803
10744.38 1.29233787858696 3.9557420898941 2.59037194063239
11132.21 1.98458314095889 7.25303118370558 10.0742310581809
11384.22 1.12939822292403 3.58361817241192 1.94832118361228
11506.94 0.992060088365752 3.27775892415835 1.06072610625233
11531.63 0.912399656611375 3.08101664009248 3.13267692678346
11695.81 0.937384952162593 3.79827895636546 4.55908795824325
11703.77 0.879302333805161 3.60187684163808 1.15500003222769
11713.68 0.759554339984543 3.15312264745039 1.39812124258424
11875.49 0.708055895929106 3.61430790777241 1.59564750812206
11960.1 0.636552692871534 3.46980650111432 1.32153437488705
11966.38 0.662905221167527 3.63179986082918 2.13127161428383
11977.96 0.564632876136358 3.12246606933668 1.32430174327783
