4196.27 39.8152776671967 6.10738200234518 8.60684051091266
4211.82 55.5077043925915 8.70326284584395 9.23763277058424
4353.77 21.3470555626098 3.25958050729794 8.04616517923569
4369.33 31.8092038515564 4.99457937681116 8.12201763205485
4419.41 20.7294615773479 3.64764708103338 4.84139352607963
4458.02 25.3381953200104 5.27384681447422 5.66860832476596
4588.19 17.7266561186416 3.3640877251701 6.30669596091593
4624.56 30.7866640486401 5.11787746300976 6.47698653195494
4677.89 24.4370844605615 4.09035717534443 8.30277023684812
4846.23 13.4366249996098 3.28258138306393 5.05870743554442
4947.01 31.1810990955579 6.48876986496354 8.82522390048871
5056.7 100 17.0826606936047 9.26767188384565
5252.45 35.7879881013457 5.93120166809847 9.79234269034532
5282.39 42.6486612965852 7.18596014771413 9.69515306638459
5767.71 8.64597655001845 3.04256064026598 1.30982769383536
6002.71 46.3337509911426 6.94566295607808 9.91006728618777
6115.39 70.5401713142989 5.44719895754376 10.6040203604816
6144.04 95.6482973480687 7.09703425764854 12.5494888239873
6274.46 41.6997460181748 3.99151197228684 11.8265249569931
6334.56 54.6412359858549 6.89822842097469 10.5803971334963
6536.11 11.7398020295327 3.216561847779 5.99266086038006
6726.35 20.1936247109864 4.60862255703867 11.4974171797039
6779 16.5186192456387 3.75413731137515 22.9915913865825
7177.71 44.1501661874923 3.17147622347047 27.8653708049869
7251.64 49.9443731202579 4.10254525186151 14.021432240088
7599.31 68.4423022936836 22.1599943461648 13.0558882896676
7837.71 90.6893453426282 16.046646531979 14.2513156712448
8189.55 10.3408468853814 3.24649448301378 12.3320552340992
8287.99 9.70103821443848 3.68577823118974 12.0507740959511
8422.43 9.22649044205256 4.39962283395147 14.149801099913
8783.48 9.29546117765627 3.01714716161697 14.682986253727
8815.92 16.7839258889218 4.72293934793948 17.4926672742386
9062.24 22.6112979633905 4.05796406740198 18.5099166988693
9134.37 27.2575942328716 5.05982729634016 16.1723158491786
9387.29 28.9611409867998 5.07336819530586 18.7609126770785
9462.35 37.5091933417539 6.69688838687302 27.2358382737057
9896.39 14.2064132060479 6.20363770227002 16.7512066998679
10087.98 7.45194896635174 3.29857799126136 15.0452597666099
10241.32 9.93131492245699 4.70701255124936 18.4146603711943
10924.52 5.04199934873184 3.70859744560661 14.8284861389202
11112.09 7.13977355657163 5.47527112909407 19.0731812914437
11668.44 2.50790012632531 3.20101280128247 3.71606962754231
11699.69 2.6447260470112 3.7340668890948 9.48329115365777
11706.49 2.58499777871268 3.72811930192186 4.14362169209744
11796.61 2.01863161927207 4.08612038596371 2.33744372115871
11899.95 1.05912487993201 3.01543250059241 0.708253486800459
11919.72 1.73261051499156 5.33756595329528 1.40088606362224
11931.08 2.24914822617643 7.24576016263496 6.04188987895941
11938.34 1.81961452336578 6.01478187373691 5.84323523664898
11950.69 1.07396912542677 3.7054375233304 1.06318815087616
