4025.06 17.8550179518835 3.7684783657431 5.84945637056353
4068.96 15.7890589273494 3.319105295118 8.27107271339264
4194.82 62.421020378448 13.1954026020868 8.20852174641823
4210.48 82.2531096764438 17.4080764708353 8.17304240099384
4295.08 21.4656036768188 3.61131082904393 7.90480368102271
4348.83 29.7597878196168 4.05601135854294 10.3546745260273
4366.36 40.7742613999098 5.50789278188688 7.62751411886802
4456.77 24.6420024219891 4.92039024559603 6.21284185740387
4586.54 22.9826533384987 4.55296077958171 7.09555286597151
4623.03 35.1419434436661 5.941378306166 17.6435145244413
4675.21 31.6893453916603 5.35010056286865 7.68693982373952
4716.26 17.3366960956077 3.04997637899599 10.2922142725583
4846.23 23.9210744560876 6.53384112563154 6.97467150349257
4945.31 43.6535630518799 10.1765433868325 8.13312587403652
5020.76 20.2295978352122 3.68536499739916 7.41751756208487
5055.37 93.0895727479176 16.3753404030413 9.24078199478572
5250.97 42.0893726745282 8.25895419810439 9.7425893815971
5281.58 53.1408813693564 10.5339693869777 10.597582279278
5467.83 15.1718839156479 5.00921858266673 11.9740573857007
5597.96 9.64273581399451 3.41990404125124 13.1601217180332
5701.07 6.9723328539024 3.57922788363335 7.19472557961308
5808.15 4.23617624601541 3.86959630893683 3.02043020705878
5887.43 4.67092184623142 3.64369506489669 2.43405082424306
6001.27 55.9308713010049 7.85722345790655 10.3132165515126
6113.52 73.7113972256079 5.17767115028524 11.1650062758326
6141.44 100 6.93689656811482 14.1687207925124
6333.83 31.9785987297489 5.55795980879456 9.7869109279136
6440 16.9238198103257 6.01707125928915 10.49364162855
6534.76 10.0623446558919 4.6374963338782 10.5039662512563
6724.69 17.7866195749418 6.80129366172642 13.9401492085353
6779.15 10.8845747871797 4.19390295204131 24.7514202068187
7148.33 24.5166232442711 3.50019347980539 13.118104252173
7173.82 25.8505423107462 3.47935495669741 14.4989194052396
7247.74 33.3145631834326 5.45259008567766 12.8382976282373
7596.92 27.3616467208428 21.4077807880929 12.2930098448778
7737.57 9.52396955981468 5.16261801061764 12.6852876573112
7834.64 44.8424467954109 18.2765904760187 13.7504551957754
7971.4 8.02026779460731 3.03487855384503 10.8108754390432
8017.66 8.23664733720175 3.39827071816483 12.7787234596672
8186.74 8.91281684386518 5.15687096219646 13.489061615398
8283.84 10.9612576773984 7.57275448650289 13.2722880580841
8420.93 5.92028135950648 5.42821722099222 12.5188307881126
8781.6 11.2397136600155 4.39834134422918 16.0947626394955
8814.9 18.4813026131855 6.20375733573071 17.7989639640564
8912.57 13.2429476663286 3.4702186975864 26.9390708570354
9059.29 14.6904996740151 4.04413164100684 16.7661672706727
9131.76 20.8235917198424 6.59633449972282 14.8217378433928
9385.53 23.6944146435169 6.67945534410341 16.9979840041979
9459.88 31.1578432345161 8.79521320905527 32.2195013498658
9855.72 8.31289072100438 4.65836194165602 17.4058959951199
9893.15 17.788902196147 9.87030205892127 19.8584387265892
10089.26 7.28896378520225 3.82785143240478 18.1271291629673
10238.03 10.2103853697745 5.80362146096607 21.6549760510134
10917.18 4.11391498859798 5.8761816341929 15.731685346389
11106.96 5.42439956781685 7.41510055783109 29.150800822481
11154.26 2.41213763552383 3.20636244335838 12.7484407197753
11328.83 2.87565754821613 4.15002221573458 15.708645574523
11684.74 1.27955035911208 3.0804282472755 2.56302639504975
11927.36 1.80815724558797 5.9592548443756 7.08441812318233
