4197.61 24.2369544042871 5.17728084126026 10.2079106151068
4212.54 34.9411314664614 7.75496811415446 10.2783111972913
4350.43 11.4148601614899 3.09807122537727 7.93266213331663
4367.48 18.0656582200605 4.95701689950184 6.99683797071066
4458.02 12.6472669207903 3.96458776831884 4.92496300664425
4625.83 19.5802672237556 5.84005493054722 10.7105958651537
4847.52 8.32134141753789 3.56312467781885 4.68142223753239
4947.4 12.2003679659718 4.14843652647006 9.29147686076885
5058.02 100 22.3516408525978 10.7336007305903
5251.64 16.453593354278 3.56486433738642 10.7313524591709
5282.26 20.4447900076583 4.58364176248619 10.9837987709971
5734.41 5.87233915940354 3.0728017356224 1.48405352078771
5811.54 5.43882995336395 3.51046036280788 2.24012480856345
6002.99 30.0595721396428 6.31365935468183 11.4322991278987
6115.54 51.3896299348171 5.49846539216706 12.2145837423814
6142.89 72.4844775191661 7.48498185236925 32.6224926300702
6335.3 33.2885779390488 5.81619995107317 12.522732158659
6724.99 15.5942203655821 5.43125587764837 15.5031091583951
6792.04 9.01933929374585 3.34934360111993 15.9426572744169
7249.77 29.1939048858084 4.14884673622383 29.4002202820493
7599.79 35.1529252731838 18.3331196251592 17.1857475135284
7839.17 62.7160715103045 17.1866795898362 18.6411358543992
8286 4.80857500985454 3.08707528505522 10.9971634786907
8420.93 4.21167955749298 3.25811698411426 11.8049544198475
8816.95 6.10010467118519 3.55732558970705 16.0505326826315
9059.47 7.36176322491476 3.16377811696438 18.5426268414722
9132.46 12.3919644315008 5.54765285122954 17.7727554156481
9388.35 11.044155542203 3.83654446829401 18.5902694439646
9461.47 18.7390876334016 6.53597025451277 33.6717398375185
9895.31 7.73210909696133 5.33963843979934 21.4900017524724
10234.73 4.38872803682412 3.48010421501225 20.3242887213255
10574.68 2.96928192397884 3.38064237067177 13.6847356332983
11108.86 3.0873737484768 5.1135634562673 23.3991826111833
11688.43 1.27702082372394 3.27570901615826 6.85625027096467
11695.03 1.29681253957504 3.39908564964532 2.42759595754251
11782.57 0.936088614753737 3.28171139071144 1.71985194375884
11858.87 0.755967652186316 3.43636540196648 3.72883622809968
11880.97 0.712015415504439 3.44423334030019 0.77460514363338
11933.63 1.27568491462886 7.37715735772793 5.82704945703517
11940.1 1.42924211603623 8.46007269735508 4.3629163068581
11948.73 0.811849110976907 4.919641176376 1.68703841094975
