4194.94 58.0882063474871 11.3082329469611 8.53453825775159
4210.48 78.5646936770266 15.8505791748141 8.59909244223309
4297.16 25.6473029364058 5.02263764379815 6.88248546553405
4349.45 27.1622566654085 4.4464151048054 9.26789771573749
4367.72 43.3779725650039 7.08908974788525 8.01667149928926
4418.91 18.7252962048504 3.5189699654476 6.02918773848069
4457.77 21.2012771995233 4.95334947090771 6.09816729329214
4586.67 29.4849690190242 4.80020322254569 6.18431276068986
4624.43 41.9878133084273 5.20426759960644 17.1820008449877
4675.08 45.1713980575254 5.55079076518063 8.67718345036246
4714.97 23.9202422640213 3.06133600547638 10.157135675302
4847.26 13.2807381590262 3.61442940655756 6.21596222374046
4945.83 39.5310277081815 9.03564502586212 7.98232227326844
5054.71 100 17.4394364497216 9.02981402641308
5250.29 39.5606353258226 7.89882107424367 10.0951811112
5282.12 60.0462966973591 12.0537271717568 9.84383095502835
5466.46 14.8331971499963 4.26043262389733 8.63975097459934
5600.73 12.3593848628785 3.5186052529094 9.11961002733915
5700.65 8.8800218489713 3.34128033745641 6.37710795366547
5768.83 6.38628981640571 3.04916018047707 3.03818476332526
6001.13 53.9517259952147 8.40194252378122 9.40555231503276
6113.95 69.5520957370836 5.33088870637041 10.5001893214358
6141.73 97.2028501141113 7.21824246595957 12.8215781032841
6272.42 30.3674005468631 3.06461514052688 11.30991469112
6334.56 71.3534194589801 10.4276057273741 10.0859864624981
6439.26 17.4907009435466 4.59871949890728 11.6112967045274
6536.11 11.0259189213549 4.03876921683696 10.3177440627624
6725.14 19.4951660862001 5.53585108715471 12.0747041666846
6752.05 12.9277955507012 3.4349976360904 16.8744372626879
6779.31 12.8034210121282 3.51287141209385 25.6056280874718
7148.8 39.1279722473087 4.06391119017616 15.4237861027523
7173.98 35.9707237438617 3.36531351362124 29.8070581985239
7249.45 34.0661248232354 3.64520474377541 13.0479565917785
7597.4 29.3820225144073 16.1770252528061 12.6870367995825
7739.18 8.84924763842685 3.523776589936 10.0719600657985
7835.77 46.7972100029872 14.7180099831891 14.1739157949442
8018.8 11.7380360579807 3.81381078073972 10.8372779639531
8185.25 9.57502091976527 4.15762472204555 10.309964809916
8284.5 15.312192161367 7.61877194313179 15.1095001390313
8423.77 9.76764192934659 5.98368105067315 13.5183645393099
8784.16 10.5719487137092 3.88937337527916 15.1697523168459
8814.04 22.624545417561 7.21926813239145 16.7594449318385
8958.31 17.5971088163954 3.97785696652261 14.3298171286151
9057.74 19.9275937254583 4.54722821715172 16.6185257877878
9133.33 26.3455078777694 6.58220428973121 15.0608567036834
9386.41 37.4919157449454 6.84854107409653 16.63671866806
9459.7 48.034475307673 8.51075305923151 26.6180514512125
9858.42 7.28178534218383 3.60059327851133 15.6370053852934
9896.57 14.3335702658241 7.0673039161028 18.4032856738031
10089.44 8.51095559993577 3.86203810328639 17.437262565345
10212.98 6.91231938753964 3.2687963937158 20.9078495170343
10236.56 11.0584007787916 5.51111526822618 18.2033339596201
10573.56 4.89569027861206 3.42341040307436 26.442878466105
10921.51 4.95519334250199 5.17428296075828 14.9927661609927
11110.57 6.71654107043272 6.89783792810707 27.2201208242514
11156.16 3.171192399048 3.10696551743213 16.6901780172411
11334 3.41136525264562 3.39644385549877 19.5528232936722
11519.86 2.57466793612451 3.05356121434858 3.74288564234303
11678.33 1.92188451995992 3.12904628391702 3.94179778955368
11868.65 1.12551711353634 3.10041384672668 4.28642050260714
11887.42 1.22613560600912 3.4982283154661 2.46259796899722
11895.84 1.13956921795429 3.30156497124547 1.90992155776075
11920.11 1.47467248705919 4.4832004819156 1.94271384788226
11927.56 2.07655691752059 6.4132711562132 2.16714844392118
