4195.55 38.1059778261581 6.72869481157479 10.2506618898678
4211.09 69.8685426531052 12.9071051233062 9.87000570736382
4351.17 22.8538844347612 5.01456537733503 8.77455854766686
4368.47 26.3519199474356 5.91282341501262 8.99261100216427
4457.52 11.4620074957141 3.5208965833315 6.34369229870845
4624.68 17.0933734884297 4.408216739029 17.1413369420234
4847.52 8.60394043920768 3.12509154150614 9.85276098746726
4947.01 13.9838637989208 4.29582722656459 9.8250549369568
5055.5 100 24.3542474764539 10.2045932328901
5252.04 21.1095510071473 4.48277034729234 10.6554995288734
5282.66 24.3588203960932 5.40762018603972 12.6522408418241
5603.37 8.68148130705195 3.06996426252471 17.4715474170953
6002.13 36.6262124174621 5.71635550105605 11.312632332355
6114.24 62.7460818085611 5.27503746649921 13.0261672018632
6141.29 92.1788488645675 7.79659565644003 34.4774662529962
6274.9 23.6795444760815 3.25749286158479 12.5978775674212
6334.71 23.1248515573626 4.64965956093199 10.228672638711
6727.26 16.9640086985044 6.15846903173986 13.8321881630854
6781.43 8.23022187196534 3.09152355295989 28.0076761352775
7192.19 28.8089773838621 3.19980062166712 29.4173039842744
7250.55 25.7246483532588 3.32077183735701 33.9051394866565
7597.88 23.8643131304294 17.5436335806492 14.6384107535632
7740.79 6.74650469105893 3.55834265965208 13.5317087477579
7837.39 35.3921842018145 15.8664237875975 16.4668878548155
8188.22 5.34194116230356 3.29619538593159 14.0782397804378
8286 5.91742342002575 4.47575821353356 14.6633415576889
8422.43 5.98754624339455 5.82368402306489 11.6497839489602
8778.7 6.63695408998567 3.3329401451692 28.6927226151929
8818.66 9.35576484480512 3.89969367587876 19.4277160285419
9058.78 12.5990933632062 3.56953547490891 22.9302243230122
9135.06 14.6405324421207 4.31467582298865 19.397137377824
9387.47 15.4314865667016 4.47409393799519 21.4452739866265
9462.17 21.5372845260074 6.45689162654055 32.6186569654055
9858.78 4.70657779396124 3.31319192524899 21.2813769548975
9895.31 8.49360772831749 5.74188493449931 24.2148082990443
10094.71 6.43464738470319 3.66106756488528 21.6670894359868
10586.19 3.91055710129048 4.44027705728373 26.5757357172879
11116.45 3.60372680914916 6.22920360743574 33.1037282675115
11151.22 2.30062765665786 3.86379513109964 3.42781560853291
11702.41 1.02889016949671 3.07384352382391 3.64060235167017
11874.9 0.485453785586647 3.0172424929445 1.37292202498247
11887.81 0.518250744075083 3.3995657220523 1.12556027607388
11934.42 1.13301605101905 9.2676233066196 2.36599142947489
11946.37 0.617701320110162 5.31503641745342 1.30862387883644
