4195.42 46.9712467481884 10.0005133067376 9.108108726311
4211.45 68.2250065997316 14.606710068958 9.28317891687857
4297.16 19.767504107406 3.83796215382897 7.57440795713319
4349.32 26.5999306841453 4.75332937636387 9.77171842581538
4367.48 39.8578860327226 7.3198438897806 8.68245064391886
4458.02 14.8913798538757 4.28735459614024 6.70689797174782
4586.42 20.1010170254505 3.61376928986597 6.92333048586624
4624.43 31.2628799727389 4.4218834922961 19.2970905520851
4676.62 31.1881950411241 4.50873993005149 9.14041697640187
4847.78 14.4024395936065 4.20887405002015 8.84006377701462
4945.96 33.96131919803 8.15666426039529 9.4358882510096
5055.9 100 18.6347424742304 9.91132366723286
5251.64 35.8331772670989 7.19400010893368 10.7878124733134
5282.12 50.1735941640172 9.89668480293827 10.9311038994201
5466.46 11.7812278124924 3.45180130316447 12.8695425214837
5809.98 4.76949501926052 3.07379069142253 3.92365847916153
6001.7 47.6797752047593 7.1025881888812 11.3034163208858
6114.38 71.330680482072 5.20100367441407 12.3656920811909
6141.73 99.806696716432 7.05378515371805 30.0790636761485
6334.71 57.713197130814 8.21811564746679 11.3137615405476
6438.52 16.0904625747227 4.03826953178975 11.8080872359815
6535.96 10.3628923884061 3.5524920940972 10.3383852155594
6725.75 18.2410717246017 5.5202664052562 13.906284921708
6779.31 11.5163053666445 3.43238612940786 29.0266428724681
7249.45 34.9430338726266 3.98263097608407 29.2684717011716
7597.72 29.9818880371246 17.0767404188079 14.9019304895837
7835.77 48.807753845312 14.9363545456554 16.3653402829714
8187.56 8.13995258116904 3.74128914893174 13.9556629633435
8287 12.2581981781907 6.99025451371852 15.913017379522
8424.11 7.93397701533783 5.67805526214952 14.5516480280021
8783.3 8.78837002415485 3.35828052979065 20.0899779217125
8818.66 18.6018200937086 6.18561357627759 18.1218269106685
8958.14 12.65817062107 3.3300382874858 16.7356148867329
9060.51 12.4898399280587 3.47240809325172 17.1052778825251
9133.33 18.5178723462429 5.7816087482602 14.9565956197785
9386.77 25.7148040650857 5.81092586191405 18.5135992599025
9460.23 34.5466375856123 7.59122910013615 34.3983870520024
9855.36 6.69717362403781 3.26757682602698 21.801210158812
9898.55 14.5035961861448 7.22615063808129 22.2213930806847
10089.8 7.63759064978279 3.72826990369437 20.784136910861
10240.4 9.15276162996733 5.02804617166022 23.6495485227479
10582.29 4.6684217605255 3.6342888368553 30.7380793115226
10921.51 3.52238377573725 4.30767508275871 16.1989187289746
11110.57 5.79864199773022 7.46829775397551 31.2960217332275
11153.12 2.57399131734919 3.10116945080305 16.8059370601331
11330.56 2.50923454099064 3.02580653583356 19.8797643535654
11931.08 2.07305231681956 7.0711012995297 6.52378148665957
