4023.4 22.188882242402 4.14160643677486 5.89819187856301
4068.6 26.355111654955 4.98900610328205 7.92083860929279
4193.12 30.6216929048045 7.15269007925669 8.49716656462624
4209.87 70.4291675001986 16.6543396820489 8.06960283263925
4294.34 36.5562015110772 6.56086788874337 7.22509069102762
4365.62 50.4609332716772 6.21067541574007 7.80198404734529
4417.67 39.3182372966182 5.44946083367563 6.85510842374515
4455.4 37.2693220120451 6.37450205674311 6.89845055132628
4585.15 44.8791970213534 6.14823270424004 9.20179427043149
4632.81 57.4444434712476 5.82548393506295 9.9333872934294
4675.47 56.7959959161788 6.14437378815066 8.61999043810738
4717.67 34.1396152011957 4.14955459169824 10.0539237260346
4846.36 15.0868116405714 4.58451829848344 7.71006691605089
4945.57 33.0570056873347 7.82380244872534 8.91391853619461
5008.63 16.0357666738559 3.04629840097209 11.1719162189775
5018.91 26.319969225431 5.03857485316457 8.07217618639788
5053.92 47.2695055682293 9.16721329116602 8.21166531460312
5248.81 53.1601027721521 10.5525792610128 9.65797421102616
5280.09 41.858989503846 8.14554394547587 9.97261852746396
5463.71 18.5809744458077 4.94794404333928 12.3240026055273
5577.72 9.81956405254955 3.07618459311144 7.03482355430242
5598.79 10.1573522462721 3.43310367282243 11.4811342610146
5700.37 6.52406929464267 3.32560866061485 3.68433866930081
5803.21 4.03307220309626 3.23795465352827 1.68701347960723
5887.72 5.98412252989763 5.19181720165937 2.31747079933666
5896.95 4.13081145562231 3.59609823931104 2.58030584052904
5999.98 37.9020234610504 8.72612763558057 9.48004921240317
6112.36 48.0041416529517 5.08841852475935 9.28362490827658
6139.7 100 10.1584744733607 10.6051924592412
6215.21 38.1054926729998 4.038759847843 10.4251371329365
6269.64 33.2170153223886 4.20101137916257 10.2945781177905
6331.18 43.2894463285491 7.46090239356854 10.4475758117569
6438.97 15.5952111268822 4.59183340827262 10.5389723118269
6534.62 12.278346327823 4.93829991337413 8.90516419436972
6722.88 10.7604596676605 4.47373806808058 11.0080739965824
6752.05 12.4701448616289 5.15456057065929 11.7531968116082
6775.06 8.08469736268769 3.45766675677215 18.6052189680486
7144.76 57.6509422610691 7.40041331345546 11.8683589748443
7172.27 49.0826198066312 5.66846630317999 11.0810463424468
7246.02 32.3792872600844 4.18696083070267 11.6149983369542
7595.48 29.812203394291 13.8955352830746 12.0688388186172
7620.57 9.76494875650443 4.37648139271093 13.6762146003903
7732.09 10.1260052092282 3.46163382410094 13.1588414172174
7812.78 11.8065612264874 3.79867105972192 15.1426343324783
7833.66 52.8750582994046 17.3109294427236 12.5386568668755
8014.71 11.5559040832168 4.29478089744254 10.9923796687472
8184.09 10.6725576945487 4.75527436736119 11.0859310409714
8281.35 18.7446346685956 9.73849907463882 11.9486945904082
8418.75 8.59613831840165 6.38469646878686 12.3540736055093
8781.09 13.9007773772913 4.79139886744389 12.7163448859865
8811.65 30.4283600914062 8.60455134955971 14.8816112510231
8953.49 17.1321306558332 3.24583239603703 16.0312743308677
9054.45 38.3281668593556 7.89330846760003 13.1547646078452
9129.85 34.4085685720299 8.6542860179108 13.0239774113561
9382.02 50.2273112255621 9.29123593477582 16.3964586605634
9455.29 50.4110621139508 8.81485887902181 16.021949565833
9853.02 5.06498415549375 3.14877995124931 18.5911768785954
9890.63 13.6502803782106 8.89002589777696 15.9105531329442
10084.53 5.71901947946653 3.66411367414196 16.8971165782386
10233.09 15.0973503905072 10.035849299956 17.6423417500355
10444.93 4.18004921447018 3.16332346754106 12.0857427388728
10572.64 5.00896884155503 4.72630276256445 22.8579748205757
10914.73 5.74514055755121 9.27444536764329 13.3877079830381
11101.65 8.95156481727515 13.9540038473162 20.9263960048738
11151.22 3.12112960400885 4.7029559325964 18.8047839529045
11254.47 2.63281949306385 3.80354785138242 11.4781293647484
11326.34 3.91776165903507 5.80504128648328 14.4282057549044
11696.58 2.16664287669187 4.87044825846893 10.3702129039903
11855.55 1.37109175221927 3.54609805921295 4.17874450288218
11927.56 2.67162424843982 6.97407709941451 16.3161378104633
