4067.76 54.2930593984612 12.0299528266543 7.63366632550469
4193.73 24.037076081127 4.9210542644103 7.59234606651808
4210.24 57.2804154233505 11.717499331919 8.11681151195353
4346.98 19.7037240523712 3.42173873256431 11.9631826904315
4367.48 34.5449384177946 6.20097556811436 8.19078207105576
4456.77 24.2148912043144 6.65447889991834 7.40375371118989
4586.54 29.1710599026265 3.52565166571269 9.15552548578398
4633.19 57.2413457311561 4.91190765621908 8.9755406455597
4675.85 100 8.72181096402541 8.17209884667682
4719.07 70.1500865255075 6.58743995159158 8.35980400927838
4844.15 15.8859187344825 3.25326534515552 7.52514200595579
4945.18 42.4008756580795 9.25794901128024 8.83687557039048
5054.45 65.9165027924477 13.3420756217632 8.84215929474158
5252.58 41.6712303112036 8.76731542251213 11.0065896656433
5281.99 31.2016287794724 6.04013410729927 11.1854550989046
5426.59 14.4510239353396 3.21180589147788 8.28986119719229
5466.73 19.0734840639322 4.87859014483704 12.9686458327888
5697.43 6.70057826526994 3.20700702378529 6.48208008326219
5891.13 5.58507122713337 4.00042643874194 8.01363683046657
6000.99 34.4897150157046 7.92949893990742 10.9904061059678
6114.53 50.7415842237934 5.44699486931814 10.1602969477099
6141.44 97.4670773559486 9.98087501115057 11.2803358069687
6217.25 35.6081102657765 3.7117832279557 11.0005773593548
6271.83 37.1426731248331 4.52714104458541 10.8322794903461
6333.09 50.4529167507192 8.05598598322296 10.8049517348973
6568.63 9.22455698011071 3.76677547733942 9.93776326181433
6722.88 15.3331405097757 6.13935005336254 9.83475412836833
6794.17 8.59433749001973 3.76008299774957 15.1285392956852
7148.95 21.2938374053174 3.18467725515097 14.5442454086442
7248.52 40.9976518987796 6.52527927611136 12.4555323679033
7596.44 52.2939869639947 23.1569781661167 12.3257590472595
7733.7 10.8186009171463 3.3543506146842 13.7519199197895
7813.76 10.797467165007 3.08678155068795 13.5712188105153
7835.61 71.7484224843441 21.0346396996943 13.7399152170274
8018.48 11.944388522168 4.01264218593944 9.62903878049292
8187.56 8.52868668949447 3.92111097658673 13.0980854394456
8285.67 6.9242201223291 3.95860430746132 12.5077631452314
8420.26 4.13143166327676 3.26839636461311 5.81416470216209
8781.94 6.56039438584021 3.30514513472307 15.1652099224029
8812.51 12.0082246905748 5.34958712447902 16.2638037433226
8911.19 11.0691084771863 3.94962364384768 31.0216709801043
9057.05 8.87124048749529 3.2917271187224 15.5117919564145
9132.11 21.5749477140171 9.11527735517665 15.491664076264
9384.48 23.6004635041938 7.17345466654747 20.127491920699
9458.47 29.5566398699659 8.86968020222287 21.9899459477219
9856.98 6.21311120349042 5.08516619629864 15.9178669187877
9894.05 13.6802152395184 11.3762760821227 16.6789059056391
10088.71 5.4761968879385 4.36749143053311 18.4103356823416
10237.11 7.58003582749238 6.37791847014253 40.0945584821293
10446.22 3.48204393635213 3.38008860463285 4.24664426600975
10452.5 3.18302686722331 3.0827113212757 2.80335209054101
10577.65 3.18398366793148 3.76021469894235 17.3810474591883
10915.67 2.14675852454588 3.23589457562874 6.97069613619169
11103.74 5.90372895873732 8.77528760854739 22.2599643419271
11865.91 1.40965551784612 3.41670414734651 5.29703123471882
11886.64 1.44759714391267 3.46287284053327 2.3730519906585
11932.46 2.34480042288444 5.45422377144857 15.5941028246743
11948.53 1.48681763200132 3.42287148666992 4.20081783360911
