4068.72 57.0625501624085 5.59488027569086 9.8677388643373
4194.7 31.6038567251565 4.13605725851238 8.09693704279744
4210.96 74.3147513030647 10.4933813478859 8.54763354858642
4293.97 20.9872983239926 3.51874495828718 5.8165997872602
4365.87 38.2505437827127 5.34527926625905 7.28699736859107
4418.42 23.8188729029398 3.48800687151203 8.33020076241519
4456.77 21.7365624222431 3.66756003993247 7.26433466686922
4487.77 16.8699152178537 3.310245474893 5.22340770710434
4583.38 27.2238895170377 4.01920274274448 12.6505844732319
4633.19 36.311282788939 4.38518694488077 17.9184400602599
4675.85 41.1818173675986 5.27798190206421 8.11796052123191
4718.05 25.6923936325179 3.49021526086926 9.56000737791601
4844.67 19.2465534085536 3.91447275208769 6.65755809348866
4945.83 56.7949517002689 8.92463372963173 9.32621585056404
5055.37 96.8373013671143 13.4713618416237 9.04370822275814
5071 22.8344554827526 3.03542278742106 11.5306502728617
5249.48 44.7098880569349 7.3454124381435 10.4999162026461
5281.99 37.0485073517991 6.22287499325646 10.1062140177992
5406.64 14.4212785107784 3.00128229720614 5.59075926824698
5465.77 16.8652081200982 3.96302752776413 4.40561997633631
5768.41 9.81737784550801 3.21083860014882 3.57869649597251
6001.85 37.6757125871543 6.8955106901612 9.46431531830149
6113.95 50.3471734958629 4.78693010271694 9.84152442633149
6142.74 100 9.1165798124258 15.1130406370476
6217.1 35.5224977646757 3.24229282303094 10.4092447928342
6272.12 31.0630089465241 3.26838982641589 14.0371995189844
6333.83 36.0159213804203 5.04829031399215 10.4451203777026
6726.05 28.8835050205905 6.48353773246811 13.6043313191058
6780.37 13.5535325240347 3.04941902402098 22.3263214888611
7143.67 33.3345030745724 4.03287959186822 15.1597714978934
7173.51 32.3409275449705 3.67123115674656 13.0931123248456
7249.14 39.5118407114441 5.3098953216511 12.6813499322534
7597.88 45.2014145949814 15.831862570931 12.2355700985891
7836.26 75.577441218662 18.3063833553887 13.3827497377888
8080.3 12.512246439611 3.45974790080595 9.40728133496577
8185.42 9.2984315891649 3.03851689525754 9.08038010583186
8280.52 15.5369521532479 6.36824507012216 13.873254549093
8416.57 7.14024276456461 3.4153834859477 7.67464070011556
8810.63 18.1690117892321 6.37024838595268 15.3802102028658
9058.08 24.5361509818106 6.2903318957238 15.7490503916142
9130.03 19.6225407008287 5.06796018473727 14.3571844324688
9380.26 26.9404445625866 5.74877108056732 18.9873899630729
9456.17 26.5915695050652 5.7413646241611 23.4295395982699
9857.88 7.36506407325265 4.03473482516044 8.62610571126788
9895.13 11.6634087454534 6.4836847948539 19.0402873013463
10085.98 7.45835284811365 3.95542987248253 16.6825066328638
10233.45 10.4974241966919 5.81856820987032 15.4815551448646
10568.74 4.82005975229556 3.33316858391255 5.81062094309345
10576.16 4.89177835152378 3.42445609094454 4.02084713519071
10913.03 3.89354214331126 3.41482950187651 8.00986885624479
10923.2 3.56310037997834 3.10506320639597 8.54826511574356
11100.13 5.48003215688356 5.01615907181449 19.4983839883389
11118.35 4.60350910502145 4.16440294576778 3.37452275001306
11127.65 3.41873829993925 3.0118348153167 9.31261472033111
11153.31 3.90898362658188 3.53011176041376 1.77147063301163
11688.62 3.24115742621646 5.03220584856013 2.2148424319148
11695.81 2.57894349650783 4.03989472240625 3.87543787023606
11716.01 1.8507248940533 3.01627381777207 1.24364920287735
11855.36 1.72214433551015 4.43409644926089 1.22153490009623
11862.78 1.53196745428739 4.01141035385421 2.34578646942828
11892.7 1.17037232254629 3.31073442418623 1.31145035890586
11919.13 1.23916238244865 3.80816021377552 1.35084936728344
11930.69 1.55272672941708 4.97538729977612 1.67436680009996
11949.71 0.934884413380549 3.16243773551424 0.561040413469527
