4024.11 22.6826496797489 4.62406951217302 6.04100219927159
4066.57 21.6794444508772 4.47866003399698 8.77961691647488
4193.85 25.951129232773 7.36799443622173 8.20076095915465
4208.05 77.6651398614022 22.5048004736733 8.03525017447737
4294.34 39.1279794949167 7.99491856773228 5.84430933143085
4365.38 43.8071502641604 5.76299756140007 6.89708309206799
4417.55 47.5592311441806 6.77300279376137 6.42440379410255
4454.9 37.9591019236465 6.6038794895929 6.01593813862655
4583.89 51.2154913847899 10.7558546986718 8.0435511831929
4620.87 50.5820039948032 9.18923365730324 7.92769842131747
4843.76 15.4814934095828 5.71261881740536 6.76624921683651
4944.65 24.4560228267587 5.19889739838806 9.51873876996888
5018.12 20.3034640818568 3.50708270191681 15.403622394816
5053.39 52.6890648494661 9.62204415424492 9.11347199991087
5248 54.849143292729 11.4672424230858 9.48327632382916
5280.23 43.1986931984502 9.05811365949117 9.46937205814538
5463.3 16.4478994930322 4.91492571400935 7.36076959588263
5579.24 9.38560152792767 3.11569455902038 9.44377456643451
5598.79 10.0644527037169 3.50503384947753 11.81102233605
5812.67 4.68078555865809 3.2242131879313 2.06726400653861
5888.14 4.29032910508466 3.29419865547607 6.32970744074919
5999.55 29.4979628722133 6.46805282143233 10.0902609226223
6111.2 42.6609610843626 4.27212586504786 9.89423715509747
6140.42 100 9.59616515553309 10.758487033776
6214.63 45.5519343417685 4.51078984062812 10.0080735131787
6269.93 35.7891915018889 4.15858586267335 11.3527520056869
6332.36 39.5958506374549 6.37710030773162 11.0870263412844
6436.75 13.3777501763326 3.79824980253759 10.5128130693456
6532.53 12.4103032034952 4.74500045481161 8.15127328190647
6722.12 11.4192245745031 4.04443723010454 12.5036248112356
6753.11 13.1613259763854 4.60886534143318 11.8509379885909
6772.03 9.16036949793386 3.26158488028041 25.1731910541776
7142.9 81.9539227658887 9.80262915069595 11.0802739291248
7171.8 62.6897584858107 6.7478064094953 11.2845481227378
7245.55 40.1219287157284 4.89345347069108 12.2998469293261
7594.04 40.2881463982838 14.2532316744286 12.0610380056851
7619.13 10.7480774978271 3.60978203697936 14.2866422454135
7732.25 11.7581151272068 3.24388206884405 14.4821877128852
7811.81 14.7522240325894 4.02134871284367 12.2653824655144
7833.34 55.6279905745909 15.5413705619887 13.2180925468319
8013.73 11.5459749938193 3.73398629084834 10.6433355829313
8183.6 9.66037262019691 3.68284669005128 11.4959257551072
8282.68 19.20895314828 8.79672781659435 12.5582120302915
8417.41 10.9219063936474 7.38952770655231 12.1400208037321
8514.07 3.57727741563092 3.46968865138885 4.25546868861784
8520.8 3.71313422595076 3.69266144456845 4.42369153496657
8778.36 10.5609172624764 3.74122111730815 12.1994722556774
8811.65 29.3655195651765 8.30263997020127 14.059450746081
8952.12 20.766584136616 3.66637436247309 12.0076459239117
9054.28 46.6197269785373 8.25552371706967 13.2023259783964
9128.46 36.4520204288392 7.22481312820495 13.0525848667239
9380.96 55.8624501639934 9.22620600679068 17.4814567905014
9454.59 49.6372812927272 7.96974673189104 16.9933369934515
9852.3 5.37692976645209 3.08743147163335 13.5742053162321
9891.17 13.6480236469602 8.10509738470868 15.7877848584139
10084.71 7.57648114364251 4.37406299015568 17.9383916680254
10231.44 12.6949112579332 7.69726736074101 16.8968404071093
10567.07 4.62661543201046 4.17370765295889 18.4826459482556
10721.39 2.66063251451021 3.04060080900041 9.21533198605721
10913.6 5.7045265813157 8.03474065441891 15.3238965238907
11103.93 7.14918929949785 9.11628534716496 20.45584861522
11151.03 3.96641134840036 4.92408629074367 17.636853815502
11324.81 3.83161346205102 4.84593491237989 13.867707271671
11526.61 1.95980308444839 3.02881374170858 6.92945290655007
11684.16 1.98856315141905 3.97375767174004 12.1963407764579
11920.9 2.01508373663591 5.99152869897233 6.68559330421886
11934.02 1.35831059283879 4.10308435246545 2.29754284762384
11946.57 1.3201350495395 4.05817839563454 4.53691463558062
