4070.03 40.0187285113029 5.01864522445698 8.04538179648489
4149.69 26.0685150073986 3.06197574301471 5.90944678354026
4197.12 32.9625200486074 4.25646763251382 7.30072826122159
4212.06 72.4005313713092 9.8587389415028 8.3529120676094
4352.16 23.1360108993824 3.33863660751632 4.99366042937982
4367.48 32.8369557556154 4.69297406136366 7.15103238739357
4422.77 29.9266623329463 4.3443218506503 6.4346633764153
4459.64 40.8704945175278 6.55624327695396 5.8612850649406
4587.55 39.1766197394015 5.44882968114554 6.50955432948194
4624.81 47.5156205304392 5.93178569759155 7.53702855164738
4677.89 28.2808957600033 3.66020810275614 6.71965392981019
4846.87 24.0486752565811 4.70107642991544 5.8034212483517
4948.97 41.3679842733129 6.95188341972592 9.53211298414772
5058.15 82.7040254101817 13.0955342317446 9.0531035969243
5253.52 39.3170457375594 6.65790189413901 9.93589604548288
5282.93 31.0765003004149 5.46149237626611 9.25677385275594
5469.61 15.3397512749039 4.18823368365484 10.2300591717585
5889.28 8.12747969705047 3.04668951032905 1.688977332994
6003.99 42.4139773586347 7.09683739746153 10.5375692693324
6116.12 52.6809480528246 4.61517057600956 10.3270936150502
6144.19 100 8.30666981453913 11.9437363164216
6220.16 38.7074198685872 3.31011926014737 9.69411416089952
6274.9 33.9244720807104 3.387630599503 12.5230613185968
6335.74 42.0547825140916 5.66132277750214 11.4668035488394
6568.49 11.7870610788645 3.31829875727264 10.4382816428151
6726.8 22.7899433592041 6.73699855062347 11.2042641697681
6789.77 11.1647517276612 3.54152658940727 4.53048316498098
7151.91 23.4667539355608 3.50273516235429 12.818582498895
7177.71 30.576530546833 4.24117209229622 12.4070964158491
7191.88 26.3444956663403 3.70155150664542 14.2112911932081
7251.96 39.0550527208804 6.12181281783214 12.6559882484107
7599.79 64.4400316887661 21.7727489678191 11.9078495126341
7839.17 86.5573108276195 20.7856723640011 13.0425883142852
8020.44 11.8118693029398 3.03017258051782 9.52910565755519
8085.06 11.3899956811858 3.17583212130609 7.44079430177135
8192.19 9.20978763037856 3.07274078457584 7.90685844570453
8286.66 8.11741680079141 3.29283929766031 10.3622293827248
8425.45 6.07305609085146 3.25768489058718 5.23631080155792
8816.61 10.3096314299393 4.76816411201284 12.4005459895052
9063.45 21.4482485147223 7.28880532046156 14.3271427439777
9135.24 25.2306780766644 8.61287188164727 13.7331616910051
9388.17 25.4351832008848 7.04090338586544 16.3168435322459
9460.59 33.0682203499792 9.29483654882959 15.4020337081529
9860.21 7.51055385974631 4.04228063485834 17.7307049771262
9896.57 15.2600082421117 8.44040799313007 14.2965680500038
10094.53 5.52901544604116 3.20082548183005 15.591160927248
10225.04 5.13740377455775 3.18173580442253 16.3946564697744
10238.39 5.90995094369552 3.71497428791247 13.9983203873162
10576.72 4.19019129440683 3.31887147021892 3.41807255264575
10586.93 4.75235018079776 3.86218625048425 7.77228776619631
10924.33 3.55597040390361 3.45682665650234 3.70267995890208
11107.53 4.76248171309636 4.71919109211234 19.097583630557
11260.19 2.97953170823142 3.14975831768702 1.87975568338152
11592.49 2.20222149767021 3.23290084319156 1.70712818486027
11680.08 1.82683398321538 3.04482226669227 1.56689180190369
11697.94 2.35919372860982 4.11697046983439 1.92256708663081
11710.57 1.92445843236447 3.42406303758513 1.86135900273985
11827.04 2.07536508639897 4.83901981385412 1.23703518728871
11868.26 1.23786634489165 3.07578563197303 3.51655479625515
11930.5 2.76539193040044 7.78741474282737 4.4172826871345
11941.08 2.10898303763221 6.05598726072188 4.13056395220156
11947.16 1.7637251925637 5.12155971905028 4.91290821274015
11956.77 1.06889388062274 3.15325704577962 2.06220397437392
