4069.91 41.0445801637544 4.02824046553956 6.18135368056392
4197.97 28.1841854798639 3.11367315602936 9.42915311280103
4214.12 69.871795829212 8.14168924199777 9.08820468887461
4369.45 30.3298564637524 3.93446094829727 7.7274357110955
4420.9 42.4485963676407 5.8181236841176 7.15980003278128
4460.02 27.9868970343324 4.16480047614583 5.56703555355216
4589.96 33.4626492260079 4.03854825646069 9.04185705830696
4627.35 35.2244737259853 3.67099045519974 16.2342995357712
4677.76 32.5989459914516 3.56596502656221 7.66999371552356
4949.11 41.9779025196693 5.91032024447527 7.7527433960604
5058.81 65.5823841469691 8.45248590610341 9.74446107661424
5252.85 36.1687671651394 5.12874566072931 9.62760993951724
5285.09 30.4714218425424 4.50315902682304 11.1350020761438
5898.52 13.9487225771989 3.72146583059175 1.54734717734391
6005.71 36.3663542559547 6.0147006764363 10.2902612559747
6115.97 43.6157592562924 4.25260819627986 9.76797643773625
6146.07 100 9.23639317942332 11.1822151961096
6219.73 40.1172362418393 3.62712563037401 11.0830904928362
6276.22 43.7868886806846 4.44632608680226 10.7428519989326
6336.33 49.652506368041 6.49218604066538 10.3628626800046
6762.04 23.2144495613361 3.97547320284674 11.4227576691355
6776.27 19.6632237353194 3.42745239593805 24.8599036598889
7153.46 52.3938463943401 4.22884851797964 12.9517585289632
7178.65 53.4755201317685 3.98472555169659 25.3145716571798
7253.05 41.7093860490543 3.39307249343484 11.5669553896305
7601.07 45.5926562658739 11.3188321198676 14.1709026399867
7839.66 61.4497991973297 12.4214948953391 14.7863072696446
8195.17 11.8897446941372 3.28720062474117 3.54025519358402
8287.33 13.8774402505643 4.26924862401492 13.5236163133595
8428.13 11.5957040247269 4.12225807005337 6.98008282439514
8818.66 18.3008571764577 5.8095771067765 13.4993756881559
9060.16 43.3015441378754 8.21457065393171 15.8775133376294
9137.15 25.4491947934233 4.49426143182294 16.1945828403659
9388.88 38.5959534357389 4.508743150439 22.7535457179019
9464.29 34.8932443094373 4.05420680306432 28.5201494101766
9898.73 8.98173357580239 3.62179374122895 14.5107167445967
10093.8 10.2114867869574 3.94338103711468 7.60963770339731
10568 6.36030763472087 3.00269654299764 3.58434587936063
10575.42 6.96815288895668 3.35521332241518 3.97744793242055
10580.99 6.4191875208686 3.06187400937648 3.23178033771546
11108.1 7.44474630043578 4.1367320390084 10.0648252282172
11131.64 7.02727457392752 3.90813104492162 8.26250271408026
11143.99 5.50334662141013 3.03342213534362 7.79939896570977
11643.81 4.24226293437673 3.8533072538082 1.94437244486471
11683.96 3.22495384276801 3.19350136972404 2.70266759007427
11694.45 3.28961706074407 3.36185692366094 3.00810169797842
11709.79 3.33452913995289 3.56807722957191 2.27635985878442
11717.76 2.81086121017944 3.04370130116089 1.99160166518413
11741.1 2.88127927317479 3.36694228092465 1.1935406813609
11885.07 1.68495628909381 3.06049134773301 0.969650807275684
11925.21 2.19931188605986 4.5512993182182 2.73700797519086
11932.06 1.94651924611746 4.10609801488436 3.11498461017436
11945.98 1.66764574318161 3.67152212242864 1.41488668518468
11963.44 1.73898804325544 4.07576327375766 0.664051577379723
11975.8 1.47132675413475 3.5977823098517 1.10740207120762
