4028.52 12.7255659233772 6.11925510587095 7.44352920181973
4213.03 100 25.3953499835523 8.5626380519052
4369.33 22.7629400666021 3.42340537403263 9.09545670981242
4423.51 36.7524561651173 6.63240811257746 7.28291016646108
4536.59 16.8655889234067 3.56900435809383 7.76122403280442
4583.89 41.616177030033 8.02821545623949 7.53408509231576
4678.28 17.0132837882546 3.07105001890117 8.44263588597551
4980.99 33.926266427385 12.5008324286407 9.03440734839933
5016.8 17.1530008178657 6.13919882421366 8.27751001211709
5059.87 13.6115171914062 5.10795451205539 9.93970735795483
5252.99 64.8218377627407 16.6619427429548 10.5882454075681
5576.47 21.8395405716308 7.32921652240233 10.7265775115693
5867.42 3.04441383948429 3.14336485446187 1.55298776176642
5901.22 5.3055338487557 5.66510385191925 12.006595368458
5927.69 3.61598585183117 3.87178009668294 9.68597347216473
5985.66 3.44578972385266 3.71157048350576 4.63893755920708
6144.77 72.4759190386806 13.5066501751678 10.8145122285077
6220.6 77.3643940925576 12.0441147387294 11.7300933750766
6353.23 33.2739320401911 7.387717057744 12.0641906213141
6467.42 12.2083592245813 3.96428730307579 11.303914418354
6542.52 13.7294623125717 5.67017376594098 13.7099074537091
6677.5 6.7928422296963 4.35602942418563 12.8014548021592
6757.04 8.7797649536474 6.89236856512234 11.1620990349293
7062.99 32.0782118894268 10.0198349558007 13.1081896339483
7150.2 46.1197604488494 11.9512209773412 13.9357523137796
7178.03 13.6394093324605 3.19870809742459 20.1543598174239
7384.77 9.97248423107336 4.28708453985374 12.1796216952807
7472.34 8.5042513882556 3.90639938331005 13.3224302832723
7587.34 18.2475781824638 7.26843699583698 18.3930421595242
7625.85 23.6766369639392 8.8687453989523 13.3699070591547
7725.82 14.5531519915299 6.67619818761201 14.0336171125673
8024.04 7.76852048159621 6.7889413646354 15.1546728802223
8289.32 14.8810316304632 15.2057932327921 15.5632454399711
8499.6 6.34087630895464 10.2762604627906 14.3287286915402
8606.49 5.84570098407574 9.75398300457174 13.8544390217485
8817.63 17.6059748363941 8.56002707555481 19.3164116232783
8931.64 15.5899171897474 4.66618701991497 17.4130433114806
9063.1 45.4335989267517 11.3407126330356 18.2779672600882
9378.85 57.3115127160295 9.66779886621149 20.2912835771895
9453 20.204287038228 3.00610221245844 22.7055876492814
10228.33 10.7167735174491 10.5490813209288 20.5683958887766
10546.11 3.76511805058424 3.98021760004179 18.5500477827118
10678.1 2.51749375964965 3.12874823216422 21.7119550966254
11146.46 4.40540024547084 5.94593323010209 30.4944983916539
11259.62 3.27155150797584 4.34707281542414 23.1548427064281
11577.02 1.60455774746077 3.4054418460347 18.9059018173321
11690.76 1.39940975511592 4.04327805299645 23.2313971458716
11808.89 0.789479343509532 3.62962852461438 1.863284589881
11888.79 0.526519215889726 3.11302826199976 1.44145652470797
11941.86 0.451811734910141 3.201579846104 2.31257011906928
11950.3 0.700052078503176 5.12288668106696 1.8290393181469
11956.38 0.88790259567423 6.65396282614939 2.4080237823091
11964.42 0.83815662823127 6.48728421181525 1.46772583566053
11997.01 0.367471315166046 3.28059614011681 1.52845944513865
