4027.92 9.92670381643811 11.1946736942453 5.0527261236939
4211.94 100 46.9550842204611 6.78184157029773
4251.52 9.15874766242933 3.65024510456269 7.55276602389222
4296.43 11.4064304268849 4.60630325539293 5.98628334103068
4354.63 13.0748558453647 6.77066146614192 7.35691801180201
4367.97 6.61183787997527 3.61206993961608 6.66383991273869
4422.27 10.52861887388 8.26856811870985 4.74599214439695
4534.45 8.71411994858055 4.94841125911135 7.68640076119573
4583.26 13.8547142615203 5.70772400384472 5.84758398827944
4620.62 10.7144973547837 3.58459395255525 6.36434854750223
4634.08 12.9085707776181 4.1567320515467 7.48019703211685
4677 17.3875560640795 5.78066530184583 7.9680006988774
4721.38 15.7569683502851 5.74256323791817 7.56557569023607
4763.26 11.0276275119558 4.85511449140854 8.53821566859096
4805.82 5.55041482561664 3.0394683412698 8.23134976280744
4981.12 22.4284856740373 16.5854779935007 6.77260940290216
5017.33 10.5891741043253 7.80230309225415 6.31272846641968
5059.87 8.41991902345843 6.6685962991494 8.84039549114368
5252.58 54.8163006660472 29.8793840648083 7.8079589819954
5284.15 7.53757839842094 3.66407556194948 21.2669995232345
5545.9 5.50303241385518 3.75362918409517 12.5387583086249
5575.09 11.3594485814822 8.47394955942902 7.91821615991921
5806.88 1.62630817497312 3.45561822235292 1.67497846317474
5858.21 1.45305324859043 3.69304326682409 5.0874827745256
5886.3 1.36406136290698 3.86384245935517 3.90748316418376
5900.65 2.404129700053 7.1244979309173 11.6678078118839
5908.04 1.42438444383594 4.19312576001518 1.45468130935296
5925.98 1.46576822054059 4.24909169274821 2.80574839670226
5930.11 1.54735253831663 4.47107615342252 2.37305126751562
5987.52 1.43152003307801 3.93725657944193 3.90975789139247
6144.33 56.870094780824 16.7042453319741 8.16098022144524
6220.02 50.3776952710073 12.3204667422521 8.94145421165285
6352.5 17.8131068548181 7.217498351307 8.16999117742853
6465.64 4.04997622884919 3.48871117424902 9.2402911962763
6542.07 5.54056560730964 6.26495338381613 10.306802070977
6727.11 2.74107358204749 3.74185250230623 10.7032171967321
6757.19 3.2265914495838 4.62075689395352 9.76888633825547
7063.3 30.1867624176985 6.96123634484489 10.4641715396183
7150.82 18.2705323303061 4.28567275946657 10.8710232851054
7383.98 5.73089083088854 5.82469090310965 9.08517338281945
7587.5 8.97488190467979 8.30322122052156 9.4829729225039
7626.01 11.8593760375281 9.3857667239698 9.37669656394974
7727.59 13.783203243829 11.6809388264337 10.2648854174759
8024.37 3.46323043342053 5.84673072738205 10.141375364341
8046.66 1.85664835394141 3.10466040623558 10.35790981224
8157.84 2.28131522513049 3.59428992194063 9.26542433112809
8290.65 14.3065048186884 23.5780624896547 10.7541330021104
8329.25 1.73627773575744 3.02325431814229 9.47917947631686
8495.23 1.50596518906615 4.39619508366985 4.10326526481731
8607.5 4.2286987943654 11.4303650582273 10.697931411758
8817.29 13.3143500711681 12.0283292283528 14.6474811333919
8935.08 13.9328378994553 9.63368812367924 12.2903174216372
9063.97 17.3157083805442 11.7174666239194 11.9649695384014
9380.26 26.4494539543607 9.84683921967238 13.1405088753691
9453.88 14.3214924928001 4.7960843781109 15.155280065479
9982.48 2.81916708306594 6.58811962167006 12.456085691545
10229.98 8.16396590240183 13.7781543810313 15.1628214073116
10547.97 1.72564639580488 4.08609567273728 8.34309906082672
10677.17 1.19539679117001 3.65326687509096 8.56558030164706
11113.41 1.74899870486933 4.18623694147693 11.484605182266
11147.98 2.49873348565388 5.87640681558705 17.8782176828463
11264.58 2.93105021234057 6.99825155240896 15.8514936035735
11577.02 0.983082784051942 4.68828596210508 11.1543167249056
11586.69 0.751375698529067 3.67144791183565 2.77245694389603
11693.86 0.518585766469053 3.17636631527315 1.90115334658731
11767.18 0.495213233043079 3.126312929537 1.50482322252356
11857.51 0.520022147609784 3.25794086693032 1.76992468199387
11870.41 0.681748212450576 4.2290170883824 3.60315557089234
11956.38 0.952609807759123 5.53460025906622 9.07471443335817
