4026.14 10.2621258412278 8.09636704607892 5.49909930686681
4211.21 100 44.3460030287129 6.90496683069614
4250.06 10.5056114108494 4.04180725686478 6.62131707253047
4293.73 10.419609634332 3.92024503995492 7.8129614132622
4354.14 13.0778486208569 5.8940074636509 7.06319807495765
4365.13 8.54329618857241 3.99194888195206 5.61708456337419
4419.91 9.81246304111943 6.22330121024359 5.7940991865662
4534.07 13.175280773517 5.55167840778068 6.74266178833841
4580.98 13.0632020311423 3.981265069592 9.10869393127905
4632.43 19.771346699859 4.75547608902581 7.42403539876341
4675.6 26.2219566768367 6.35803901084838 7.3804496013372
4719.2 24.4201093595715 6.26787978347152 7.43328209105493
4762.61 16.9275150574196 5.04453863225976 7.99923965358812
4804.66 9.14648450420071 3.28386926863306 9.08029544614055
4979.94 24.5583859177529 12.8346618697214 7.32703311078239
5014.69 11.9973566929841 6.35932826850413 6.3973640150889
5057.75 9.74808921292848 5.69950808632277 8.61474693707351
5250.97 43.708754369751 22.1124990915126 8.23458061712972
5469.48 6.0817269199374 3.19211354631357 5.43867166624568
5544.94 6.27274505085402 3.49324588014375 4.59087499821817
5574.53 11.3224075424753 6.88085671508889 7.55818091729634
5706.24 3.82620838528197 3.42625444395298 2.21328104212625
5899.8 3.47690079502486 5.03837542816846 5.62268519355985
5902.78 2.48061048148426 3.59698917517241 1.74574939081231
5929.97 2.30649472545253 3.40052014393894 0.832025858107045
5938.09 2.43861108940893 3.61553978407436 1.91071130014461
6142.45 59.674829855125 17.162823088894 8.1699276556692
6218.56 53.1696612714654 12.7757139657809 8.62397048444745
6351.03 12.8467367855189 4.79902657453325 9.17265594340461
6464.6 6.88101964830373 4.95861012801583 8.21256917683877
6538.79 7.54697607114365 6.3104463906226 7.93416749008884
6728.16 3.83887408962407 3.4696728005861 4.84175129648702
6754.62 3.84365638342174 3.61122025872244 3.53724345487626
7060.06 21.8189654830521 5.58178474816348 12.756635698106
7149.11 14.128602243892 3.5260642835422 12.3126757086102
7380.83 4.79495182809016 4.01233836516375 8.63200463081193
7584.94 9.46589589916008 7.73726226047939 8.98021839305056
7623.93 17.1928948338799 12.1880654264002 9.02232815741809
7725.17 15.6733918042999 11.3147188870156 10.3628469478545
8019.62 3.87080182333701 4.7054725957306 4.92993499833938
8040.92 2.51847358040957 3.06134285201173 6.29218075292374
8155.86 3.44170726142787 4.29640503418103 4.50758541473624
8286.83 12.1154038259267 16.5051363936353 10.4137843636054
8499.77 1.68808045035978 3.25931307074012 1.28982182666005
8605.64 4.03341837616209 7.73404046655596 11.7560418372777
8815.41 10.3803116145935 9.47694769854051 14.8915397175042
8930.96 11.9057929829285 8.38417114500235 11.8781867126472
9061.37 14.639008166294 9.66544178607064 12.6770852287336
9376.04 22.2754206818302 8.72103449711653 13.5786471179727
9449.29 12.1847487225085 4.29037685045489 14.4264737622289
9977.24 2.78475086200711 4.69308238317041 10.6196130782591
10224.49 6.94934029824724 10.4133717283792 13.7511202399983
10546.3 1.63501817747844 3.12846601576302 3.96544961407562
10682.02 1.50393396328832 3.53997372943139 2.02892240270194
11110.95 1.80250940166492 3.80047787644915 6.31460831412915
11147.03 2.25663620653756 4.74768275837602 7.15697706233186
11260.19 2.24674246493183 4.83883855750778 12.0935984711778
11577.6 1.05447300279374 3.44016112055169 1.8225828515624
11680.27 0.959445463104528 3.64983923458223 1.71495856944784
11765.82 0.798647007361947 3.26553135840376 1.8071317318354
11800.5 1.01114144227368 4.26765181975989 1.37867238149556
11822.74 0.698482779324101 3.00058405853528 0.329881752943038
11857.9 0.977396672757722 4.21567077596373 2.22416000638441
11867.67 0.748353081166143 3.23058719872751 1.29788399598874
11874.12 0.722368874659683 3.12050573982934 1.05902562690244
11955.79 1.19996872825201 5.23021772611133 3.86405286181798
