4026.37 9.34428382329501 11.6594529846973 6.34440683573757
4211.69 100 46.6893655720503 7.36759665845875
4295.69 12.0561630989046 4.54935061939695 7.31859223047286
4354.51 12.4519804517406 5.33872543438421 7.08910338062833
4367.35 7.2198773332183 3.19951559651934 7.02556084301614
4420.41 16.728192985461 9.71189927960766 5.93134114609984
4535.46 21.3648813465202 9.58196065651291 7.68254837924724
4582.12 20.7304341249535 7.20128410068514 7.16922605364198
4619.99 11.9038658576144 3.4912719923136 7.07846331267774
4676.36 14.2526269035204 4.25705947423238 7.55099602532573
4719.84 11.4792669800684 3.76954072316707 7.93361908178122
4763 9.59464058134958 3.83380700648041 9.29866545365712
4979.42 21.0817012620442 13.5092547927837 7.87338098407508
5016.01 11.6085645190654 7.40286435027591 7.03931148544325
5056.7 7.48348228697812 5.12274674613568 9.89095582694517
5251.37 44.7892472452422 19.9345855069507 8.77225970002382
5545.21 5.9758099224702 3.4091168448352 9.45157706925511
5574.67 16.560744406694 10.3609499703836 8.5391521666761
5707.22 3.3088053919585 3.18873684192707 5.73017444771449
5765.32 2.74279241940792 3.40611804865365 3.27637106220573
5887.01 1.59483462663704 3.23974704074191 1.84682254773725
5896.1 3.87271780067161 8.19302613240573 10.6218551030388
5925.55 2.35578941648186 5.33484368164549 3.57788470759897
5984.66 2.89012840077241 7.58649209516059 6.94946542535308
6143.03 51.2730002788159 17.7713596229523 8.7842862106836
6219.14 49.84814682524 13.6410671717679 9.84431920854695
6352.2 19.7862561927941 7.81946480608524 9.96376897080336
6464.45 8.76140624780991 5.56724116821741 9.69407133526511
6540.58 11.4325047139764 8.95717962232203 9.59065018025831
6671.93 4.83223269672634 4.76964149041909 9.18250490344417
6755.53 4.5941316975242 5.02474417020843 16.4943363095299
7061.14 25.431136117036 6.23445423782642 12.4840885871836
7148.49 23.8226525395297 5.7088669503109 11.8148828415515
7381.78 7.66691374798708 6.24204100791529 11.46228347951
7467.11 4.30331682311065 4.25437311144572 11.0567403179193
7585.58 8.54782047307763 6.54932123277606 11.9264569572815
7623.93 12.441837542525 8.5138142229381 10.8127961814753
7724.05 12.2848461254145 9.35637651246708 11.8174720749876
8019.62 4.77504740972609 6.18636650789579 11.6275355570024
8043.7 2.77012746494621 3.47846530108598 17.1122759494801
8155.53 2.74160403801764 3.0669231476121 12.5510567418769
8286.5 14.3260848987311 16.3728065898267 12.2781322691771
8495.23 3.35688871938889 6.03648253356758 10.9296602372397
8605.98 6.22338895813996 11.1777486052161 13.0130363325843
8815.92 16.4461983885883 10.0828806144877 16.7447271849996
8930.96 13.7613641357287 5.8865169763643 14.0387017735393
9059.81 28.7022866615253 11.0995769426241 14.2249295185356
9131.94 7.70660893777449 3.07920463266648 18.0177332357434
9376.57 39.6930638348685 11.0515560037137 15.4391131652883
9449.82 15.4458564109512 3.87969206147821 18.4387592220264
9975.79 2.77696028578075 4.09122983859307 13.2671550174819
10225.59 8.93820947595202 12.9027960646712 16.6582115609435
10539.62 3.26171107311011 5.18319016141594 17.0640649885372
10668.23 1.87805595362333 3.48766913981198 16.690739013673
11111.33 1.80654105767297 3.56985095471039 17.0183385996461
11139.43 3.24873158656755 6.31185875848147 28.8726475125441
11259.81 3.71480137493403 7.21908886685385 16.9523534736581
11456.86 1.25834894256718 3.18595529161439 8.54075533461764
11572.96 1.74929950818459 5.58154987122381 12.7062612990503
11688.43 1.4643893223424 5.79483212653414 13.198657374136
11704.16 0.789703577693747 3.18505471177881 3.1734454965881
11954.61 0.7647183214918 3.97586417681106 4.91439642400474
11997.8 0.579891095780969 3.10460161860112 3.53232602045318
