4027.68 9.7019819851538 12.299918523169 5.66915501001949
4060.83 2.45160609092035 3.22341354473325 3.16047513120839
4195.42 5.09470848457442 3.01136383023951 11.8827225241166
4211.94 100 54.4578144798052 6.99476626272826
4297.04 13.3538584845099 6.14575844189245 6.96916294016319
4355 13.5319300169335 6.92258333114723 6.86092278885371
4390.12 5.26001840373234 3.074139967257 5.32048442084852
4422.4 15.4132079549997 10.7526417249741 5.41977879199385
4536.21 12.7639373038186 7.01796756042041 7.49556262693204
4582.37 17.9320612642097 7.57071066717087 6.13636468668392
4619.99 11.2685670258398 3.9462059326079 7.02942388106112
4634.59 10.7024813239533 3.57762157153733 12.7692159348053
4677.64 15.6961980942366 5.53654923233645 6.97492881318067
4720.36 12.8958319275716 4.99167741062555 7.95799457787234
4763.77 8.97608126603948 4.22362866462825 9.24730962192461
4980.99 17.6499539825645 17.193431609204 7.21781973289671
5016.27 10.8225788366667 10.4560902841994 7.22127211740462
5058.81 6.08019146497257 6.21781354653542 9.9144280558321
5251.77 53.6729761703747 29.4052584078285 8.02018638157824
5282.66 5.96488581280382 3.0236744035529 18.832943399073
5545.9 6.4755990406325 4.29306507334556 8.77001742374523
5575.5 14.1698262741295 10.1900862764498 8.41302320416526
5707.92 2.65757273332339 3.36172959274008 9.58306520814767
5765.88 2.5570846109706 4.36283370501302 5.78851695875164
5858.21 1.45567665913766 3.41990294907515 3.42770068577374
5901.64 2.18979685818884 5.66482595628674 10.5773337793744
5926.69 1.35941884867912 3.54249931704301 5.95821581712607
5984.66 2.06561697132397 5.502920441363 4.99162518359572
6144.48 41.8811254666269 16.745139599049 8.61831940830598
6220.45 48.0226094050853 15.7958967426489 9.28840782727457
6352.35 16.7434352398552 8.3941291735328 9.15580787805629
6467.27 4.48947799964584 4.06748477703844 10.2352684305279
6543.11 7.92646851895306 9.18432622439958 9.37002570168079
6675.54 2.29530870724374 3.11623422598539 10.9449981088019
6724.54 2.15682183822772 3.0169285334277 9.77112485448015
6757.34 3.67007178784083 5.31779902820378 15.8629813414282
7063.15 25.642449986677 16.5484693564289 10.2861920379464
7149.11 18.5637221179115 11.7333777320165 10.3915705734034
7382.56 6.3325644156753 10.6851242691464 10.5991276357126
7471.55 2.65889133253896 4.72304998487535 8.57317934652474
7586.86 7.68101899590209 9.61089264390494 10.9187260433118
7625.85 8.27686415085743 9.09293366785067 10.1778661420549
7727.75 10.1363660892736 12.0575884086182 11.4686920103977
8020.44 3.68728297069037 7.55710774977665 11.6915910197467
8044.52 1.76268501453828 3.60691930602378 14.4236080645587
8288.82 11.9631250235689 27.7671478593503 11.9025275854747
8329.25 1.20871193482635 3.03745864122631 11.2718540440837
8340.75 1.21140352987183 3.11754171289373 6.45117654747082
8426.45 0.994458146743833 3.2368795389065 8.1858788527079
8498.76 1.33995313168333 4.93819020904442 9.63237591286997
8607.67 4.1401142034832 12.3043465586305 12.0308571506375
8817.63 14.9669896584882 13.8216889458557 15.5259835816178
8933.71 13.3394527051509 9.20743879000192 13.1927183316566
9003.65 5.69477834847378 3.51033856277173 11.7762670426437
9063.79 21.708294407965 14.5381867035835 12.7951060395189
9135.24 4.83826437760387 3.43117961759428 14.3267172266023
9380.61 29.2795827819767 12.850074460422 14.395912889071
9452.82 12.6911392861083 5.15288915202709 16.3622728839619
9496.8 7.13870825740287 3.04449730245392 16.8273029977281
9769.77 2.95321876405929 3.7113026462336 15.5496717843253
9979.05 1.80268212287862 5.076614643085 12.1319631114384
10229.61 7.75555065242359 17.1566246454719 15.3373320723367
10544.63 2.38195275791535 5.96370070322324 12.8359594219964
10676.99 1.52063979056473 4.70262762763962 10.0923101317348
11111.14 1.26687632708898 4.60467260594642 14.052836344832
11146.08 2.35311137750973 8.34586209763168 21.4429097781613
11263.06 2.80607074760905 9.580129203232 17.2231268265841
11576.25 1.19094166460312 6.06886451715684 15.1648676938094
11692.89 0.979149117131677 5.7041853421108 16.3820659902576
11806.36 0.514040670905079 3.05940158496365 2.23805314881974
