4025.54 12.3463960782835 11.0717818807623 5.61205349711872
4209.99 100 35.7977546351908 7.62158675103001
4294.46 12.0319837945799 3.15936257376651 7.63809906353799
4352.66 12.6980254886522 3.26715390782664 8.6388546440221
4366.61 16.8997213906155 4.48727215123019 8.58852450291124
4419.78 17.4815910784053 5.71276968757762 6.13946656700136
4534.83 12.0834339840192 4.50253579475772 7.34963698400406
4581.61 19.301111329522 6.16846255119978 7.51912784739761
4618.59 12.4725907893347 3.48914176221841 7.93985941798746
4674.06 11.5068334636098 3.34716602744421 8.20470958121587
4718.31 10.5130577666817 3.46343102431721 7.31879475380629
4978.37 28.680421952434 11.6044261642367 8.4009216866134
5014.03 14.0527111463649 5.43132421451742 7.5704110674551
5055.11 10.6997714838594 4.388675132494 10.8304841883783
5249.89 63.0557888009939 20.6653402038216 8.70385287017871
5542.59 6.23711226028587 3.18503976670482 10.0589849963662
5573.15 14.514293715241 8.10979721488874 9.44056446628838
5897.24 3.87215432791848 7.74537391961096 8.10243251593965
5919.71 1.5402973994422 3.05485079411931 3.64033996177659
5923.27 2.02698679698507 4.02430737394716 4.56713773846695
5933.82 1.6384886931863 3.23045264007871 2.16247264354479
5981.37 2.22414442231235 4.32924846319988 3.54163167339539
5986.24 1.61456574982768 3.10458392420885 2.64881828875332
6141.73 68.1139058281624 13.6555871342626 9.28199081924868
6216.96 69.1095023639177 10.9007472561528 9.67597239613042
6349.56 23.0250459119302 5.84118862631348 10.3186433717165
6464.45 6.92766486547555 4.02849588525662 10.0367048898124
6539.53 9.80194125012062 7.54542548576204 10.6259735517588
6670.58 4.1020599386415 3.58775135549859 7.18160933578292
6722.27 3.61615223519812 3.24612432914695 9.30226646485607
6753.26 5.74261065701216 5.37112368387707 12.181398937264
7059.44 33.9544078157859 7.33451719290191 10.4284710930551
7146.78 30.342442378201 6.37727709055392 12.5472358942052
7381.46 6.33094723415956 4.02026951298838 8.92541153390721
7467.43 4.79641399138097 3.74607632556571 11.9223541510091
7583.83 12.9789657771951 7.68934364748288 11.0566830332991
7623.45 18.3589591762766 9.53561943730248 11.6162594051902
7723.56 13.7822370440378 7.95512435508391 10.9744680937156
8018.64 5.65493088969131 5.62256191815217 12.6383500434877
8285.17 19.2831075460451 20.7145310190757 11.1075669458296
8495.57 4.00530640666786 6.43319477204774 13.0134888721859
8603.95 5.56186201676983 8.89338527859578 9.8267734246474
8812.68 18.0851799489799 8.4958018031092 15.1808199880015
8930.78 16.1306283309927 4.82561170596209 12.0312457411437
9059.64 34.6186628892506 8.97757135536733 14.7881270187663
9375.34 42.3505740694145 7.77768701791519 16.2612793626085
9450.18 22.069234471745 3.74799975212851 17.4894496608813
9976.15 4.12947415999779 4.88244921720079 12.8154526503531
10224.49 11.5951929494072 12.9503146188551 14.5142538852633
10540.55 2.87951892459641 4.01715931301618 17.2428271743374
10669.34 2.3448303294467 3.91705850891732 11.3678408907199
11111.33 2.43570482621724 3.77524304747228 12.5961684978065
11144.37 4.11593319429734 6.3084972644298 21.6708751071856
11256.76 3.6598641933791 5.69246855700284 16.3550234758259
11578.76 1.55172546042391 4.20683495318257 9.13683921902157
11687.07 1.26579867993971 4.44455956185985 9.00741047751399
11860.24 0.603471076512432 3.25047993967407 4.64865656451548
11954.22 1.39523158379565 9.00118017996537 6.94065855670124
11960.69 0.463663817957594 3.03126177149303 1.82081583613035
11994.06 0.840616602659139 5.91622085858577 2.26772030106076
