4016.03 2.14038378633952 3.13536884227588 1.24064789199338
4149.08 9.35609278256161 12.8330461857399 6.53791833546347
4186.45 2.20621950353667 3.06879241561547 2.75206036537566
4192.27 2.32320706580313 3.26100751923472 1.03538341635976
4292.63 5.10321908447391 7.88434122777471 4.05516110975805
4311.77 2.16596712970556 3.29039968774566 2.04900944869951
4439.07 2.29861795193046 3.42831430479358 3.49146057981216
4493.65 2.01926369625876 3.2501296563631 6.34421784876577
4663.35 3.41766114668469 4.59309299386155 1.50940545824869
4668.45 15.186059378361 20.3984514345808 5.68517846835039
4689.26 3.80134694278182 4.90319410793092 6.56350015528824
4891.74 9.01861467450201 12.6944186582124 6.33961078427456
4912.48 2.81772946875601 3.88381526809368 4.7816652282354
4933.66 2.97768238054225 4.17701500841937 1.95547289463866
5287.79 4.70190256319692 6.92381396386567 6.95916635509275
5377.19 18.7987501135294 25.3431955355127 7.07565299285579
5415.52 4.20960188440173 5.79552106563814 7.74679676380765
5812.53 4.63933410312069 8.79070391664975 5.29597583320265
5852.54 1.94402918990196 3.66118058462299 1.84348671072166
5967.93 1.43035711131176 3.10484415730629 0.818141004258905
6066.77 1.37135741566498 3.50853599366891 0.799444734846475
6086.52 1.25303507642641 3.22252155546628 1.04604826182731
6241.59 4.28970460974173 7.82767540184492 7.68041859234563
6311.96 6.28344551438258 10.1779837704669 7.60045572882791
6442.82 5.07547781905905 7.7550731670562 7.04220426372922
6463.86 2.52016071458781 3.84244700233963 4.91590068806545
6505.59 6.10608505947384 9.24704063293234 6.58768802196209
6784.46 100 38.5918502445 9.06089908855847
6822.57 22.503951375589 8.81649056125401 8.68780459766003
6860.92 7.82797002934991 3.0384470977631 6.85428498272813
7475.83 1.36861994521939 3.79567904018326 1.507095788078
7581.91 1.28708391215691 3.85921267650875 1.40829110446884
7795.81 0.842440873197437 3.08424247806658 1.46270977893982
8001.62 1.08347527593043 3.34468675142384 2.26811139171514
8062.4 2.02808043818066 6.18254119381497 7.12735161864475
8348.42 0.780927001995096 3.13775524294021 1.28142099388242
8421.43 0.771113043359869 3.30694141745905 1.5054481497973
8426.95 0.698720164855879 3.00928915012382 0.593411763436961
8544.04 0.718616648681073 3.21294201460201 0.63973549081129
8806.7 3.12111652671371 11.8294793148004 10.7359122981179
8827.72 0.850175012197042 3.13958639216028 1.08161469096558
8850.14 0.888931133714307 3.25216274201118 2.97490935161295
9095.15 1.04788042787487 4.67730760904486 6.10758536510912
9104.34 0.775151176775085 3.49063944067891 3.37098918401352
9265.77 0.590579278706755 3.16835261929816 1.69136564982364
9279.76 0.567366781226322 3.08836158801605 0.528965787509151
9545.65 13.0894324202953 31.6927355940538 10.8082842764325
9583.79 3.2906593998139 7.49467864364222 9.4885812562643
9620.57 1.43395049072564 3.22587943281028 7.1679298578365
10022.49 0.901946491830484 4.01925377315264 4.74765075188407
10029.73 0.812793180306424 3.63667210324408 4.83006170117551
10092.34 0.814962467649376 3.82986959712233 0.909251204044267
10476.88 0.540699885442097 3.05787473472527 1.47934948363581
10572.82 0.49765921031042 3.01310166996587 0.820838379870111
10749.8 0.501192185095328 3.37342194983941 0.401426593341967
10862.44 0.448709380252439 3.10658400008688 0.775314742946648
11102.98 0.454112020653427 3.18719851609923 0.850835664470651
11112.47 0.472043466033792 3.31481745983044 0.61723562555926
11188.5 0.473237895648385 3.35292308004723 1.15610170016407
11296.31 0.44950746125208 3.23053927180251 1.15146368535352
11447.82 0.403053202478901 3.03643838193297 1.72023267398254
11657.18 0.369575068374067 3.22175109817403 1.23317463322928
11744.41 0.353028354158155 3.31138206736903 0.910968084646811
11771.86 0.326579230367333 3.13804353063514 1.13355306316225
11868.65 0.337591877329792 3.44829214610438 0.647768366934542
11890.94 0.292491609745494 3.01140061198864 1.35013865667497
11899.55 0.29303005547056 3.02631485489871 0.352259654377121
11913.06 0.417859528104596 4.33699553326236 0.718671493312286
