4149.08 15.1285681827653 27.1929258526675 6.83917451155685
4187.54 4.15709585503847 7.02001421097174 8.00450897357405
4291.64 3.51803093213611 5.16444491563441 5.76413644705553
4372.55 18.3669581059362 17.4075157400534 6.48647769909257
4411.83 8.58076351730009 7.67173494013042 5.68136251588658
4490.9 2.63798867929783 3.00690283098718 5.06330804201116
4668.2 8.53036351048141 14.0324018815951 5.9942763839399
4688.24 3.95366150451638 6.1970540129379 3.86631763024343
4892 9.29264659472595 17.2150043693868 7.44631216286052
4913.39 1.94357469161916 3.36076839933276 4.2537328366725
4933 4.9864596045603 9.09456263873597 6.23587777980174
4969.3 1.8971134792414 3.66456799392594 4.93380617022831
5163.36 0.970609685750543 3.24524198473374 1.31680335500732
5289.15 5.58900610428511 7.65887259079106 6.63320698249572
5377.33 24.5030169533542 22.4066906851319 7.29817717951937
5416.07 9.36847359568907 8.67955656066735 7.62083929850269
5454.52 3.55158011169722 3.45862524890289 7.56716074793712
5753.23 1.12677832427984 3.27662747109119 3.27512435254812
5811.68 6.5802229555087 15.260732306761 6.82895677516353
5850.28 2.09849458981616 4.48190943145546 6.87612510298641
5889.14 1.67654785196157 3.32216571476932 6.37317233200156
5926.55 1.77365664045402 3.75955115844087 5.01628300528773
5966.21 1.29140138859525 3.03939931902788 3.76543897099964
6239.55 5.513063871376 11.4869187417168 8.23167264307813
6311.96 7.73538289588988 12.4254186795974 7.63030340220848
6350 2.80952151448793 4.03746157361858 7.72572218665664
6442.82 6.07319022249391 8.6027838078969 7.32206799838514
6464.15 2.88769036942246 4.00888338289451 6.43326297505519
6481.22 2.35944475370036 3.21225251102198 7.68768217978504
6503.95 6.84328768731152 9.28577861583839 8.11379844983185
6784 100 20.1111825340273 8.30328109774291
6822.87 40.7679949209098 8.19086848416853 8.53665402542902
7319.01 0.682854605610406 3.0343075775664 2.5648664764949
7729.2 0.583227358001762 3.01719733276907 1.48242558700076
8002.77 0.85430906898411 4.57823854878412 3.92844955160672
8061.25 2.43787785707743 12.5931216199179 8.91530349967434
8082.27 0.675252280880455 3.27049478574114 2.3466128043483
8101.67 0.845376881890516 4.07012403254636 9.55593660366321
8478.77 0.325652276460676 3.05834633707958 1.37095762121317
8578.78 0.406125702513564 3.95697130153839 1.02164993246151
8808.75 4.84435275476814 25.0728945489254 9.55889974241109
8825.16 0.765240882679564 3.6737247638607 2.56861739141823
8845.52 1.6633122738877 7.80976266545627 9.90240714690844
8885.79 0.865592599256535 3.79589450162642 5.26194527938242
9099.14 1.39593939077946 8.24465503455923 6.70910020908923
9107.81 0.511632329840236 3.00121573019703 4.1448331423835
9135.59 0.741445764342616 4.7798491276778 2.0962288473329
9175.93 0.459196471199785 3.13082717389879 2.12749924547643
9547.07 14.6588561151356 21.0041377771103 9.57719525938955
9585.39 5.38526349821895 7.24433053416765 11.0241264235119
9624.13 2.71657318653174 3.73837482468924 9.44191152174972
10023.57 1.20045939708219 7.52163258496935 8.91451726671221
10064.74 0.526806926841561 3.43702908462443 4.8256342315035
10241.5 0.496133190863789 4.1730217274966 2.01490749581171
10727.75 0.258368785625803 3.2111428122052 0.495662119066765
10972.6 0.210106326991198 3.03443475694536 0.968307896469923
11181.84 0.210943685794273 3.00967481039217 1.3463499970876
11441.66 0.201972291624002 3.07781171335513 1.80643109485209
11451.28 0.269991894614708 4.15031460259772 2.64836571508749
11461.67 0.197363894256522 3.03729273191362 0.716412503144966
11526.23 0.198495713936446 3.23992557968879 1.37520021003184
11538.77 0.185327701054065 3.06010148606283 0.337241527678998
11649.82 0.207054250249714 3.82645717993778 1.97562524382192
11861.8 0.149944753566174 3.06179538126757 0.628269436167102
11871.38 0.165043427166217 3.37106096053959 0.926390118151176
11886.64 0.150676786605496 3.07861472253228 0.438544013150022
