4148.36 3.01227783180855 3.31938159057669 5.11575798727881
4291.52 3.21227798982242 3.98149909309512 3.66296493984464
4373.91 2.33195928748676 3.02352577198461 0.967643206082357
4487.77 2.59137429640113 3.60035049539574 1.3578050460319
4667.05 5.80110536664466 8.03212689136849 3.61481681686746
4673.04 2.5728158960155 3.52899759883568 0.856893423130714
4684.53 2.33295248541988 3.17446708906229 1.4514091066585
4888.87 4.35037818902164 5.49979040185289 6.08041757610499
5285.77 3.49707815981643 4.51468272874959 6.70228329520342
5323.12 2.49812209684485 3.0321386488636 3.62260678600796
5375.83 16.4202957863408 19.7880063203215 8.00634952072051
5412.1 4.93427215765226 6.02032268948705 6.7449287724894
5628.8 1.77592360017823 3.08927831005173 1.22733289247481
5809.28 1.87271143424165 3.09071750426632 2.79699956231161
5972.5 1.83475289699148 3.23786822132779 1.32007730500118
6239.99 1.73673943736178 3.30794972510707 3.00118437819856
6312.4 3.41172510870021 6.11741540172361 4.01345603535628
6442.52 3.45319072108978 5.84521082264397 6.04005194921683
6461.63 2.25302680844815 3.79026304746734 3.99938326661413
6503.65 4.18724054469113 7.07583121968794 5.94854939693414
6783.25 100 54.7557454465457 7.30807341721174
6821.65 29.4863206662874 16.1040856219684 6.79881226989619
6862.6 7.02802647347158 3.75837715897846 6.89678130127959
7268.69 1.29577128524103 3.39897562472473 1.29884901119294
7698.8 1.23870852478259 3.66453911393977 1.3916544732383
8057.81 1.16144378874327 3.48633878872822 1.88093065706562
8807.04 2.24586902494706 7.77188601434569 8.2893584584981
9546.36 6.29597977160087 23.7396201920642 7.52091991096313
9563.91 0.943227885459669 3.48683942837644 1.46779097550643
9585.03 2.01273873654301 7.56591133660425 2.18959815211747
9589.83 0.826751719435613 3.08117965505665 1.42635612567028
9621.28 0.864240301486934 3.27192393647712 0.977521979039011
10347.49 0.58456518301335 3.07265068715453 0.903852063020167
10632.1 0.573142243825602 3.15181981762505 2.32996380848635
10643.45 0.575497979483046 3.17601040926142 1.57148042516201
10743.07 0.620575009563668 3.54431085921657 1.76421044919152
10842.91 0.562968091743507 3.34551956383111 1.94103958447886
11249.69 0.469154687323999 3.00811653052178 0.769233309147239
11375.21 0.503540127006647 3.31757593624193 1.80164109208999
11617.46 0.515888292315164 3.56493188842207 1.21875982411802
11623.66 0.492132405937612 3.40355271730671 1.96304756684003
