4150.41 2.46700538839292 6.51978929003508 2.57871672077181
4293.24 1.37433662826484 3.78604898606003 4.4158711691698
4609.08 1.27472819156975 3.39647617624131 1.00537207583602
4668.45 2.61508886643164 6.67475534995137 6.04032404619466
4891.48 4.59490610113575 12.0967684930027 6.56692578334605
5126.53 0.840926720455878 3.12225407260512 1.11369532769368
5288.06 2.72513176360756 6.76764891030158 7.41166348433126
5377.46 16.239865475019 30.2852031737683 6.66086723351054
5416.75 3.79874856380087 7.02790345311316 7.40734238722598
5455.62 1.7822606189835 3.35007028441912 5.28191830895685
5683.31 0.906402678919365 3.59955666555052 2.9810500763615
5812.1 0.958427802750686 3.68230097021537 2.5357175673671
5888.57 0.987244586944258 3.59360388514697 1.62428185858425
5929.97 0.808102742516077 3.00767385573305 1.7797927449692
6008.3 0.751014373958617 3.04221013489563 1.22030835772512
6123.06 0.770364679250578 3.38792813494631 1.71104516493415
6310.78 3.02861111039194 9.41465611581177 7.83017680627836
6443.56 3.83178030483067 8.97630320806657 7.63162379177538
6466.38 1.74038701015595 3.92851147957902 8.41157356946405
6505.73 2.96521364867856 6.32555376037371 7.98634690639847
6784.91 100 35.8533846326371 8.52364617889361
6823.17 22.9498385549553 8.11392783346674 8.89285835261398
7293.75 0.556130726979482 3.01863848070182 1.02099080777134
7333.77 0.594085642396442 3.1180554876095 3.34540832989751
7581.75 0.663009507135056 3.50495194989161 2.18918655692778
7622.97 0.580690893094456 3.11898758647568 1.34000986568481
7725.49 0.538232367451179 3.15600832727813 0.647651608333035
8067.33 0.685605890001017 4.19266422320712 2.66984925906854
8515.07 0.412549633982494 3.28342267427688 2.29357270336914
8639.48 0.476410606772833 3.73861365113866 1.38820463131015
8808.41 1.13532479912548 8.56910618809536 8.49257395327368
8847.57 0.437059877535258 3.2765022417877 1.11034638887213
8886.47 0.410339755743121 3.10987023347277 0.918864808571016
9131.24 0.365191142523716 3.3603144942147 1.33692031043756
9221.59 0.308556872093745 3.09107950551171 0.731329336285853
9291.14 0.339489709524476 3.57468529372232 1.32085262584224
9548.13 2.28044346568209 17.0769386677057 11.0543715783188
9586.63 0.749472037606627 5.39206479161212 7.61028455957057
9592.13 0.638608050089613 4.57950712361653 2.28791618735158
9604.57 0.506584050447542 3.6130574463087 1.3316838942992
9627.51 0.428562627790072 3.04677754545304 4.49931965128053
10209.69 0.278810946720786 3.08452131955887 0.572492799516112
10932.06 0.247221570219861 3.41040093131228 1.29773374626348
11470.33 0.200950900403511 3.16611212555225 2.36668230497889
11619.78 0.236296261467804 4.03576073861054 1.45979100976001
11676.39 0.173542018314884 3.09553529039259 0.565995113929603
11759.98 0.156999714480153 3.03694147968533 1.51618440566926
11773.02 0.157907827948439 3.09537660128312 0.442128748079995
11821.57 0.153768357808396 3.16926209219986 0.76124896985857
11964.03 0.142938092802017 3.1905001473447 0.356051127007959
