4152.58 63.7364152666634 25.5435507068103 8.2662242615088
4214.37 25.690812657484 10.5518423740465 8.16570261936431
4298.02 34.2950761472246 12.7437140451488 6.90379581612615
4393.72 12.1722328735237 3.45057712025939 5.601016743738
4424.76 17.0215211561935 4.93238135060776 6.45899561621081
4446.17 24.386058473429 7.73035527366268 6.58231455051009
4586.92 14.9868199669532 5.59638532862014 6.66005509909792
4675.85 77.3139328481628 25.2798950734166 7.34086271822707
4724.59 9.47066215415815 3.38327850321708 5.59125734091776
4919.27 27.6710338272292 15.0793077518093 7.54099643165137
4983.49 6.88831465768726 3.72083023982954 8.40091775559631
5114.69 15.5627103178015 7.37591263154578 8.61699189600949
5174.86 25.2525670401897 9.58798334119274 9.23862651946456
5253.79 14.6587023215002 5.03268965794745 9.89422576839115
5383.73 23.5614866548165 14.2132785513658 9.29287636145818
5548.94 3.54702598337274 3.44568720486201 7.94092411459133
5607.4 3.59233579517329 3.235413033626 6.07205563547359
5652.19 5.00265998172482 4.04928206447694 7.33317516584339
5758.01 17.4243214897723 10.2846053245074 10.0186331897712
5819.16 33.5855134201185 18.4623669078856 10.0801552247103
6147.09 15.1769365742474 4.43029009399423 11.0833468038063
6223.22 21.3553933302124 3.93557107343997 11.8972045462278
6248.89 58.8909551134984 9.9488386569529 11.2570211527118
6319.29 100 17.306738555351 10.8588475129645
6356.18 24.4850474058533 4.31537121232495 12.3711598317714
6513.17 31.3790661240999 12.2419633810744 11.265913871468
6748.57 71.3219548592743 18.9102000027015 14.8862221448526
6793.1 84.0173313184621 22.5370273758767 11.9346297288876
7077.98 17.6489453959246 5.0981091435939 13.5852612614199
7153.3 29.545425378941 7.86460911994856 14.2367822914903
7183.01 23.5796848568608 6.08204370788143 14.9801578728157
7231.8 12.4342966766638 3.41307653382638 12.7024968319047
7481.22 31.3306775742876 16.7473339612097 16.139478391241
7630.01 9.42088440995373 5.28575640998894 15.3265036207486
7730.81 10.320105805114 8.81458320215522 14.4212083005068
8011.77 23.1443180176039 10.7290411822382 16.8018617467442
8070.77 22.2408747337658 9.24798952734315 15.2474018335943
8503.81 1.93204327240378 3.73615880112959 12.8397014644888
8551.45 1.60153653035355 3.38772455789489 1.7401571980572
8819.51 37.0282450699281 21.3641639559322 17.2878441385092
9068.47 19.372972318719 5.86707569606096 18.2792976872188
9109.54 24.2457904365677 7.57751335515727 18.9470656663179
9386.06 17.0934779440736 6.597495283604 18.7606105566956
9559.66 78.2079379390223 26.2810079860748 19.0470123595733
10037.71 19.9121160550469 13.9190280594007 20.4987611201377
10419.65 11.8339989307464 10.1082914962915 21.7299713235425
11376.36 1.77262893435765 3.79854860072403 24.319338302992
11467.44 3.01789242074132 6.27063271476139 21.508351576038
11531.63 1.6120986634616 3.62654962465291 11.6638616056898
11939.71 0.744549971746898 4.93040914469469 1.56266775674885
11961.08 0.732849788560826 5.15049485274411 2.17731344718777
11976.78 0.586453232441322 4.31517673158111 1.87925861249823
11982.87 0.4675323906924 3.5036683701355 2.19117525715228
