4152.71 99.9038274870294 29.6489498445271 8.36121105417533
4213.27 37.0166285712811 10.6330644936569 8.42284747365738
4297.04 33.0737203958381 8.56705301688262 7.63822781108229
4422.52 16.0589152131279 3.39017533867185 6.94787014774101
4444.3 25.4799665801948 5.96850909157261 7.96539712593494
4495.91 10.2578858071005 3.07509287395299 8.92358343900469
4583 12.819970396995 3.97053585565667 6.8151958454182
4673.43 74.0680817143024 19.4159995316456 8.84903555956407
4917.31 28.9469800189558 11.5057289420098 7.58663616482318
4980.21 11.2151818704147 4.38304463054623 9.99582574440956
5111.63 16.6987049787677 6.4776165565644 7.57788076852285
5173.65 46.4953396876364 14.6970064147272 8.75945003292964
5252.99 26.1153101937341 7.3787828774647 9.47414506882615
5382.77 25.6198227702083 11.1896845083159 10.0488628869834
5650.8 8.66798526865538 5.92036041290485 7.39849363989288
5754.91 15.0232849225504 7.86084791863212 11.2803650656533
5816.48 34.0289311582501 16.2042412754436 10.5067421967551
5971.5 5.4616601560833 3.35620994828817 10.3799744698199
6145.78 26.3307427861788 6.17787014979215 11.8247262892819
6221.47 30.8630951383492 4.79304422804459 12.6695661299145
6245.97 65.2018710466349 9.3703201038293 12.2720554238076
6316.65 92.0368823401432 13.305066427567 12.0498606346755
6353.82 31.083513242972 4.56256658257222 12.88299530732
6510.94 30.5313092000675 9.87213670990007 12.0918253456221
6746.15 80.1270941016809 15.2778783294405 15.2137631818159
6789.01 70.8793171485545 13.41877059767 13.9685679769264
7075.05 24.2510640538731 4.74896630873621 13.6133140319625
7151.59 34.5206666619034 6.20945437228256 14.8553322513553
7179.58 29.1633284772155 5.04526995096395 17.1179342761297
7228.52 17.063198823173 3.1685363329423 14.3439772642396
7478.05 31.1076752705866 13.924447086921 14.78700086154
7627.77 10.9031333346096 5.46089834789615 14.8278738423005
7727.91 12.7394057398431 9.2208222512728 14.7216657175941
8008.66 29.115375722294 8.21847281449046 19.3200974657793
8068.48 26.5995921941581 6.62941204312695 16.4057776194841
8138.71 12.6409305041927 3.13883804930662 22.4817230146537
8495.9 3.21720498012368 4.33317932682635 10.8028989063296
8817.12 41.5466185895108 18.1188460760981 19.0277613094258
9066.56 22.7233458917405 4.90707928062095 20.6896391421342
9106.77 29.7103172998197 6.54896214658014 19.7961386984298
9381.49 18.1352309000997 4.37201912457976 19.643462597307
9556.64 100 18.7968429665329 21.0907286189413
10034.99 23.9698435240595 8.59465044099974 23.2020620280382
10413.94 14.5769082530257 7.90552350470226 25.3727264398185
11462.63 6.34346971700748 7.28192252765407 24.3558663683543
11929.13 0.647892913907585 3.44508934513604 1.14740414156404
11951.47 0.683948410558587 4.07364610820859 1.94252514888103
11965.4 0.75834604418755 4.88301607251394 4.34767361871673
11974.62 0.854331015923886 5.81232974607118 3.36782445840436
11982.48 0.615139390569509 4.37122767747286 1.66306070237079
11995.63 0.404273651342077 3.11009349392969 1.15115895060444
