4151.74 100 41.7366159245626 7.57488667807047
4212.42 30.2065769793278 12.0433698707269 7.37032434029879
4296.3 25.4878729160044 9.29855458888514 6.99138690409563
4308.09 14.5356062388706 5.08180645238706 9.35604189874175
4443.8 23.1901860867204 8.34636531198601 6.05424244108053
4494.28 9.67531802509967 4.56137461332993 8.67685061192151
4672.92 69.8429607641014 20.0241901677619 7.25245954600814
4720.61 10.8833035932954 3.25400734287349 8.43342187933285
4917.7 21.9308061733529 13.1479008481184 6.99960469929374
4979.94 7.61033889725464 4.76134159805992 9.30644824156388
5111.49 14.2221068998531 8.02082506472725 7.13000099402234
5172.58 55.0428771112487 24.2428541225922 8.89033221538557
5252.72 18.6356755970384 7.20661536230612 8.33335208288463
5382.23 21.0393570995902 12.3914649080227 9.00154794482387
5651.21 7.32611307461865 6.05849138717407 7.62844555254833
5755.48 14.7560055531499 10.0912097801922 9.03958893918752
5816.2 28.2315783229101 18.7108998280513 9.47486823139116
5971.36 3.3324454782318 3.15499768924701 6.11213545689407
6144.77 14.2034168317237 6.26329305167831 10.0332142161778
6220.75 18.8666104445397 5.11762676014225 11.0255196667531
6246.7 59.2293707321109 14.5052546246973 9.92546101344215
6316.21 72.5147960112065 17.7518297059565 10.1137975777629
6353.53 20.4256503805377 5.12319187922091 11.0337745178595
6445.78 7.98474118486793 3.0982674383783 11.082371886233
6509.6 23.6785864971801 14.4428760431396 10.5108146281673
6746.45 69.4661797923026 21.0659043161627 12.8817358047727
6789.46 56.1762575644732 16.8732042718954 11.2508357034212
7074.74 19.7259945717593 7.68692574916501 11.5639148646105
7150.35 20.7412493274977 7.38389207822925 12.3424451471028
7179.58 16.7369151502601 5.72842685157874 11.9555928465052
7228.05 9.39065471661162 3.48811502375661 12.7406754293506
7477.73 32.4708973124068 24.5062248141568 12.1428326743844
7628.89 6.60742041151341 4.67746457681203 12.0873220558451
7727.75 10.5537007329957 10.3970397831518 13.0472971374847
8008.17 22.9515499970993 12.4376993768025 12.9118068329808
8068.48 19.4639349063462 9.52212360951825 13.1310829646254
8139.37 7.5022243786158 3.67314861946313 16.8093257085593
8499.77 1.99893714216287 4.3156754905566 7.75473063164281
8816.1 34.1163466894911 27.8382950656474 14.6631798634498
9063.79 13.2587939736316 6.25283773580807 15.0904985986163
9106.08 26.0572749723083 12.7705258422906 14.9570321958254
9380.96 12.8653873300641 6.0526184697807 14.7577980236711
9554.87 90.5987972038652 27.8376209367435 15.9549045096082
10033.9 18.6469667074219 14.1359872517362 16.7027670018124
10415.41 12.1194711754644 11.8861658891006 19.0350994192995
11380.77 1.62944078751941 3.27508814382042 20.3564489469245
11464.36 5.75873455871004 10.7424191405907 18.5772244953405
11929.91 0.393263073277432 3.23119669282045 1.43765327655092
11938.34 0.423545258639573 3.62296046150798 1.47378673850835
11946.18 0.377239534115152 3.34905005444589 1.61473171974649
11955.98 0.514322031787732 4.80980440467314 3.90410057717963
11973.64 0.56528509582728 5.82086986214251 1.44262917238484
11980.51 0.395763490132634 4.23410515004558 2.34397131924379
11988.17 0.458890100783871 5.14652077451335 2.66273366865971
