4152.22 84.8831084246932 40.2531073541276 7.61318418922929
4212.67 25.6263820950969 11.3824026129367 7.08364026453819
4295.45 27.006059310096 9.32155467984872 6.49477436070083
4308.33 26.6084182877379 8.80681943293506 8.55834276844962
4422.89 9.68366319227932 3.12732728149412 5.47393901296709
4443.31 26.686596670446 9.55881115253574 6.22812655109374
4494.28 8.69516579724846 3.92108928870126 8.41544542018073
4583.89 8.30073681279602 3.4958922317351 5.57448439655491
4672.79 78.3686894729849 26.71955181472 6.64276108232025
4722.15 9.99123816969961 3.65058007967642 7.84475555857989
4896.17 5.44017864332794 3.74918642886335 5.35865576246397
4917.44 26.0003757253966 17.3805731235974 6.28351451242725
4980.47 8.47092688994572 5.73200494899096 7.99348482136247
5111.36 17.0945271114809 10.077387095804 6.95668562857009
5173.12 61.7242188339373 28.3256884708043 8.2666636762624
5253.25 19.8709273009523 8.25565839500143 8.77813699570925
5381.41 23.1302240286967 14.3355493230177 8.63340330674873
5649.82 9.3712632828923 8.62710800930383 6.7192910173826
5755.62 12.9952897854669 10.3767765853764 9.19168523181088
5815.91 26.4301235195317 20.0977818053255 8.8585994508876
5911.32 4.05106518036893 3.31156640441924 9.08382808090391
5970.79 6.56076050124382 6.89808666993304 10.0925315531595
6144.62 14.8797250581752 6.61015446952495 9.17542183182468
6221.04 20.3880016695029 5.63460231934114 11.1349204693524
6245.39 54.2434721094367 13.6131238744193 10.1093518061143
6316.21 76.1415377784491 17.94937522548 9.82519381171187
6354.12 20.64588233998 4.75368133891621 10.5800873269973
6400.98 15.6719626704604 4.01615567606071 9.99077666002813
6509.75 25.1146868251914 10.4764240855688 10.1524496629263
6746.15 78.2182303124778 21.515382920176 13.2697325719992
6789.46 58.5169092062721 15.9815697453403 10.9947440049118
7074.89 18.8933792081474 8.60749356025309 11.3602729175773
7151.75 24.210727545359 9.35815181230786 11.2897850071286
7178.96 17.0702465590004 6.18057675330407 12.9075639965722
7228.52 12.6697803468123 4.8831615442913 11.667144499901
7478.05 34.2016992415879 23.6342225389934 12.6335795608347
7626.65 6.43099863392717 4.50147851336911 12.8198648837651
7728.07 8.23616783129262 9.86792849354516 12.2836745327249
8008.17 29.8205616664374 13.8901684737657 13.2741977292344
8068.15 23.4212832672668 10.0651649019827 13.5340772287336
8497.58 1.52286179495288 4.00061939515483 7.19705632018486
8540.83 1.24018681646275 3.63556404843899 2.13207460660669
8814.56 35.7812203159885 30.4562857883566 15.1688256333327
9003.65 7.85964613685865 3.31658333193042 13.9166345582707
9063.62 14.6305266812327 6.37481918021098 15.4338819283148
9105.73 30.0906026567692 13.4028848977233 15.9291872295507
9380.43 12.5165934483768 4.4198082914556 14.9289762466378
9555.22 100 19.9522157494233 18.079982178122
10033.72 22.0301847757744 11.8999293055466 18.5888503450333
10414.12 14.4599100052137 12.0548529973232 19.9574930768558
11063.73 0.826586168540927 3.03214797140628 9.81904795967239
11374.25 1.92782902122047 3.54232767919421 21.7279234990237
11462.63 6.73489005261205 10.8630705233425 22.4027103377884
11963.24 0.677224847961661 4.04138335877434 8.35443553869482
11970.89 0.530861685494935 3.23978769371984 9.06452915108821
11979.34 0.75809330201324 4.74967371769783 5.41726139349339
