4153.43 90.7500318459669 26.0043853094168 8.86386176835458
4214 51.5376237222722 13.2578356154843 9.69981400449888
4297.04 27.8995067622534 6.7042495852118 8.59067790067456
4424.01 13.9068972936927 3.20145474348388 7.78173186096137
4445.67 22.7223138677359 5.91171242067233 8.01660524173076
4584.9 12.4506640892082 3.96805446458638 8.17704625175611
4673.55 71.3646445108669 20.6385740108977 8.72164632091517
4919.27 21.9371072468115 10.7163661823656 8.58394843824954
4982.7 12.2101291895937 5.76238116710201 11.2733388744646
5112.69 14.4294484007167 6.35306846456742 8.43913556225834
5174.59 38.0124227388186 13.1052824580693 10.4137650592029
5254.2 26.3063513160702 7.90122944522648 10.9468826058701
5384.27 17.7584426414566 9.16580082587266 11.6339812967981
5548.25 4.27164587955781 3.37451771709288 9.67496647472308
5651.49 7.62447563617155 5.60743131755323 9.22822544284372
5758.01 18.0898014910792 9.58174681228943 11.7812168289602
5817.89 36.1911888462785 17.4865848840246 11.1514220165336
6147.09 30.4482686485205 6.13100447283979 13.5661901973408
6221.77 34.1054233845037 4.65070507127641 15.1654990066463
6247.58 79.0624422713058 10.0690624131551 12.0477564642979
6317.97 88.5945419138259 12.3128120755512 11.9245153082784
6354.7 29.693834933943 4.39606031894383 12.8731295384669
6511.83 25.7774014178248 10.5109188448126 11.0180539974435
6747.51 85.9928188109993 20.6845371565022 15.3985829817238
6791.59 58.4486938988114 14.0962074029129 14.2059427746972
7075.51 27.957814839498 5.90772080680928 13.6373766276356
7152.68 28.6181541462012 5.48495187487194 15.2515954621103
7180.05 26.3828667500326 4.89815313832975 16.9125372140434
7478.84 36.3505224790767 16.3074563899103 17.0417587847887
7628.89 9.65978359768353 4.48271378657288 16.3136976503438
7730.16 16.7561727968155 10.9279763932584 16.2711918020659
8010.13 25.4721470245761 10.5831363450553 17.7782528701573
8069.79 20.2321356088846 7.61895549113836 15.335599801404
8498.76 3.15701744618986 7.17821052146549 13.6650951783849
8817.46 39.3037352735259 17.430056594956 18.8205174836112
9066.74 22.0077234367845 5.22603103037648 20.7035775169516
9108.33 29.7597003162889 7.43584182429952 18.4873664912884
9382.37 21.7161388453272 5.76482767848858 20.3482033681903
9556.29 100 25.9709831360117 19.5344480322383
10036.26 20.6569406425125 11.434831904926 19.6435223519948
10417.44 12.9432511829853 8.67303519512579 22.6549627554377
11466.67 6.26629307725619 9.38264300877179 26.0506608998767
11932.06 0.354576333596892 3.33240677949516 3.61484641079551
11957.36 0.732308328620571 8.05743849503529 5.16029206249004
11965.99 0.736215905398288 8.57280148996006 7.28409096724681
11975.41 0.608674727792695 7.5617782141904 3.84350453089974
11983.46 0.503839926076154 6.63861797176084 2.11384178965818
11991.51 0.375365699275986 5.26212363314919 2.02710403873607
