4151.5 77.1891812429796 32.5175921364072 8.50927858803789
4211.82 23.6456587114542 9.4302734858687 7.77517860751414
4295.57 27.4162502948177 8.34020083858582 8.80266765418128
4308.21 27.0388719149876 7.68239006210087 11.0216671744074
4443.43 25.3638588585503 6.35093670085716 7.79207666498587
4672.28 78.2394699383045 21.3207286153791 9.12324221321524
4916.66 26.5835770877764 14.3632026123667 8.46120326021355
4983.62 7.72472428041455 4.20066241648087 10.8906079945427
5111.63 16.5337790523637 7.89535703004604 8.54945417376712
5172.45 37.7031228691377 14.4875232681139 8.6419043856522
5252.18 20.315271191965 7.33447932762078 9.7358693052538
5381.82 18.4648726201297 11.5236777528282 10.2029785031664
5536.93 3.10782275447619 3.00131695439112 18.0163036118774
5648.85 9.46235611879146 7.98757779776819 8.98363921250257
5756.04 12.7726186681932 8.14011250034234 10.9819854695497
5816.34 28.091378514658 16.3750077986248 10.9405669930693
5971.07 7.94460525128127 5.60055057083431 11.735069067493
6144.19 16.8614236802692 4.77373759163796 11.3276137894418
6220.31 21.0412155968685 3.53047280338675 13.811895384275
6245.53 62.5937329553756 9.44821932573575 12.4966576442666
6315.92 80.661867741025 11.241681194347 12.6421617132582
6352.79 23.147705812543 3.10353566570989 13.3274395853214
6399.5 20.5768181824957 3.07880627602897 13.1927103388562
6509.9 31.4312807934289 7.67357281522284 12.6176487161856
6745.54 83.1747154087683 16.4045867729757 15.467140596742
6788.4 62.4945895467006 11.8241279591558 15.0748138224753
6901.06 14.9116238344493 3.15091366920846 15.1873831896291
7073.96 21.8457721186076 5.42459169806487 13.9628164186006
7150.51 24.53935651598 5.407527933808 16.455455242226
7178.18 20.1905193297191 4.22278552305148 18.5044431055867
7227.74 14.9080643541784 3.4412967403662 16.2492114922416
7477.73 27.7220780397045 14.3899100238355 16.619773203126
7626.65 7.9312823067698 4.69860850696355 17.0333999454597
7727.43 8.36678232045888 8.15698527440139 15.1069547669558
8008.17 31.1952805640525 9.57545593477501 19.6327411282218
8066.83 25.074703369205 6.90180587394254 18.322434536406
8499.1 1.90108017944456 4.31901929876585 11.0113236148045
8543.87 1.53145238259189 3.90102347873104 8.59385564339209
8815.92 37.3043508002734 24.1197761786525 20.830231898668
9063.1 15.2728173152498 4.67930284454692 20.9467633535496
9105.21 29.6110733378772 9.14494035128716 21.7775548510181
9554.16 100 15.2906992036226 25.2273506994843
10033.72 24.1190662584152 10.8597849487824 26.4268950974365
10412.46 14.6073406338579 9.14430427925647 27.936365150259
11463.79 6.94202623721818 8.65027141077528 31.4966646816483
11960.69 0.523831837263833 3.6653203893618 4.47184757867399
11969.32 0.519481608814186 3.84789526485461 5.18467753585719
