4152.34 20.6107916354813 8.34345125548969 8.96778905795873
4213.52 100 34.3268284538216 7.6487418429615
4297.41 18.0147609569893 5.48031063822129 6.84365132381845
4350.56 14.9123495109435 4.58382215799576 6.9852687340699
4369.7 19.7367351043788 6.34563762267523 7.58626709481814
4423.51 12.1993867197282 4.91486193654443 7.20663762698769
4590.34 19.1282067609624 9.24592151877 7.04495887485882
4634.34 14.913024452709 5.66155275684514 8.37952176684848
4674.06 40.8520448909534 16.5543507503121 8.70495865729299
4895.39 6.96009778704294 5.08364855521046 7.92177437097416
4919.14 8.5071787195513 5.94624749940501 6.3197637184121
5011.26 8.26310904311117 4.06270524624128 6.09025815989389
5058.28 60.7489429268499 27.9509964967862 8.67869687714938
5284.28 38.5873448210468 18.4028277557367 10.4553706338656
5382.5 21.2477543532626 10.6042853050044 9.23324258113007
5476.75 5.2320140615872 3.29356433398845 2.73237253537718
5604.06 5.7677832590132 5.04246102814575 6.80880164842711
5817.04 9.44620992538113 9.96818158978174 8.50137533387988
5855.66 2.99048605546674 3.58337170483683 3.51123765453667
6144.77 67.3456499831015 17.9096184677333 10.2983159039577
6161.15 64.5827851741366 15.5145554424164 11.7543203636151
6246.85 15.1260981940811 3.09480736194987 9.36510232679575
6276.22 45.8351052985325 9.98983716307977 10.3224257540032
6318.12 14.3648365520956 3.64274088774696 10.0178304252613
6448.59 6.17594995692187 3.49018395987299 8.51350599242778
6510.94 14.8420537560459 11.6966926465031 9.01934654827528
6727.11 13.6760883320719 3.63598873638438 14.2084415168001
6749.02 13.5927928043032 3.1929419325228 19.2085139977025
6790.53 84.3411497419281 20.3949070407248 11.0047674211764
7151.44 25.3945265456595 6.67027031074267 12.2455467246455
7178.96 21.8997807913861 5.3506843764534 11.9898192361834
7253.05 27.7839763294122 7.46855198088075 11.9563187467647
7270.41 27.6659174769453 7.60849241764437 12.124710518031
7602.19 45.7415445424345 31.8606291770746 11.6894987231635
7820.23 28.3913343682612 16.8935931767984 12.8065023990594
7974.33 14.4659462378838 6.78605326358452 11.7603405449336
8020.77 7.11680591215048 3.37538091095723 26.8746929638155
8191.86 4.79488164334512 3.38568889894331 13.0489638532144
8291.98 3.68351999117794 3.97558443402262 9.52912843331251
8427.29 3.29885895393447 6.46746539741211 12.5929760210656
8545.89 1.21680319760967 3.39714335061768 1.53654813459616
8818.83 17.6217202928569 12.3422004794611 14.810660192099
8921.85 11.6687015056175 6.07628750481083 13.9821182535052
8961.59 12.0492544511822 6.02946030566194 14.7743027192137
9063.62 14.5747639299081 8.03738721036801 15.0467565846193
9105.21 5.33617599352157 3.21815031602629 16.7640202550956
9391.69 21.6313312407843 13.0556100767638 13.8681127116306
9481.6 8.22742508491905 4.68201415564558 17.3903551397725
9556.82 35.4386054653966 21.6886191279612 15.0715957880893
10035.53 5.10732571865439 7.99082018890799 18.4457427555462
10093.8 2.44988059722569 3.2617180112858 15.0927095442494
10157.68 2.73662000513093 3.19987214562379 12.9622299498278
10214.26 4.48751669176896 5.33051841904541 15.9327181081717
10577.65 2.36131273721463 4.10293233166757 15.3425062704937
10739.14 1.51653210495388 3.48238298942956 4.3730558779389
11123.86 1.90549046143785 5.04516293557176 16.5901485545419
11170.8 1.47845711763673 3.7437520466504 15.1454005250271
11375.02 1.92823826994387 4.62868489540389 7.08920120120638
11685.32 0.92680995188006 3.21344966032206 6.39748716675786
11863.76 0.888524161924891 4.0734973299774 2.47040247226869
11874.9 0.66338499085386 3.06633153116579 3.0581924236958
11964.62 0.804624526148859 3.99316594192212 2.80530395865571
11972.46 0.735579954472551 3.67401612278786 3.30701670108283
