4151.74 11.5981508810288 11.9721109392867 8.4311145207239
4212.42 11.5128036479303 12.3006341015679 8.46443471624661
4296.18 9.09022043927646 9.90970339792847 7.21203047549534
4442.93 2.74379113933673 3.54570361180208 5.22283597394198
4494.03 2.91794619476801 4.91941126223432 7.42415637780414
4589.33 3.24714041644171 3.25503091182637 9.12608224739597
4673.3 18.1025293888838 14.9602987699008 10.0562272674242
4895.52 6.59189434299753 9.12664463464002 7.53677130872529
4917.31 2.93981281023327 3.89916074753153 8.90848628540243
5057.75 17.6254408266181 21.9924110490542 9.69252479042188
5284.15 4.86637915481307 5.93074954722448 18.0629088481837
5382.77 13.6752978470053 16.3731279364744 10.2905276065976
5816.76 7.17753002516171 13.5176340032575 10.0648528317415
6145.64 9.42149238309673 11.1076438409768 10.5768955093054
6160.28 8.85239230167591 9.56372571565898 14.011272495467
6244.95 8.23045477582332 6.75830059638302 10.3776394188008
6276.51 11.1865056731198 8.84642652930176 11.4716013150555
6316.8 9.47930071684937 7.72385262686964 11.421800473071
6448.59 8.34572786832025 9.30987628178083 10.5350875670483
6469.2 2.89422520391696 3.35564278069224 11.7053709629254
6510.49 8.21296901936571 10.4241744190391 10.507958426655
6790.22 100 29.9541502329012 12.3990090560465
7178.34 3.59583827923704 3.3057082796413 11.9757896022174
7252.74 10.369366086103 10.9257645390488 13.6578704649937
7602.03 23.0833722447649 32.9459434544719 14.433207081076
7820.55 7.65967502488057 11.0755255580908 12.2656450234917
7977.27 4.97648384714512 5.65583312011271 13.7228481205184
8068.97 3.13756243767139 3.87250686701763 14.2281204348656
8816.61 7.37600605385281 19.6758837061917 15.203433975299
8918.92 1.53129395714737 3.28955934650783 11.5817516527968
8960.55 1.61604907223612 3.45351510506442 14.0806304093803
9060.68 1.45092691340801 3.50711359645691 11.0316845088018
9108.33 1.78729183244244 4.91811075831227 13.4681032988319
9389.4 3.0197308164526 9.61794510875714 14.6325004076807
9554.69 14.2782068848549 37.7231524964231 16.9876761062114
10035.71 1.54300860882527 7.35476962312311 14.8117789578864
10089.44 0.919618980852513 4.26521607762208 18.1606416400682
10338.85 0.83745191163749 4.0439224762235 13.8622212102582
10409.88 0.667342060675025 3.39957854439462 5.42252463498698
11163.2 0.327221734445832 3.34089890008039 1.68939446898003
11377.51 0.298739386386079 3.08457471250856 1.26776550273098
11458.01 0.35213144431967 3.7014102693029 2.15069592491091
11464.56 0.394270373502553 4.16353573242366 4.46287416409541
11472.83 0.321608092772413 3.3885917794249 2.50448095564025
11678.33 0.230133994808876 3.04053330773296 1.32943658645308
11848.91 0.22000676304791 4.12478359119635 1.43127957637262
11862.39 0.231459560048283 4.41884921021234 3.86441225517046
11869.82 0.275083151081971 5.30915615839258 1.27439427935133
11879.6 0.203310147205616 3.96908002410528 2.02808561434358
11895.44 0.172594886060366 3.4401375810142 1.64381887040508
11938.14 0.143510885236645 3.03865855737267 1.30946939134628
