4016.5 1.91429881497143 3.3782698533644 3.45784562989684
4152.46 17.5828819283972 23.3625274479099 7.57197506725333
4213.64 10.8369779772395 14.2581461791061 6.97699471730903
4296.55 5.89371625801828 7.51483163279574 6.16991769127981
4310.18 2.76502868650474 3.50311750947934 11.9549171238104
4367.72 2.31801680499975 3.0362760460584 13.3067485871279
4496.79 3.87264662406683 7.38048310098849 9.1456727479117
4635.35 12.6380272520971 5.4502827473225 7.96162176375401
4678.53 27.5635219739493 12.0153162870931 12.7290718013819
4720.61 10.0050403339007 4.63072985721823 10.1996956931525
4897.74 15.4940292301864 17.5774410675435 8.28147156381237
4918.49 2.88568603741248 3.35255068230059 6.48647361835447
5058.68 13.7003153874642 20.0952004466835 8.28312267184356
5076.43 2.27809847187042 3.48964739249226 7.03230009221897
5095.14 1.88687509641695 3.10674341561375 6.20894587820294
5292.93 7.11454557356967 10.3912556609003 9.43599145192456
5382.64 26.4882697989848 28.5372969176845 9.1421701753934
5427.96 4.75765631197982 5.03336299832203 15.9796113577777
5472.5 3.34702173791986 3.63423074053632 8.57076001760106
5817.89 7.13410916512448 16.4220223925162 9.378690908301
5894.82 1.59903573318174 3.59619613072705 4.51592461370819
6146.07 4.90280303385985 7.65852403714927 8.44732727165137
6160.86 4.60158036756819 6.69752133007526 10.9072014721914
6246.56 6.4725627091262 7.75720827231545 9.3918214221012
6275.49 5.12586435700337 5.90858677286334 11.2196805377471
6316.8 9.2452071508841 10.7774930947921 10.392639904524
6448.74 5.88775183139084 7.90014181479637 10.5507366695292
6469.94 2.75434553550972 3.78439427970421 9.47075295445666
6510.35 7.70225480272083 11.0103390309562 10.723196075679
6790.53 100 28.9413486293753 11.7632410245742
6827.74 10.7601515108715 3.15682663272163 13.0751590327945
7154.86 2.69881206683304 3.29972243389889 12.9947894076004
7253.99 8.60608506398816 12.2896780458773 11.3180358249247
7601.39 19.1888297871945 38.7704332188732 12.454252971901
7638.01 2.15203781742347 4.07973322949649 11.1191065839521
7819.74 3.13952188455925 6.08395264743705 11.9614332105639
7976.62 2.8362441043281 4.88413063910073 13.130087522527
8007.84 1.80542414646364 3.16658460745688 18.6380072057527
8068.15 3.10690858973149 6.0443656114316 13.056611890499
8580.97 0.505481445583387 3.23298242352489 2.40269911771975
8815.24 5.00050363567585 18.9728794784473 14.2255611257497
8891.97 0.998722915705241 3.28729178079048 9.9502850806457
9103.82 1.04447162668067 3.46433846023126 8.52498667795408
9203.62 1.41003621840703 4.67220166429847 10.8561742541424
9245.33 1.60404151708991 5.26300324954042 11.5175323729327
9390.11 1.51997840471823 3.91627011919231 11.9217020431224
9554.52 16.2998694074814 29.9808648741097 15.5554997039781
10034.81 1.4502877715801 6.28323953769589 15.9341499685634
10089.26 0.760496483642776 3.24259766655969 7.50553671421403
10326.91 0.783492937876904 4.03183423719335 7.24081959711293
10346.2 0.755630700410406 3.96529685203554 10.5395243554522
11465.13 0.36669596154368 3.856652076764 2.13548315656953
11676.2 0.24830570946266 3.23462295913073 4.59296453445859
11980.32 0.364018915094561 5.50676399737805 5.99760147083725
