4015.91 9.30236589961931 3.9630628539991 4.97925479096693
4149.33 20.8661535731971 7.42967729632506 8.78213387236246
4210.48 50.64987684689 18.2966463275362 7.94098906158706
4294.22 11.2679523462608 4.05700029428164 6.51025557761113
4366.86 13.7235316875427 4.86421389964793 8.90752495881861
4421.9 9.66003686623812 4.00692962589973 6.53748816966163
4489.15 8.67844365042206 4.86883127362454 3.02843952333023
4588.95 13.1877266260465 4.93651584786928 5.10355307471309
4633.83 12.6107365112372 3.69133561969585 6.78373021073185
4672.53 32.5407495721785 9.94907880295972 13.2453640093127
4894.48 9.7618051074056 4.84482493618157 7.03890445545767
4916.01 8.1301660106164 4.07822701568481 5.81475549146762
5055.37 45.1763870430062 20.1731865523827 8.78537101289658
5282.66 23.1806010703186 9.27225281108287 11.3390883351176
5379.64 24.8415204018655 9.76040988742462 9.39390604606524
5815.77 8.10477946391311 6.25351798568758 7.52412004887628
6089.4 5.8128247078935 3.07544503086396 3.4184202091983
6142.31 34.7210352125032 14.4344629630497 9.68465582650606
6157.52 36.5886772781663 14.2219525005844 11.079443273934
6242.76 12.5983472689066 4.10021410984415 7.43569673757793
6274.9 25.4040365957213 8.37747505189579 10.8430451116637
6313.42 12.9938372076674 4.5787445838023 11.0092165259848
6447.11 7.24515950607076 4.24313645452686 9.53594725922449
6507.82 13.978523541773 10.7025802387843 9.88239681057348
6723.78 14.7729885165296 3.70834178273311 10.7867122448224
6786.43 100 21.6801648163284 10.6328886124111
7147.71 15.4865424016554 4.57186023187364 12.92054541792
7175.54 15.8989036314479 4.33838516022558 12.020795412921
7249.61 21.2805341481544 6.26371593013267 10.7482912869582
7268.07 19.0450495314691 5.7141788852518 11.6919932954634
7597.72 33.6923431984392 23.9090852650821 10.9981506435124
7633.05 4.39019387384863 3.15965408191047 6.1720907703766
7814.08 15.29252674986 10.3764772610804 11.3288959006259
7828.48 4.81911132349733 3.18433733793742 2.79295925489623
7972.86 17.1878265776167 8.36052629975431 13.0023374060111
8188.06 4.43866228627254 3.08806030301975 2.87501431090004
8426.28 2.95813037837579 3.74261209574988 3.41359390959224
8815.92 9.25958161386462 9.24517818855694 14.5038133533708
8915.14 5.09624402414977 4.0836941860285 9.87675053352905
8957.62 7.42453681621125 5.72970052554634 13.317754627642
9058.6 9.10761590389112 7.18797224919396 14.15404879382
9099.83 4.03260443126988 3.30991054502265 11.2547988542319
9388.17 14.5378367384133 11.6552806138867 14.4215922031017
9552.03 29.0549279625819 23.1092711624542 13.5032301668052
10033.36 3.60152791422337 4.94815677929326 12.5835301131119
10316.08 5.28976581707149 5.73775932143801 17.708649172384
10574.86 2.25583113046934 3.06906232433517 6.90799583105945
11122.34 1.56141603958442 3.3170962851524 8.61731139393851
11162.24 1.46129559388118 3.12965667282463 3.07619231551689
11684.16 1.16117488338218 3.70434119756139 2.18724394235142
11768.35 0.928977182244585 3.57304196982058 1.23584393679266
11776.14 0.77765823646806 3.04600157697177 2.12072383644045
11849.3 0.780859962249183 3.59643210809194 1.13817464331441
11875.1 0.827796981187706 3.97445450458817 1.32773273309613
11926.77 0.653300958425016 3.42604295838001 0.991704258633035
11951.47 0.720204429085763 3.9521266467 1.97029665718765
11959.71 0.756274500330404 4.21522680662745 1.28796275139939
11980.32 0.789676113466876 4.58089895741263 1.47237461846635
