4149.57 16.9234984298871 10.4166582573974 9.1175604579721
4211.82 31.3153673035044 20.7329496426322 7.95464962374717
4294.1 9.72284876126355 6.60966346579424 6.37964267515235
4348.21 5.59877560240751 3.58898342479826 7.3820695263239
4368.96 8.25814937186658 5.36044757002272 7.98085698201703
4421.03 5.65350204177112 4.04113521179743 6.6861510761064
4442.43 5.43219608476887 4.15651300208273 6.51113491370052
4490.65 4.59751002684102 4.25310553010257 9.79939081743669
4587.68 10.5306038087618 7.83777431709421 5.92826330691605
4633.19 5.9926525112776 3.66089583643302 7.06433779377039
4671.13 25.6348962459839 17.117770947106 7.43078308239183
4880.67 3.6927919513404 3.27266246318015 8.46361893451194
4894.87 7.74893165081154 6.70083802846905 9.17771477353199
4915.35 6.72929868666937 5.58870192468784 6.47774696176384
5055.5 46.8031218221708 32.3081249781689 8.34599313984654
5282.12 14.3937390518104 13.0354003992019 9.89115480073087
5380.6 16.9163341329808 16.0150374704286 8.97819576543952
5601.98 2.79594489720508 3.92165102162957 2.51172765057891
5814.36 9.75463752226676 13.3116110633288 9.90863123792406
5855.66 2.36092574691659 3.26225816866984 7.42379052131491
6142.6 27.2042276767657 19.3686600203613 9.64585202660328
6157.67 28.6802639825728 18.7214659105189 10.3353822799954
6244.66 15.1244420446541 8.03602683899951 9.56577371314506
6273.44 23.7376683859672 12.5176796705754 9.80678816628279
6313.72 11.7178394445183 6.70560093940792 9.75153773031707
6444.89 7.08838293087356 6.43244935810917 9.57786808753644
6507.07 10.1976881990872 10.9459227375398 9.91496812732385
6723.63 12.0783316975054 3.53102787979052 12.9100550163612
6742.82 12.9789684433701 3.39621600001498 13.5705267256153
6787.49 100 25.7580970861455 10.9843256075774
7150.04 6.00666098835337 3.22101053953998 11.0701879493381
7177.4 9.60359428855921 4.95929989493563 9.68302900521667
7249.92 20.7493582461015 12.1396116285465 11.2555985507897
7475.04 6.19518360716677 6.35546657460656 10.8499300160684
7597.72 54.5528302465069 51.7852364630146 10.6237217809876
7638.01 3.38393029500156 3.06055048416623 14.7972842773015
7816.51 16.1145914965778 17.6959702945545 12.1240116146564
7971.72 4.9715919095327 5.31016212569683 12.3853687230776
8003.59 3.83611619080878 4.12251572441535 9.66972384897599
8019.62 3.68304522716269 4.00533263460149 15.1947615632134
8064.7 4.23214758658071 4.83045205270417 10.5304353840411
8188.22 2.51467629313337 3.84855178315195 9.01743964763773
8422.94 1.55998953862521 4.25728255836124 9.46409260101245
8813.02 8.2633106618112 14.5202716672944 14.1450950446888
8917.72 4.12182434764656 5.51868617117121 12.613215487565
8956.76 4.65973356019776 5.90656891568443 12.4892887019432
9061.03 5.62100740789018 6.97814534209693 11.9642528026561
9101.57 4.17707032869306 5.33849922651211 14.0891614229222
9178.89 3.58705875794981 4.77183604445745 10.2898800676667
9197 2.61794030320701 3.48659159855629 16.160539052491
9388 10.8177897870393 13.5617649692114 11.9242342562011
9551.68 23.0447123610326 29.7910755209181 12.9378815321961
10029.91 3.70617652488299 9.40793934652748 13.7793017125132
10087.26 1.81878033927986 4.35832054913506 14.2991832800089
10211.52 1.86126995049825 4.32783514375437 8.24182144159386
10340.51 1.59965724575144 3.86043352044459 7.25687764927352
10412.65 1.74417352669016 4.60645182976787 12.0819405382936
10574.31 0.96773551537243 3.14011442331901 5.82758607954383
10819.27 0.706772891766024 3.08872644597149 3.97002607451032
11366.39 0.663606475136257 3.15336770302175 4.71078443792612
11457.82 0.912087818029847 4.53901204484014 13.9422149319053
11502.31 0.603700235250249 3.10697554704847 2.63833413800785
11692.7 0.483448393282567 3.55025200238701 1.86209374126156
11864.54 0.713418326247248 9.01822550885696 5.24767042346321
11872.56 0.519958027916932 6.68453001890027 6.67160122962014
11879.99 0.244528590665802 3.18208575627119 2.23330822274147
11907.97 0.21605500405993 3.00680735820238 1.44799083696489
11956.38 0.300946319518994 4.77635922383166 2.54522601205281
11963.63 0.199886481182651 3.23330697760248 1.0456021540158
