4148.36 11.6615398252369 6.68003073996564 7.03386774675255
4211.69 31.2968924057019 18.8298820011287 7.07751874439691
4295.69 8.64340521059037 5.77450846660203 6.69762285906199
4368.09 7.06078403278395 4.83910767934947 6.59726895457425
4421.28 4.59478464190687 3.47504648453432 5.19237835239073
4491.65 3.59584459293778 3.60048703277732 6.99819263834888
4586.16 6.78237080802522 4.51170588268306 6.42046052543901
4632.94 6.80126388311547 3.48449223687045 5.24767188452552
4672.02 14.4252958053558 7.76861146412795 13.0229769666357
4895 5.63388741534017 5.32979294196339 6.62201819091024
4914.05 3.6459119605004 3.42836880464617 2.93652677046884
5054.84 28.5292008919994 23.8434114923675 8.04867074672984
5075.9 4.02174736112493 3.28444456327035 2.68214546351192
5282.26 11.4900960325041 9.0668471334222 9.56980944899169
5378.82 14.8583513015684 13.0071621056993 8.30597185968418
5814.78 5.0589507607354 6.93408468935949 9.19706086234419
6142.16 19.0387810537576 15.8826817945526 8.60661539280136
6157.96 17.7332872246874 13.905666723635 9.36808979176021
6243.78 5.03969503166763 3.34951644589993 7.65300343532545
6273.88 18.5133507713094 12.5786915974191 9.91163250057525
6314.74 9.06604023683189 6.39685214852786 10.6312535800671
6445.48 5.26516368655183 5.43700733478091 8.0166882626927
6466.38 2.69930964248719 3.00767987867852 4.45416015637784
6507.07 8.32085178952865 10.8797516623474 8.14596570400863
6787.64 100 31.9101383248576 10.148617971231
6825.3 10.4293607332711 3.2607688333783 12.1056487285377
7148.64 7.64722565901289 4.98711713924794 9.99641349699414
7176.47 9.09434728097086 5.60920707752742 8.57869864872191
7249.61 16.0776788301889 10.4136560923137 10.8233443290064
7269.63 12.2382739629561 8.01158011602188 10.5915563960989
7597.88 27.2668854989944 31.2148765485163 10.7899510373918
7637.85 3.48673581629176 3.92183438234737 9.22347858545527
7815.86 10.5850743669665 13.4095898570449 10.94781838367
7973.84 5.05786219236741 6.11097176969495 10.8189651964003
8017.82 3.47891134513385 4.2721828657883 11.3257758201635
8063.72 3.45257656660853 4.41103220305311 9.71643436790418
8187.89 2.25695194739169 3.52242772556121 7.52092954258205
8422.77 1.65750094517495 3.84310930163725 3.53145390166537
8604.8 1.15454090799929 3.52891192875194 1.21797552209682
8770.85 2.56468543158788 5.44572469482044 8.10752046003108
8814.04 6.9877000171243 13.3908116396857 13.049517207699
8916.86 2.94007148104166 4.73223684431238 8.75293864776359
8957.8 4.40705803669767 7.00744406625412 9.73872320581904
9062.24 4.80800920313883 7.81871078583023 9.92285533357608
9103.82 1.86719759392055 3.08075391109368 6.00621890905495
9179.41 1.78740796613649 3.04849513370289 4.24801135454072
9388.17 7.49044369953755 11.0251887865879 10.9725516372637
9478.24 2.61910068979021 3.64191986982469 11.7420382000873
9550.62 13.9418319723208 20.8070955989888 11.9299183505063
10030.64 1.81620653982553 4.91061153090085 7.59850514613026
10085.44 1.17943453487963 3.00121511643564 11.1309394571326
10157.14 1.59954669993571 3.91171911387415 9.16253086701363
10210.6 1.62153427602422 4.04562490788254 12.9270896267863
10576.53 1.11433323088701 3.59100183549732 9.4122550097054
11119.49 0.813204302451731 3.29445748624075 2.56705236040943
11132.4 0.769579623329778 3.11448828327751 2.23392463524215
11158.82 1.02163080006612 4.18787908167372 2.58227656709641
11498.07 0.656442581353227 3.13449177449373 1.39496772788516
11650.2 0.530939172084762 3.01825955252433 1.29551569246178
11690.17 0.564884327340063 3.49635768913839 6.25837122488883
11696.19 0.539082558664496 3.37654829273102 1.84507175415456
11821.96 0.41604338453776 3.55529714625771 1.13160203802727
11848.71 0.356231371026132 3.18517810424443 1.16929903490018
11871.19 0.424950759792693 3.9675934081691 0.559488852521099
11947.35 0.423564254469314 4.60829824574166 1.15625509228812
11972.86 0.295360581722776 3.39480033260621 0.508109574813716
11993.08 0.270644176173168 3.26124230387393 0.22763381945515
