4012.58 19.4411934446362 3.31588024837707 7.73386886061462
4146.43 24.790215396737 4.13202499735759 7.08063877002223
4212.06 79.2121481251077 14.1251049217503 8.2991636752995
4396.45 21.0484896462973 4.98071074001636 4.60963791502672
4419.91 15.1751798834003 3.86455970658722 4.48940887717526
4489.9 13.7204038592657 4.0765544265058 4.62031712095813
4594.64 34.6658280597902 7.60466385691841 6.1410742939197
4632.43 18.2053489134405 3.59543221851765 9.55644577492149
4673.94 19.7232583769005 4.15212156383871 4.99859985488911
4717.67 13.4400012077862 3.00958457972722 2.34768994065234
5009.29 12.2962023147255 3.15069734316349 6.3683725674382
5059.87 52.6596374788032 12.386940211993 10.4188755933628
5251.23 36.9330233221369 9.01776242751025 9.67408940128189
5601.7 8.98075700603164 3.03859121517395 3.77013750415335
5639.65 9.25134335500251 3.1924494623457 1.8689460317064
5809 8.35092030560137 3.46583144893394 2.01716241875874
5987.81 5.7224549796971 3.40167597459233 1.57073555700481
6186.7 55.056030173028 12.2542410506306 20.1904188235603
6273.15 36.9162610191292 8.23333268118274 8.42127632376196
6487.9 10.315998937826 4.12394871583224 8.18465487600497
6728.01 7.67142369049893 3.2050711509141 4.59365107318081
6738.59 7.24450832547024 3.02345255848757 3.1739564794525
6753.56 8.99325785943652 3.78292674008306 7.6514532933752
7068.09 10.5351056214855 4.44441415402525 15.4100549196119
7148.64 10.868961832815 3.58252588383257 6.58268299948122
7176.31 26.3180520767219 8.37849307162381 8.68489396754649
7223.84 19.4562389997202 5.91000764359124 8.83662581352382
7290.3 13.4382735975596 3.84128259321472 6.37418409025759
7333.93 25.4079681547084 8.14887489008498 10.520343978269
7584.94 100 22.431324952559 10.5061743249025
7653.39 23.49153505083 4.71330965674965 12.017426262777
7948.55 25.8421440884187 11.2598483812202 9.58996137674512
8167.91 6.97277821206393 3.49122909052099 5.60210056005963
8289.82 6.48435010547248 3.51632261437396 9.05927092805177
8311.94 6.39720048497071 3.55626111129669 2.72606165678371
8771.36 5.35336531363108 3.24036461153421 9.01187260758888
8796.28 11.4478477851747 6.54609320248795 11.0557052959684
8817.8 9.91697867092531 5.38294956095724 13.8485576121329
8911.88 8.4579349554739 3.97946046325036 10.0555988860815
9015.39 15.5516801505166 6.98451290873161 10.080063648762
9061.03 13.6564595859522 6.11801509259354 10.2828865611045
9174.19 7.89579216136425 3.35838796978111 12.6734147666139
9401.19 34.8818732830322 12.1282437342722 10.9275713037896
9465.18 11.6017768090593 4.12103015030325 10.1762526719813
10211.88 6.02439650285819 4.59624517432097 11.3028187154123
10319.2 6.22357752341024 4.20646598758893 5.61276460356385
10379.13 5.86447416447384 4.10645986052672 19.9853481723585
10869.58 2.59434976525438 3.17312747665871 1.69837706450744
11369.84 2.71245917076735 3.77030273821891 2.45502901930377
11445.89 2.24500534193785 3.23260250324759 2.77819448954142
11756.28 1.62677812162965 3.54823154806714 1.90257318604563
11771.86 1.80502199124031 4.09129255942101 2.46674367927699
11783.16 1.52375760551214 3.54516166968491 1.28387466227105
11796.61 2.04875192209707 4.94508273193733 1.1878395889471
11803.82 1.88503924907702 4.63295633928276 2.57236014560294
11815.52 1.45624165943954 3.6850775097366 2.44344090276536
11860.83 1.18689792709283 3.29324454697926 1.23818645816937
11885.07 1.05018727432842 3.06574278134549 0.534574991450427
11968.34 1.4344252257791 5.12398472339607 0.918193779525609
