4013.65 6.06118278676615 3.31048575743054 7.02615522277029
4071.11 5.2452616525143 3.01376963662322 4.17089768285314
4146.91 8.44656951887069 5.16986630319166 5.67295564721462
4211.94 29.0216233275049 18.1078815530113 6.58131976920868
4286.86 8.32983684749091 4.60913583438914 6.27420414202697
4296.18 6.12892834442205 3.32609070545007 5.1149568571318
4345.62 8.80097938627158 4.50087698840045 7.18303317956088
4395.58 8.88403147057062 5.0398067359664 6.0324784288614
4420.28 5.48844110506909 3.39296495510132 5.81453998331745
4594.26 14.7843078841396 7.669062264778 6.84782770316269
4625.7 8.02093640139896 3.72962504817794 13.9694108239783
4676.74 8.08827310477599 4.09617475698549 8.38906469556878
4873.77 3.30806572212489 3.10860704828541 5.15190256890764
4955 3.61890062830664 3.24090224443558 2.28156847178525
5006.65 5.59600942634432 4.59396766998902 7.0716990024348
5059.74 16.5956625236013 12.507535912607 9.48281793101796
5078.02 7.15313819269249 5.22936887582984 8.64756635343474
5251.77 14.7097335061953 10.841931829713 8.26344544069343
5282.93 4.12774079057215 3.05799098473486 2.66641433066252
5467.01 4.18606253036534 4.39645171750608 6.1986113511457
5600.46 3.9210360626635 4.7702027674833 4.99980282079468
5605.45 3.06180004829079 3.70862244780049 1.68915198786999
5807.02 2.5954422899181 3.4218771340109 4.37887793362461
5909.18 2.21783229746242 3.59298268467643 1.27096479949068
5924.7 1.88738562265382 3.12654942049114 1.23521679404075
6176.53 17.7525354027006 12.6649003618007 20.8275648210983
6273.44 33.2987765153357 20.2589195891522 9.63626265356834
6487.6 6.70168587256033 5.96586528253689 8.71590001208187
6754.17 4.15702782992716 4.42879208432251 9.24921160747454
7060.52 6.01300623118136 6.02076414023513 14.6381168524613
7145.69 7.8947037618386 4.98039482498617 10.950827938419
7175.22 16.8816438775754 9.63513516398014 9.9488912079787
7223.84 12.1434618876915 7.02263985327932 9.40949697948872
7290.93 6.61680593912919 3.90925648902453 10.946766188832
7333.93 9.6229160931248 6.77181600465428 11.4590129548769
7585.42 100 26.3800128669855 13.5823916866229
7652.91 23.6591816245765 5.3493015514421 15.9064861061506
7950.18 6.41655603240513 5.3340963135549 14.6023024459128
8285.67 3.99883732010608 4.88132268434884 10.7014826993563
8768.98 2.63949546305977 3.47865313529553 7.87554725511654
8798.33 6.99911809401434 8.25141375334836 13.1963002987068
8817.98 5.96653800769812 6.48847353269677 14.5973419542188
8913.6 6.5614177567796 5.72907169796675 12.7137122848962
9013.31 8.67255828534506 7.0926523230236 10.8414780680196
9057.56 7.42263963333899 6.23663772642126 11.6500278244221
9171.75 3.80530747994052 3.23820630063624 8.12510789194675
9399.96 17.8812723823926 11.6955127579976 12.3358118887645
9463.06 6.2787052657139 4.25225413530683 14.7688722201983
10105.25 1.76302667519022 3.96656831456228 8.26794462139151
10208.96 3.71321854200364 7.67322441879096 12.8420180894045
10319.39 1.9340622595263 3.64184479006134 18.4323259594676
10533.51 1.96736247346197 4.47299891587884 11.7467678721478
10848.17 1.54951476042417 3.96283852654339 3.64201076317113
11109.05 1.80345683695867 5.18587334398246 9.29510510801447
11367.34 1.39105805862373 4.82926473656666 9.78847710261107
11441.66 0.83520786379137 3.00363131648231 5.41663424406033
11685.71 0.98830045253336 4.56565777345967 1.80272787919239
11771.66 1.02858119822452 5.75289839107681 4.57187732590683
11778.48 0.799251471622723 4.5458175496754 5.08208898814519
11788.03 0.543430954923744 3.16576229397433 2.93131718744371
11796.41 0.622333360128905 3.70493435887835 1.16102223185044
11814.16 0.603361311737988 3.76650443096351 0.995136365261715
11968.34 0.345201769177787 3.08470556308945 1.72921140771905
