4013.77 8.16980621971309 3.48785485527186 6.20089475737859
4146.43 9.87057027586258 4.32440924409495 6.96975894230218
4211.09 51.2334046602348 22.072466816128 8.20713416607578
4287.84 8.86206105687607 3.60360239769109 6.24459422031032
4345.99 9.32093230437773 4.1112883494222 8.30965918728907
4367.48 6.69275662313788 3.13801455773624 7.05181025210732
4396.69 6.98495393499555 3.92907359440955 5.47371952650428
4595.65 16.5993195434937 7.04394535148305 6.92508993811043
4631.03 8.71909955151379 3.21047483708184 11.0571337381743
4675.85 8.49924059515368 3.57870223903443 7.38511135485533
4871.95 3.61643152065665 3.31184814210929 4.9208382538236
5007.05 6.55518021832605 3.69223353088477 4.44943930657701
5059.74 34.6842894078918 16.3721281033715 10.8642889903349
5251.77 28.3643917938202 13.8960110167686 11.5781740436032
5281.72 6.30755367124456 3.12160051232761 11.4503458249164
5467.97 4.52589164667975 3.70133819370154 7.02880649013423
5603.23 3.85361674394756 3.71104573307016 6.85926407444367
5801.8 2.77406047319208 3.52144463437335 4.76330545261226
5982.66 1.66578401609575 3.34689487283273 1.09989824024524
6187.13 39.940539508727 13.1575734074036 21.9592037966031
6273.73 36.8413332000867 12.128986064956 11.3809870526484
6487.45 4.1203454676676 3.01392907377261 11.749752532598
6752.8 4.05557903229939 3.49295419560153 9.67235595384591
7062.07 6.14636833142258 5.39788823485416 16.779094451017
7148.18 8.31795106790272 4.30142735496939 10.6300959543969
7176.16 11.6183151353806 5.31345669950403 12.9055980245666
7223.22 8.49778552132126 3.7395066395428 10.5909126540791
7288.27 9.75636041654642 4.2425919472697 13.6455157455666
7333.62 11.8790475651433 6.08858266442347 13.7086765828317
7584.15 100 23.2762825109875 21.921361638354
7652.75 25.4556046629083 5.0165035553922 19.4379164310212
7949.37 9.57520000195724 5.98315061154413 11.2361587892028
8588.91 1.24974267244896 3.28949678149744 1.39153790354248
8596.01 1.38728836546429 3.69770414733667 2.30369742407674
8795.94 7.59016678065751 7.89902778772287 20.7558927997507
8914.11 7.46805268882867 5.61093389380687 15.1856763851247
9015.39 5.18548131096893 3.55276358325696 15.9004394959684
9058.78 4.68852275121089 3.2720096914179 16.713313033777
9403.48 15.0399859005106 7.40774582197557 19.7021785345078
10211.52 3.61664519922916 5.70134089495028 14.7163901908607
10318.1 3.86593630631695 4.90109322993215 30.6791128379646
10377.65 2.71655922954554 3.46059620617261 25.5261193654387
10534.06 2.12119676459531 3.11093068794604 12.4045466504358
10857 2.36656603803161 5.28097276484159 16.2693818879507
11111.14 1.830225165119 4.83996369794147 18.7649489913547
11683.57 0.835668860762657 3.54075549237783 5.2453002121747
11761.92 1.01589063438185 5.07475182150252 8.74072608738788
11768.54 1.03903561666505 5.26969901767878 5.5577230108629
11779.26 0.711585359197052 3.69371095165684 8.20286482497431
11787.83 0.760358428010917 4.02968895908637 4.38339502716917
11800.7 0.632471170498663 3.45596926664713 3.76728569143052
