4069.08 9.01108914014827 3.39695690549943 6.82844081782241
4148.6 9.64887546355577 3.83440770757004 5.1797652712894
4211.33 72.6844410378797 29.3251404719734 7.69138951996683
4287.48 8.00343637548745 3.01829021700186 2.9233934273243
4346.49 8.44757095090111 3.24913936227181 8.55944678133164
4369.08 10.1769919533683 4.16144275317731 6.68658178288297
4396.82 9.14210202431403 4.34971991303226 4.77253648538954
4489.65 7.02904512518575 5.31253949693258 2.62790768897048
4593.75 20.0036509292302 6.17376273215981 6.47468369816488
4634.97 22.6764085336286 5.58148816625771 9.36827154405273
4676.87 33.9290055702072 8.58145818205159 8.10831742941173
4719.72 18.5945534118797 4.86468214726107 7.67865474375867
5061.06 39.480586699064 15.0246864224039 9.08651299913254
5077.49 16.4414040470093 6.13909777242689 9.62998902116942
5253.12 30.648378540367 13.837596135934 8.39913574809907
5281.18 6.93907695534547 3.15349959337166 6.86749855033122
5469.61 5.8809476886385 3.4401538327175 7.59663014360649
5603.23 4.90056655100446 3.34552683333262 5.90295455367232
6188.44 40.9928597923975 12.8048109814953 20.2698825275829
6274.46 38.6458880239623 11.6501601417533 9.720932770736
6487.01 5.7102986457083 3.59808706251161 5.49329917309751
6755.83 6.17977290172469 4.77895942763473 7.82912721711364
7068.09 7.67348797876924 4.90530777137706 14.7637066592742
7149.73 15.723651076735 6.89091959610696 11.4944572108834
7177.87 16.9347776745576 6.66544758025955 11.3031044340114
7225.24 13.6505011551296 5.51137216939208 10.454167050184
7291.56 9.80356982667015 4.11843130111755 8.88836945787807
7338.8 10.3736774874898 5.24784665386176 11.7322826599529
7586.54 100 23.7911870652967 11.8716275206216
7654.51 25.1172499497715 5.16405368819477 14.6542144840332
7950.35 4.95347274104903 3.23531369072609 10.7672757116325
8287.99 4.65921154043272 4.3942401285001 7.8616569155929
8771.53 3.58582965412277 3.2109836865056 9.56684032540579
8796.62 6.83999023392631 5.68015674310992 15.7293342042922
8820.03 5.80223375484815 4.47523652779979 15.5320318071572
8915.32 6.43387267206825 4.2224956904681 12.0320238448221
9016.77 7.89413759272111 5.00846932713012 12.8979593736876
9062.24 6.54581156953946 4.24749859590987 11.6058122932591
9403.3 17.7962765922252 7.81024187776053 15.305224406764
9467.29 6.83382700858978 3.04172837742052 19.1116125237259
10211.52 4.62485693401563 6.32380842419103 10.9307560958187
10323.98 3.01909626781314 3.80301082861332 13.5385863253287
10330.95 2.50887756659428 3.11768841349214 6.82799655797135
10538.88 2.3663111042298 3.43574113442153 7.06417152644644
10851.18 1.80761238929479 3.2418921232705 3.47709112441044
11114.74 1.9869361358486 3.76234376999232 4.94981658592405
11140.38 1.71841304379584 3.25658803734337 13.22237834519
11686.68 1.19811086537509 3.74113686846543 4.04075435874802
11756.67 0.867538378833991 3.24506069775425 1.32129546640681
11763.68 0.867420440939245 3.31396824147389 3.49745107778836
11774.58 0.916286133921819 3.6255383725623 2.69055536999258
11781.6 0.763661242708644 3.07523679956684 0.789623775937798
11820.4 0.658598091587585 3.01676477299893 1.35022168071009
11846.76 0.633821918915946 3.07767202011901 1.25763608861052
11874.12 0.826685833331849 4.30192160728473 1.3144400584606
