4148.84 12.554014195514 3.82056176089907 5.93362826364137
4211.21 68.1738110176838 21.6845701122756 7.7453671505491
4286.37 10.7720007174974 3.57627048196794 5.28434363742326
4346.86 11.0258098686061 4.05961075881662 6.9687383528144
4367.97 7.7438053198273 3.02050750488555 6.31784071819038
4397.56 9.69182132306833 4.48019323514431 5.19322136401297
4489.9 6.08887958321522 4.29610802149926 4.9479373804661
4594.64 17.6425084377486 6.70494804754112 5.72222690732724
4632.3 16.3174570340428 5.18646477748603 10.0314405365016
4675.34 22.9494479998185 7.59429359200938 7.15373686881867
4717.79 11.9883794334052 4.10691929872909 7.25799874403674
5008.23 8.48160897938118 3.91868429913795 5.10369859567891
5058.95 37.4462999850624 15.6822335655414 9.57967961284157
5077.36 14.8284650566568 6.09510395622394 10.5681214009592
5252.45 28.2871982814409 13.5702139748116 8.54893885104775
5468.24 6.96866435130665 4.30074288644172 4.90653661039505
5602.82 5.46709110221928 3.76842577049727 7.26017576690901
5700.51 4.24655208103319 3.19723452797444 1.98841371758135
5807.87 4.27602946456427 3.82243178815347 3.91054853695186
5817.47 3.48771382796778 3.14299442247787 2.2048930018982
5902.78 2.75735817413152 3.08678836989925 2.19307951022438
5909.61 2.84574651273688 3.22039265318548 1.54300954216433
6188.88 36.7514461116107 12.9680505177742 20.8164685664251
6274.46 31.3041591621759 10.7449119437155 9.17576980584272
6489.24 7.12570274711743 4.91789917367579 8.63635348947355
6755.68 4.01625260057487 3.57618531407964 7.67149809608964
7064.85 8.99464719641602 6.80412056122529 13.411826749435
7150.04 8.04562036296553 4.46283802828637 10.5104518519565
7176.78 14.3097413047417 7.4780077823809 9.37274244612581
7223.84 9.75108597563228 4.91749701686814 9.53366489917062
7291.4 9.51343959807074 4.72496948106376 9.23650087419082
7337.39 13.7792722348752 7.75449054940414 12.9991719372729
7585.58 100 28.8494386941745 10.6525951105868
7653.71 23.1365527760675 5.880980647426 12.4063670713649
7951.33 7.47526300604799 5.66935375342615 10.9651801996433
8288.66 3.44795865637968 3.93560562900019 10.7451462911686
8316.43 2.72265419062314 3.19655941909134 12.7713233068171
8796.96 8.54873142101748 10.5021383321249 10.4618324575531
8819.69 5.80293605448772 6.7729135887409 15.5049679705553
8917.72 6.27903289251863 6.54699321904178 11.3560761911103
9015.21 6.61373889719912 6.76154719844285 11.014721178266
9401.9 13.7057693282195 10.9509714419279 11.9826755001868
9466.23 6.26649214886234 5.13975258069346 13.8119884419648
9497.51 3.79092460256261 3.19232134305291 8.97388999053146
10209.51 3.49563299011246 5.44786067419321 11.2917535063261
10319.94 2.99714269279374 4.07258647312968 12.9108935423883
10386.3 2.60000056346785 3.64557471691165 15.6923038886416
10850.05 1.54097057491813 3.40527225608226 9.00507518141967
11107.15 1.4049230040478 3.80042975751055 7.26190731246061
11113.79 1.23041281161208 3.33195853840051 2.12117967829909
11444.93 1.14759469039718 3.56693400499584 1.79918373575674
11758.81 0.826888764794453 4.00043366488125 1.41546405723238
11766.99 1.12059542182234 5.55266820052144 4.48236319645366
11777.51 1.06519989807135 5.43402336309997 2.24856341764826
11789.59 0.745869997358523 3.93286603583408 2.22919565125812
11804.01 0.639030531833497 3.51573161646603 2.91391968059179
11826.26 0.639194803824004 3.74631071122214 1.67483882326087
11864.15 0.633187550668858 4.02811128604564 1.42308542284081
11936.77 0.40327501650552 3.06234703953747 1.11785034566492
