4014.6 7.27604328519124 3.28323915707816 8.84403661954912
4146.55 9.29588244374833 4.24921253913604 6.93123078226017
4211.09 43.9680734457279 20.5800222744275 7.96136712432508
4286.01 8.19732642107676 3.80465136783876 7.04595802943186
4346.98 7.30903453841258 3.46514673804754 8.13742928648844
4396.32 7.81457548426408 4.43789935178424 5.81681239968475
4489.77 6.15253210276226 4.91033887192299 3.27891296398502
4594.39 12.0548450744724 5.80399449724239 8.54051464288204
4633.57 9.04161047704804 3.83326962603971 13.4743665338965
4675.34 10.9852540608535 5.07675562048473 8.49336925230091
4717.79 6.19065842311978 3.12342029900934 9.41585439608116
4841.17 3.41552015861545 3.13217262663551 4.52045920813634
4873.51 3.93098975063364 3.71956196475409 6.85136839616825
5009.02 5.9459599434607 3.6022070951403 7.87657354721887
5058.81 26.8508813567068 14.4534727187404 9.68949148669435
5251.77 19.3325477867134 13.4610987386403 9.63838574421516
5469.2 5.10209274258431 4.81175874292018 5.6801215804735
5597.82 3.51931426735986 3.5865000626013 7.8473757030215
5806.6 2.95129508017895 3.75789585601619 8.21845429432051
6186.55 26.9159370568961 12.8512795345493 21.2816161269557
6271.98 27.576067481032 12.4596816298964 10.907517401447
6486.56 6.03168994413623 5.28992359846102 10.5561743427306
6754.32 3.42507568409302 3.62370939025018 10.287873198974
7062.07 6.40342176665682 5.91536078037739 13.3383193524742
7175.22 13.8442257177379 8.00821740256842 11.4741798662781
7223.37 9.68944122207349 5.64402076744475 11.7086903517611
7290.46 8.79800764909701 5.40973804553999 10.0680715959343
7334.56 9.51718151036411 7.05105230339691 12.6479017475749
7584.63 100 27.8478611555945 13.0159827420557
7652.27 20.6553806516226 4.83412393708706 18.0630454948014
7949.21 7.08338322652094 6.23815934082894 11.4246685438966
8284.5 3.22978362913175 4.76295953092895 8.76738401921466
8313.77 2.53923013458488 3.98207063826805 11.3450503401691
8561.74 1.09388849572068 3.03859847749649 2.20425672968486
8793.72 6.72645376853693 9.56808653153648 15.8454749748562
8915.83 4.48586183030118 4.73666072437344 15.096971855095
9011.42 5.58623551799954 5.46907132690438 12.2917370468876
9401.72 11.21317275747 8.87161035011224 14.8902684128534
9466.41 5.15548320399122 4.21181941053309 19.6387035524494
10103.98 1.57913755697947 3.5994378140352 13.5084667466144
10208.23 3.38374588384868 6.64423120779839 16.1185742927755
10317.73 2.69382243221901 4.61445277517439 19.7449449245141
10535.55 1.55992945929659 3.23535136906069 11.3168690216862
10855.12 1.56193017039464 3.92321102604113 34.7504525304703
11109.81 1.42609995509132 4.51909250679893 14.3904797323885
11371.18 0.934714370982316 3.70340519832772 1.83471877223747
11443.58 0.851350715616153 3.51230577387847 9.13009359597163
11764.26 0.736322247906964 5.49048872965751 10.1653139238315
11779.06 0.777577280480437 6.10351736407988 5.4922640824152
11786.66 0.624901766299123 5.0363475447931 1.53823674214982
11793.49 0.435018728835623 3.58933212522413 2.67404397105565
11800.11 0.551603937984156 4.67242268934545 2.31356797852823
11810.84 0.366211455805503 3.22965800498383 2.09905397031434
11823.13 0.329610335773821 3.03894007884974 2.94751650213766
11847.74 0.416577087200847 4.08229317253774 1.44751709617412
11857.9 0.307826462311144 3.09247688105568 0.840219496656573
11900.14 0.305308368821735 3.44271144761068 0.710130451909208
11956.57 0.284509047452069 3.83353997433819 0.739766649001467
11963.24 0.218691525530628 3.01479901434171 0.793490665857462
11969.52 0.253602410209995 3.57644596105162 0.27721947547434
11981.69 0.242547953821851 3.57776924552415 0.852138016944082
