4028.16 7.98241532913258 6.23026527322762 6.16451963554482
4068 9.14614417114617 6.86768618719425 7.81583863166907
4150.53 10.505290600912 6.5754849152084 6.09995758987498
4210.36 78.0539903497441 36.4101142555124 7.28448363442294
4295.94 11.5803179259863 3.61470337290585 6.54857360839651
4396.82 14.8563458029413 5.03569830577474 5.96441124423382
4419.54 11.7411066169546 4.43840863363056 6.05991392740816
4593.88 23.9045880644375 9.16248391024795 7.07262799256387
4633.45 14.6679481360145 4.06712742588689 12.6051873675297
4674.96 26.7148901865672 7.63575070499127 9.79601424067005
4718.82 12.5577581138892 3.78201140732432 9.61709255218102
4901 3.96046214248797 3.61778880215106 6.39437243472275
4915.35 5.07972761647189 4.72630236669695 6.28992802022367
4984.67 6.34919514899317 4.22767096582577 12.2898600056496
5008.63 9.34438327916806 5.7780507617495 6.10060999716643
5059.61 37.8381742279901 20.8664089823197 7.99692808348664
5172.31 9.94106679847003 5.34921693856051 7.6028595520138
5251.23 40.5252169644124 20.9962060256405 8.84695371094676
5468.93 6.4391493636575 5.07988272446737 7.74815704440425
5486.37 4.43168685127192 3.60638661491488 7.61687388050086
5601.15 6.58511311590769 6.04028668370359 6.18532756074183
5702.47 6.37475960130103 5.07719826352324 9.3917784920468
5717.87 4.81129046457534 3.68799618000926 7.63328972561885
5765.32 5.76708278799401 4.82173791401494 8.56615194877395
5811.96 3.96524011855912 3.6634946635899 16.9803128785788
5983.23 4.15351511824018 8.66451622817277 7.42358844565115
6187.28 43.8749897062553 10.5182227443544 20.3037006234563
6217.4 14.499873300968 3.23974354340799 11.9025173769605
6273.88 47.1834039688219 10.8214891932074 9.7029952267294
6488.64 7.48242358902881 6.94240702759834 9.69948029554962
6506.33 5.88466639305462 5.83251840279075 10.4745716578682
6753.41 10.5012264702834 6.11849577049661 24.3777485829632
6788.25 13.8068682796158 8.42721172676852 10.1273080873743
7060.68 12.2265772253349 3.97257908970162 17.6421211675461
7147.71 43.0889501503811 12.3985693111952 10.8544986622792
7176.16 23.2030523352703 6.32240215460145 12.3063020530226
7225.24 19.8355645872273 5.96220223687715 11.1680480066898
7289.83 11.106504226926 3.82767849197649 10.3225501078032
7335.35 8.58135512482074 3.27045181849148 11.2336455814457
7585.42 100 25.1680865528509 11.4103112305029
7653.55 27.836349050045 6.6156429587792 13.2072344382132
7948.23 8.68666106975929 5.71529949578228 11.2291555735192
8133.93 5.03032269108489 3.00598018750011 12.1262579658842
8286.17 10.0395753148594 7.59989834821238 13.4605588913528
8333.25 4.52111955673334 4.13884465508114 13.3372203221224
8588.41 4.461447569987 6.25688543252784 21.7368530890417
8769.66 7.11259472533155 3.44870703558233 12.5664589690168
8817.29 14.7565611083903 5.75674239627382 17.1661667190747
8914.46 10.1883593585291 3.00576358230177 13.1409293181696
9012.11 16.9262541869959 4.54930019019127 15.018530940757
9060.16 20.388412542828 5.82784551898109 13.8665785179528
9401.9 36.6233461724911 7.78537331717555 14.8423592926993
9551.32 14.3212206973609 3.4889519746462 16.6906270582949
10000.21 3.48399447206527 5.26964621004087 15.6690120512721
10031.18 4.33855652016526 6.03201283971997 16.1202187410709
10166.62 6.64212091922395 6.45886380462508 15.7293538766244
10211.7 8.22786408108104 8.00741325639283 15.7537487795871
10532.58 4.35106537385525 6.38289193558882 15.8900201988308
10665.24 2.6429843468972 4.8909115320776 19.0658924809086
10810.27 1.60805965906233 3.19286987886436 13.9299912617316
10852.49 1.88805373772003 3.68147547617822 14.9957057013253
11106.58 3.57892789842599 5.29108644804657 17.2520373965071
11143.04 3.24411792511443 4.62912543403932 22.5682291904977
11367.54 3.05423156383438 4.56548570056491 18.1619972843309
11689.01 3.66544588719773 8.74537341591627 18.5877811971568
11759.78 1.39309472955093 3.71545335874633 18.9793283796262
