4028.04 5.34320422505762 3.31846346762454 5.82611082120275
4068.96 7.67910018331096 5.06566573334913 8.05643895989078
4151.5 11.1050464165951 8.5093749026448 8.00960999745985
4212.18 52.3568580543392 39.6372876628484 8.11972591947688
4294.83 9.72369504977764 4.4980326066605 7.7294463284743
4395.7 10.9861053061284 3.90867010709624 7.15676726875245
4421.03 9.88946681704934 3.79797194242695 8.05262371386016
4595.4 19.8566788383903 7.53999718063149 8.55949698496079
4633.32 13.940582303471 4.15169192325981 8.50130827113844
4676.11 31.3881030836704 9.96682726743757 11.4856441758729
4720.1 15.2584348798036 5.14160902194306 8.92653576320481
4916.01 4.57641466043454 4.56354086092923 8.3029172138522
5060.53 28.6379394860492 16.9323583368229 9.65102073777234
5173.65 6.1384002186465 3.52303260640299 10.2159898953705
5251.64 25.864996904057 14.5661655025616 9.5639737563497
5383.18 5.44479263925619 3.55088437226618 11.9619142579677
5469.34 5.61587529846738 4.14075794069865 8.45260822856199
5603.79 3.64912359854385 3.29854548937739 8.56188593404386
5704.7 5.47929939262511 4.91898387225498 9.58317166195957
5718.85 3.79373313522621 3.31463812856226 6.54013886780103
5815.49 4.6632323062973 4.79417920700055 15.5382258345535
5981.37 1.83496006543154 4.47827080303926 2.97963761516439
6188.44 31.2088985457409 8.19326009334864 21.2602550970578
6274.9 32.6617589795982 7.69255550044001 11.7727316178743
6315.04 11.7556980561336 3.13537954372268 12.6355776843466
6489.68 5.06484053517161 4.21581658238136 11.0294697567433
6506.63 6.58748554207285 5.91135130724692 15.0334516061212
6751.59 9.35417899583644 5.71581997236214 22.3688247611635
6788.86 22.9033846583085 14.5133442460506 13.9818630699174
7068.09 7.92360145486252 3.16646296248573 20.3925123307572
7149.73 24.9787464290055 8.03564838009457 14.2423004140401
7176.78 16.7906901796003 4.98959433266045 16.3142791569653
7225.87 12.4164991489489 3.78261849720525 14.2536789256246
7335.97 11.5728707642895 4.16955396265427 14.9043473764232
7586.06 100 20.9872639503715 16.0652100096249
7653.23 22.3746514055181 4.30441608599588 18.7848203185504
7949.53 8.45226417602557 4.71425825201837 15.5258877856322
8289.16 5.21210854280579 4.65359655904976 14.71040181026
8559.71 1.22127624758584 3.76384550608014 6.50577013480142
8565.45 1.18239563187344 3.70595361473551 2.57176678517862
8595.84 1.1141082469381 3.83834662306531 6.79504792549233
8817.8 10.4770443000866 8.00313124439966 19.564025818765
9012.11 11.0150293543124 4.49115310592107 15.9655169595735
9060.16 13.0987327583411 5.51614329672652 16.0835905812055
9402.78 24.9011949556724 7.47792731903029 16.9984874518796
9553.1 17.2517999650606 5.90079358964841 20.8369162329254
10033.18 4.20863871829256 7.11407591325271 18.8456299839545
10212.07 3.70151301640972 4.65250789782995 17.1921803867681
10379.86 2.88326203531323 3.55154942862194 29.2372888542541
10407.49 2.89373133539302 3.68496077627384 18.4123929571597
10537.77 2.33045315030571 3.69116227799876 16.4117692523032
10848.55 1.57508217573065 4.10159384410483 19.6850462898965
11111.52 1.71357897849856 4.16768716756465 12.9067526569179
11144.18 1.79530120813461 4.3244636673263 15.990943112578
11372.14 1.49960475018462 3.82478152487783 16.3523550979899
11458.01 1.32253372634494 3.71768845740607 25.2271341738942
11688.23 1.32146204817534 5.24300292449695 19.8731755856679
11767.38 0.990992339387541 4.69998376305712 14.8975735957356
11781.4 0.639022879775939 3.13881492498004 2.78737360734522
