4151.26 13.5133169861609 8.60199387404427 8.94738513860921
4210.96 61.9688775882847 32.9722309342372 8.04048682711891
4295.08 9.04765458945874 3.47215721017197 6.46526762050507
4396.07 12.7348480408039 5.01860511205828 7.54953904989816
4419.78 10.7359585993162 4.66391696817225 5.75500045399258
4593.37 22.0050332071107 9.00912292696959 7.51150302462247
4632.94 12.1243890135023 3.91217977815284 10.0371664370441
4672.92 27.844383829308 9.60813649820034 12.612543881949
4721.25 10.7923177813407 3.94307191309134 9.15697055381952
4914.18 6.81823492965899 5.29427019371394 6.77411655804099
5060.53 30.8999690291363 15.547350152131 9.18089416933344
5170.17 5.94810062962225 3.30837410840525 9.13477091482218
5252.04 26.5422378607775 15.9845299687566 9.37934121508169
5382.64 5.75817781486097 4.23701922261473 9.67651493647008
5470.03 5.45764023998843 4.64740420466893 5.92525952843607
5602.26 4.01189591326893 3.5340865143718 9.24416199906318
5703.31 5.53970201932207 4.43451270668258 7.83202761867778
5764.9 3.78193670204333 3.13847207244601 9.79174891820639
5812.1 5.35393231118605 4.9443639611108 10.1574385187769
5980.94 2.51231061630414 4.64066347105133 5.22802724950725
6188.15 30.5366984539486 8.95244253529661 20.6391809473625
6273.44 29.2559762259203 8.02046375167128 10.2690729443138
6315.33 13.6370367824679 4.36522116094438 9.92974174862138
6487.75 6.09196635237744 5.623894654241 9.26107218320431
6506.78 7.57194687525534 7.51047625428477 10.123543394393
6745.24 8.51693782340785 5.75086786738848 22.0005909332713
6787.8 23.1493693098864 15.87873622582 11.5434692218669
7069.48 6.51035483272452 3.14854620089289 17.9912814868321
7148.02 23.4777325785824 9.79080088180691 11.1866955780388
7176 17.6809570723327 6.91435672055167 12.7301276127255
7223.68 14.8495404175725 5.99713154847521 10.7206133489044
7290.15 8.70885685488657 3.6824620996748 10.4606753579956
7337.23 10.3599517789882 4.90898928076554 12.2838552697349
7585.1 100 27.6574883341856 12.4188179105349
7652.43 22.7594997152825 5.76562063956033 13.9563714811902
7949.37 10.087110196624 6.43089885682358 11.5196379594518
8134.76 4.46447709311223 3.12573331925402 12.2447901827372
8284.84 4.62542718660269 4.53371455907346 11.6987799941289
8332.09 2.84848500520705 3.30163723688645 11.7479897819758
8560.73 1.22534671013442 3.01927055291525 5.45931431281497
8587.9 2.2680492673628 5.87637594454478 19.4117914440267
8615.45 1.21369178228943 3.00920491692924 1.76271893627563
8771.19 3.40299002238516 3.41865705903692 11.2419324928851
8815.75 10.0409756319598 7.94011552322282 17.6649080997486
8914.11 5.82197180296336 3.16711406924267 11.4163286196945
9014.01 11.7595920853289 5.43073257505654 13.6286273045243
9059.64 12.222616769108 5.76932287417446 13.702143448867
9400.49 25.173229376922 8.87476598283382 14.0211182456223
9551.15 19.192435180686 7.79791434131447 16.5388156243462
10032.63 4.20703154926633 7.68471352892619 15.1837773123243
10169.9 2.82630847551389 3.91923645120204 16.4066118553692
10211.15 4.14008736424664 5.68887318686169 11.9406284317465
10376.92 3.03233752643088 4.14098063855525 16.1735839028515
10407.86 2.69136246392254 3.798548589951 15.9893478493013
10530.54 2.42397048227071 4.16133996416584 15.0225696000471
10662.45 1.44757850988289 3.17320802089738 9.41798896662294
10811.21 1.24033863122161 3.072372463947 10.0067076806317
10851.36 1.86974485551877 4.66307516043843 18.1126604160072
11107.72 1.94372263243653 4.35631093070123 13.153418205402
11145.7 1.5020294101622 3.30971173701949 19.4412844823964
11366.39 1.76417057932019 4.15788728745517 14.3263067252119
11457.44 1.33718715039203 3.5082281896731 14.4897291519392
11690.95 1.81897524486861 6.67339821220768 17.4587570647254
11764.65 1.10521353881237 4.69244411062799 10.8103787267864
11777.31 0.729076368975995 3.18071832524383 7.71092062789648
