4151.86 9.12996573523049 8.92348806526951 8.51309459399818
4211.94 27.9461129403481 24.7655521814666 8.09167700521357
4297.53 8.08299410718235 4.36426252907761 8.65275980161277
4397.93 10.997182933137 4.54662472105714 7.46680189240033
4422.89 9.53112526053788 4.168034028701 6.72134620514771
4595.78 18.5296146171536 8.37689776817498 7.35087185045995
4673.68 22.6841922042584 9.05251764027815 12.9509732007045
4721.64 9.04002597090856 3.94977908153173 8.0783484507765
4918.49 6.25143988589168 6.96973090825405 6.39445769540725
5060.93 20.3715709139415 14.4158342692889 8.85774084173045
5173.92 4.40765052233921 3.05727814211589 6.30241079691132
5252.18 14.6806822709127 9.88003830323177 9.97644026702073
5381.96 4.64895622189286 3.53942135046932 13.0263508128883
5470.99 4.10793028995609 3.8588075215693 8.09968527997171
5704.14 3.07989507771119 3.61580135911131 7.45687810110758
5813.51 4.24131852234098 5.91565870811754 13.7534174369821
5984.8 1.08391938220643 3.04084872416634 1.97554903450782
6100.37 4.20873102217228 3.08892183841001 8.96261307283294
6188.73 17.0500714235609 6.61641801449406 20.5421396829533
6275.19 23.7740766998968 8.14856778868493 10.6562991970086
6314.89 10.423359789206 3.98986906139484 10.9306703015145
6488.64 4.28269014649371 4.68951114603364 10.9829703218265
6509.3 6.98377240153836 8.62679884194335 11.2072082983514
6745.69 7.74641577907084 5.69417358089479 22.6055871278213
6788.71 22.8233515649984 16.8144451404419 12.9040927418446
7071.34 4.88016016052364 3.31809713115585 16.4582529736153
7149.42 15.2522064560681 7.81231447271161 11.6985900475211
7178.8 12.9269253579404 6.00668124659797 14.1810613206799
7225.71 9.36977428325386 4.27623679068665 12.6915672098257
7336.92 10.3548299531395 5.04036655416332 14.2885144639322
7586.7 100 22.9136154302093 13.8509902348478
7951.65 10.7166865077752 6.26244563559009 15.5455792875982
8006.69 5.09281913452421 3.16252749823133 15.7308574144781
8172.7 4.05072768684633 3.1464942096005 14.4951893643683
8563.76 1.05570458112836 4.35522961148101 10.5373560755161
8571.35 0.789178589233794 3.32177775365493 3.95811064037298
8575.91 0.931191626841176 4.00774797513676 4.04636873565687
8817.63 8.37577867060314 9.1108734673238 19.2369418047456
9017.29 8.94553430934086 4.95003591458283 15.9041527410081
9063.97 9.52594163473309 5.39882693287927 14.7723269870494
9403.3 18.9795879442543 9.04592108531641 16.6512767102176
9554.69 17.8860632581005 9.77118052456198 19.3934548422858
10034.63 3.90656884056756 7.28154772946341 17.1239203183977
10214.26 2.17306796643219 3.26671543237417 15.1864298655983
10410.8 2.55939987872286 4.42159977492964 48.4145592369114
10538.51 1.5245864038301 3.32837398000829 11.5790274113824
10857 1.58616853217187 6.38503436560796 19.4157401997782
11114.36 1.11267563906151 4.4662472099284 12.8888703866814
11372.33 0.833971611689141 3.25843388291455 11.9802246874588
11456.47 1.22624957238628 4.91359457205254 23.0643475353445
11688.81 0.652637125018184 3.69649741595641 6.50807238656489
11700.86 0.55399260864152 3.24190557819463 3.02839904420398
11769.71 0.76205568534145 5.57702059667475 4.00046033974286
11778.28 0.474710822632406 3.57234693232105 4.18782605595334
11790.56 0.387523885484038 3.0497290885856 3.26119265057787
11799.14 0.433456608117899 3.53260870094353 2.5960866984442
11927.17 0.265512757557014 3.18579274389301 1.33884776579544
11936.96 0.244342845109537 3.02789326452313 0.755105129041112
11953.04 0.231366580961072 3.03227783941294 1.1053619981376
11974.23 0.254103194798716 3.60721163105234 0.243073673931576
