4150.89 14.3288407236495 8.376020502217 8.93391473711108
4212.3 39.8169641811691 26.0925315956242 6.8564315017129
4297.29 5.37483731447653 3.15410762636343 7.14086808402863
4397.56 7.66043465202939 4.06824256715332 4.59899259204121
4422.27 6.02184965544913 3.43313968274278 5.12071167573868
4594.64 14.7202172128744 7.25555472550738 5.8322202463969
4634.97 11.4673743839282 4.63620590750705 8.50343903941666
4676.36 24.3180604041476 10.3651827529167 10.6717763858569
4719.2 13.619624455265 6.0351173502431 7.93956549238283
4917.18 4.38144242570334 3.77602960847005 4.2968062509035
5061.99 28.5446100027908 20.3320053230254 8.64701094311567
5174.19 4.6179009092519 3.33268714004751 4.41512284581768
5252.45 18.2805101257836 14.0286994751569 7.89941624316725
5381.55 8.25542801768885 6.2363122863981 9.86011786973813
5426.32 4.68806883264224 3.63497207776993 5.8467214041375
5468.65 4.62378708605352 3.78473498013564 5.41349888939112
5602.4 3.38628239586042 3.20616056529426 2.24345583445938
5703.58 5.05490344096848 4.8422298894149 5.8118116469459
5717.73 4.31833055233848 4.07224578751912 2.06952627621013
5766.16 3.33154879531307 3.15818505035202 6.1530688776329
5816.34 6.27854942664425 6.52030986401309 9.17949840942765
5984.8 2.87515849771325 4.44196609566948 3.31912375893444
6189.17 22.0087334044778 8.92294864080875 19.4944300496509
6274.76 24.3203447298272 7.8153076270572 8.77661455285943
6316.07 25.7555907278013 9.16675672844542 11.8632256290803
6490.72 4.07818126503244 3.47120107965396 7.33513348467295
6508.56 5.36212578650286 5.09315180524889 8.4254647589114
6609.03 2.93474403554569 3.07787494407382 3.67678635422635
6745.54 6.59860852971565 3.7817578201323 19.0514139973193
6788.25 48.9835284845417 28.6015407327764 12.7420077473871
7071.8 5.4588358136452 3.51581706622621 15.5714354660013
7149.58 17.7871481486211 9.45406464773396 9.22302724503697
7178.34 14.0037364607044 6.91701940437402 9.13059700246777
7225.71 10.0176966547511 4.73400558863801 9.46588133428577
7292.5 8.94440442606951 4.06801360249919 10.8410077211865
7337.55 13.0388712318151 6.54145754125074 12.0685046948865
7586.38 100 29.0157009723117 11.2393673138395
7654.83 18.4407689743463 4.90597163853101 12.2576705902547
7950.35 8.22882252668515 6.90356746294274 10.1294926710334
8004.9 3.46657804776856 3.17686509562923 9.95626786885987
8134.92 3.91329361606401 4.02587743116595 10.3578061713406
8172.2 3.09728501532196 3.29663404128014 12.0919523752154
8289.99 4.04193182456864 5.45778974574979 9.21185197359955
8315.43 2.22746008650052 3.07809460656374 8.45181209063958
8334.75 2.39957689270739 3.50990693004265 8.98396366246379
8589.59 1.53645445246637 3.47349550406884 9.89172361115379
8773.41 2.76178315400086 3.40951730716592 8.39860417160526
8797.99 4.14335577320978 4.61605171580234 12.3748034712407
8816.61 7.13821184704724 7.42767249101086 16.686157078444
8917.21 4.56601916729668 3.59995894697774 9.42132377596863
9015.56 7.70508891394105 5.42092906617647 11.1624394881164
9063.28 8.94215040902551 6.61299345854187 11.4367293187752
9404.01 18.0209468587104 11.3368095373646 11.8018042754084
9554.52 12.1797620095735 9.02368380624932 13.1208597880523
10034.99 3.23362486191644 6.93915882041348 12.4172938760112
10169.53 2.30507797017935 3.86166709857281 11.8426683878315
10212.8 2.54392202983963 4.07031036214498 13.3302002988767
10320.49 2.43921343446739 3.48873027963216 13.0675005924659
10378.57 2.64502707583782 4.03815832139879 18.7259830510193
10537.4 1.88204845024671 3.62440534901066 12.4469619147349
10670.28 1.26113320704299 3.2461587009925 12.3550334015417
10854.56 1.43678894809939 4.7156907814159 7.833765550522
11110.57 1.38747923688635 4.37113740477764 12.5951750478198
11144.94 1.14482914143684 3.54265680963756 12.6462772433733
11373.67 1.227803660243 3.9748760346514 13.0593033120003
11692.5 1.1886121479193 5.96898963349397 11.8146535650285
11769.52 0.854010263675095 5.27226209834471 2.82863855957839
11776.92 0.664591728954753 4.17849041636534 4.69935160928253
11831.53 0.460976303975241 3.41716725648162 0.998589607317626
11861.41 0.42349912703851 3.36212412551644 0.956380126195654
11974.04 0.311660287822811 3.38430392174547 0.349719555213596
11980.32 0.28382197851424 3.14375094251242 0.68185787334005
