4028.52 3.83258443349107 3.00122463287618 3.88872496841577
4151.26 9.54036160744769 8.12342795325087 8.34873761606286
4210.84 29.4076357375734 26.4986261913122 7.66606868006511
4294.83 8.02013017375828 4.85270237947821 7.51985596364284
4367.48 8.4861600287377 3.44274605695027 7.55158236935677
4396.45 9.26677223761779 4.02218463744146 6.12865167629207
4421.03 9.48798974805466 4.36477313664546 6.37911640207039
4595.02 16.7785111795879 10.3439381939374 5.93947362707786
4672.41 17.7277341218703 10.1030880035021 10.0218409370782
4719.46 5.38081723325591 3.26486828688548 8.28009323729111
4915.88 5.17645757419149 5.74680732863999 6.59580352942885
5059.48 23.5547244131652 15.3794001454696 8.28149391438455
5173.65 4.74410978191898 3.26710413266402 6.67837522046466
5251.23 16.3911247176742 12.4699457406748 8.93433766394719
5382.23 5.24523121427166 5.24115042741547 9.44907633904313
5469.75 3.16987297745623 3.81950556938821 7.50764984886609
5487.2 2.46994158351425 3.00800414915726 2.325252168318
5600.73 3.0099690076928 3.8885157543251 7.06865768531861
5702.47 3.284464894605 3.93259238089985 9.58769744438814
5814.22 4.44495229717803 5.97545605314671 7.67165700575606
5983.37 1.38623002547579 4.08204988809981 3.61310862774008
6098.93 4.03443881513771 3.00803454716203 8.67662936280158
6188.88 18.6484084124326 7.05750566507865 19.8640713503364
6273.88 29.3617273640212 9.60936605655165 9.39725288450427
6315.77 13.3984996554378 4.95553957148233 11.0664276754405
6490.28 4.72938193858432 4.98961276840243 9.02297364179321
6508.56 6.59651205496303 7.76953358891697 10.3815180451702
6744.94 8.06288932686536 5.09627892451577 21.2509536173366
6787.8 26.7379570272715 16.6875518364431 11.7767381585663
7070.41 5.6663878924167 3.55269405382792 16.8118967253995
7148.33 20.021519674286 10.0660255531436 10.7781457145438
7176.31 15.7125522740106 7.28563450775706 12.1381264977099
7225.56 11.1828762053803 5.20842964338147 11.3270872318653
7291.09 7.07782603796941 3.34134163349674 10.7629918357752
7334.87 10.7292846425221 5.66543038812684 11.9044706749373
7585.58 100 26.4118155939994 11.8974536486921
7949.7 8.53433647076991 6.21189242043027 10.1740884147093
8005.88 4.32348684070263 3.42451064087405 12.0684568356328
8134.1 3.70072786627605 3.15120113226628 12.2740633703852
8286 2.63335603952432 3.16499791029319 12.6316168940848
8560.39 1.01012006488608 3.11751388970286 8.11775081234009
8816.1 8.7056378602148 9.9340910166054 18.001874106767
8915.83 4.34495730110909 3.23881647822184 12.6501916012803
9014.18 9.56216681395083 5.78002332281615 12.3546054881499
9062.06 11.4179760945877 7.04847104264341 12.7346680685023
9401.72 18.8776403990292 8.7058886860288 13.7964884008943
9551.86 16.1440499003294 8.80997345650299 14.2134113732664
10030.64 3.77584044650757 9.80720117333681 13.9569730786516
10214.08 2.67868103937713 5.06932847791148 14.3751478840477
10380.97 2.70426710880428 4.86610009659203 17.2784553797537
10410.07 2.47775993751742 4.55357442537295 17.0851752168564
10534.62 1.74435058771752 3.85177397257918 13.9410666995827
10854.37 1.38278399893908 5.66831821531683 13.420547488995
11107.34 1.2527735049663 4.80885053591917 12.5048771022957
11143.23 0.966283560151285 3.62229623055566 20.0077155405979
11370.22 1.09264515665797 4.20356173937403 13.6737062109878
11455.9 1.23597887352777 5.12345395255649 17.7322456820766
11693.09 0.711743095112492 3.96818385123199 13.7196615297398
11768.74 0.688052619038627 4.52203775507335 17.7802110308457
11931.28 0.373218199712717 3.53140372067266 1.3434839179663
