4148.48 100 27.341528323964 7.39664158326832
4209.02 88.6747487467462 22.5008413429518 6.19370433780023
4291.15 10.4606654207892 3.01949495364465 4.42961030264178
4493.28 14.9285880286615 8.45650824609352 7.01248286399641
4633.32 6.8973314149638 3.27659437985075 4.01158266405128
4669.6 6.93159529034715 3.30576005219903 7.06038816598448
4678.66 7.46198838748395 3.57538652450966 7.80713055282013
4893.3 15.8992341105936 7.82141523999083 8.73917504625751
5057.75 16.8160161358464 10.0215749805818 6.45523091248833
5168.97 28.0601986622106 14.1924139855363 6.90154861555948
5248.68 34.3486658276422 14.4506678126694 6.76482406298874
5289.42 15.7359522526128 6.57306099068901 7.8793525840947
5378.96 23.7355225072908 11.5807747087531 9.62238026021168
5752.24 5.39970669986856 3.415049514977 2.7345478168736
5812.53 20.3518892445636 12.4884209009713 7.30286232557501
5929.11 4.69919986942199 3.48125240588842 1.61988568239849
6175.08 28.8067897598068 11.0366793860348 8.64784893283559
6186.41 35.4796145581529 13.1814993623787 8.00394557927211
6241.16 37.498241106107 12.0288446967813 8.23985511858518
6313.72 47.2264389846932 15.7243791595561 10.5971540084483
6444.89 9.9850558887283 5.3059544731011 9.12248530221314
6741.76 24.8157544015247 9.11838303130618 11.4005537727053
6787.04 64.2096892429908 22.9115987080398 10.270109556066
7061.45 4.24245800783421 3.0810719534798 2.57390027318706
7072.88 4.99137774166034 3.80037876065521 8.42420243165634
7334.87 8.34137500692036 6.62214422309475 9.20638252690696
7473.61 12.3849359802784 7.90295723755791 7.87897471602264
7582.39 36.9838541046465 23.1853552173627 9.14483663097235
7620.73 5.24226558212946 3.21102485672167 9.10016081320282
7650.83 11.1055497413189 7.41114230419394 8.12408053654235
8031.41 3.1152111421371 3.36212903662304 4.74404325654814
8063.22 4.57547168943733 5.13450792959817 5.7099206574494
8308.78 2.44503073130696 3.29405366496265 1.8063952845423
8368.77 2.13642274440029 3.01100970727549 1.62335324130072
8380.46 2.30449663008655 3.28901193539256 1.38374009914332
8792.01 2.68188712925821 3.34610127334963 2.07106491167178
8811.14 8.00252215840206 10.1178635537497 9.88940007849669
8825.16 2.56847729403757 3.15647719815063 1.84440940869717
9100.87 5.19396433330317 7.85427004642986 8.60018667628174
9549.2 3.75843445800859 6.19621204625949 5.16753438402156
10028.83 2.82117050505289 5.86537544480061 5.54670063113008
10408.41 2.30283295682271 5.26955610384305 4.28100864717635
10628.38 1.33622617744399 3.2882299738323 1.45653947188293
11278.72 1.18251061392572 3.16141052248812 2.14749922738883
11736.82 0.721602889194063 3.08950176636608 1.08177316761976
11758.81 0.882851182473201 3.98573002146108 2.13334316215514
11809.28 0.589994266216327 3.02949545294103 0.805530914154588
11828.99 0.572568328200125 3.06922446607078 0.766477218559885
11850.47 0.690952077912262 3.82556594921854 1.1575929902865
11891.14 0.650618273182791 3.83803664106483 0.919620470276641
11937.36 0.552969320229436 3.52387824469027 0.846111718105021
11947.94 0.822079293095178 5.33841047642012 0.535147997888998
11955.98 0.597971748847774 3.93849303890915 1.47346957635455
11968.93 0.62823285884377 4.23650154436857 0.550784620176273
11995.24 0.424959028663745 3.01119220739512 0.623316407938546
