4013.65 2.18216191000119 3.2537178914839 1.91330172730932
4150.65 100 39.6488462330744 7.57888031990478
4211.33 60.9768892433491 22.0401638091471 7.11739737648168
4293.24 11.8181725720596 5.20784107866989 6.54133435685526
4441.56 7.77831774228182 6.81994710232285 5.78033160408359
4494.78 5.71114221297582 6.68116587668314 9.06471111265546
4590.46 4.23475355359943 3.86532187413293 4.94142726761856
4632.81 6.49632440981244 4.94112135275916 7.74430103881969
4674.57 7.10457820329847 5.36053542852767 9.73596300332611
4893.56 7.3155423223086 7.96005638433344 7.28376149036467
4914.96 3.14387505270133 3.31185487687937 1.68147225412213
5059.61 12.5083139372959 15.154256595641 8.29826641482032
5110.96 3.2177186385854 3.73777565097285 4.19935832508781
5172.72 18.6983301890221 18.985288972986 7.56032660900564
5251.37 15.4379827036998 12.9549149450888 8.04631913695357
5290.63 6.71029824361494 5.38974645955124 9.1503562431426
5379.37 16.2505871615082 14.1429923131709 8.25964684476094
5531.41 3.03691056787743 4.46755710436761 7.14141399866912
5535.27 2.35970943642859 3.5288624949716 1.49574101275903
5649.26 3.29652337322145 4.92636644371221 6.24622247191928
5753.51 5.40945934490043 4.88183399349192 8.07128593815378
5813.94 31.4411926521139 25.0232769372681 8.90394882936744
6189.31 16.6882596068676 7.04953578808095 18.6628949625419
6243.93 62.4330094941885 21.6452493588787 9.29822869933469
6314.16 43.0811971622417 15.5317163376535 9.10061463670809
6446.67 8.30285951048261 6.73210271192513 9.88470164064074
6744.48 36.8888385408634 11.9666751958817 11.1820704020829
6787.49 71.9916267135659 22.7452012586116 10.0808805923643
7071.49 4.8638309209123 6.19091264210058 12.1802936997719
7292.5 2.28841407710646 3.91686434383655 9.90196380115231
7335.03 4.72056941740783 6.90133425372208 9.8810762933872
7476.62 8.04196001035649 6.89545208638589 10.5744363218837
7585.58 39.35081057984 28.6364660485167 10.6302839130831
7624.89 4.55907177655227 3.03685337991534 15.4500121581423
7654.03 8.77247764817847 6.53300008180026 11.2482434962712
8008 1.87201636003659 3.76170544571895 5.48069186605971
8034.03 2.0569785138941 4.19232968890783 8.70090264753162
8066.83 3.52905903085656 7.4545634137377 10.2151558867927
8315.43 1.52538332595038 4.57278675282209 4.78553872849443
8812.16 15.0006479777497 26.7562451701927 11.9610035430542
8850.31 2.12452855427949 3.44746945811924 13.1528374029531
9102.95 8.90741861676806 16.3078434184088 11.5025724055649
9554.34 1.23946522545663 4.72340147392033 9.61099897023269
9607.24 0.778444495789626 3.01997030637674 2.42409335757293
10031.18 1.64567696904243 6.78250603776631 10.5871232679092
10410.99 1.74442806782567 7.56912394793757 11.548730420971
10815.15 0.544697512955186 3.06310634396421 1.11558706262804
11458.4 2.07709840009288 10.5037555362399 14.7807149360942
11479.57 0.648863525773311 3.21114004065816 4.86983391718059
11492.87 0.606495013033655 3.04013771357272 3.00485334539189
11850.47 0.256848514465161 3.15252175364749 0.781840608795392
11868.45 0.28234001011481 3.63556393996271 0.822564690182844
11890.75 0.227652306336977 3.10520438320922 0.324042690202987
11914.04 0.207369564101197 3.02253699704445 0.918567393930061
11973.05 0.225198104609051 3.98676618217067 1.43972265504635
11982.48 0.188914735357161 3.45760992899751 0.551298704018336
11989.55 0.177722350879759 3.33947791493805 0.340016301861397
