4149.69 70.3622134128207 19.0908759970818 7.7865179591754
4211.21 100 24.4941733158672 6.76032145862428
4294.46 13.815129283327 3.841649677271 6.60376831112535
4442.93 9.70439750477439 5.27589136693745 3.84218281780522
4493.4 8.02537930949411 5.16818591383641 7.72382585370906
4632.3 6.46658925720872 3.69767638242706 7.36483399414919
4675.08 8.39770377530604 4.77238461093035 5.70504367460762
4895.39 9.05190679692071 5.52029294880927 6.27569795776526
5059.74 25.4171560578972 15.791462227699 6.49253527080782
5171.11 8.06862464237607 4.34072070350266 3.46204853817562
5251.64 18.0517082287139 8.76253702599214 7.18185985679247
5290.23 10.5561267986013 5.06856905220405 7.84476926734806
5379.78 20.8490311714623 11.6583082216134 9.1339219030815
5531.96 4.76108883977745 3.77467182697337 1.92286321319898
5647.59 3.68983078508254 3.2540528714013 2.75877153753481
5755.34 6.97086357190124 4.67627691141196 5.89658960951874
5814.78 31.8759667084628 20.24492271492 7.79041703843268
5853.82 5.5702528531355 3.58774619328531 3.07259989030354
5892.55 4.5999857237942 3.15752342283623 1.79269993131402
6188.3 34.2761593057938 10.1882697814721 18.7229371958738
6243.35 55.7172389590095 14.3364778342467 8.12583701148014
6314.3 71.6525210657234 19.5253820999573 8.92668004926236
6445.04 11.0390827994417 5.23377933543136 8.91841737949471
6744.33 30.496219396512 7.61739376064344 10.0671534515905
6787.19 98.4547047726572 24.0532899314184 10.0576993340019
7070.1 4.50357452136213 3.33866248069992 6.96023819663242
7291.25 5.23620335960782 4.16531844258914 2.15447660730388
7335.35 10.7011868644919 7.96432408032898 10.2673208683864
7475.67 5.56818252062184 3.07992817257684 6.15313690631046
7584.94 78.5783071807578 37.0464533624636 8.64293608955813
7623.45 8.62329957639096 3.64636782117164 8.99063317646414
7653.55 15.3469678646025 7.03623160887201 10.7515634085094
8032.4 3.96553537996923 4.39872806221867 5.61087110187236
8063.39 4.86641151297057 5.5069659993978 4.8365787046132
8312.44 2.33691877014301 3.08484800948648 2.15696854535599
8449.41 2.23273039292226 3.2831421938822 1.18020092421102
8811.82 18.0842119525575 23.1901529701291 9.58428662058395
8914.29 2.7743773082994 3.4530331781349 1.84310773143625
9102.95 9.01285181598854 13.0387090307463 9.50345141709658
9551.86 1.75179955878637 3.16216075226146 2.47351063786482
10030.1 2.1158790564464 4.56591291730949 2.61190594921391
10412.83 1.53320933623789 3.48549852151908 3.08637275622459
10782.17 1.26975578366563 3.11383815956411 1.55614915925435
11117.78 1.20885332896926 3.35132061182324 0.90284597266691
11463.02 1.84808710258142 5.497711023001 5.88345587518597
11475.34 1.10749745128479 3.27513574152733 2.64954212492194
11705.52 0.871210504922267 3.72020098269964 1.08633047179683
11734.48 0.654036297417633 3.01483007501122 1.84530168813035
11761.34 0.603042983584908 3.01245911168028 2.2434245153363
11769.71 0.585207311374613 3.00153154241354 1.88904196304065
11790.37 0.604930583877691 3.32582049825927 0.755720303170165
11849.3 0.622327286494805 4.02885061554675 0.775638212493504
11856.72 0.606140355457216 3.98168745318652 0.307295730455735
11866.5 0.581183387292559 3.89301599295478 0.588531063895061
11891.92 0.574017411031939 4.05439883605935 1.01847705789078
11901.71 0.469443178259556 3.38432229469067 1.86842670849001
11935 0.635418700922783 4.94505824046575 0.993954673960616
11960.1 0.399178307916147 3.29844086660341 0.39000294035759
11976.19 0.407242039158449 3.50680089704083 0.338932609531184
11984.64 0.401524091730922 3.53553360631127 1.81416474422076
