4150.53 77.2395602109821 12.4084453529984 7.31121699066352
4210.96 100 15.2661859944947 7.05127540180729
4490.52 14.9947798775886 4.45828467250091 1.35733198637445
4494.53 13.417338707842 4.02030999670346 4.58668408868289
4631.79 11.2534284585092 3.38511641901881 1.94910821806479
4756.82 10.0401152195671 3.12768681012962 1.45106466614016
4768.15 10.5590553578423 3.33132225827612 1.96946373633091
4892.78 12.2078927798324 4.06506568091358 7.8946959508794
5058.95 29.2381703335136 10.1494993116941 6.68592489953517
5099.66 9.7040071483012 3.49490987621813 2.43625035308105
5251.37 14.5505066533155 4.66726705755407 6.58103635335192
5289.01 14.6761886274936 4.33605903550182 4.69279370731965
5378.96 24.3023014622789 7.24555311774374 6.82267773331932
5526.72 8.31525947561693 3.13234703473415 2.43886828524137
5814.5 21.4160199290255 7.94788779029217 7.47438243812394
6178.56 32.4428364712409 8.23189180880334 18.4172748463216
6244.07 30.4403919657858 6.64861567469084 9.67737011569989
6314.89 50.0466596545805 11.9509706458191 9.1867941257542
6446.96 11.1169379675543 4.47698745968541 6.76592062881537
6450.67 11.3470606335404 4.6847440180249 1.89736574787639
6741.16 13.6794515848969 3.6474234862941 8.19640348088888
6787.19 95.1094156758214 25.0302899059753 9.74021839732086
6827.58 19.8168948589447 5.03819640030009 9.48044252136424
6927.06 10.5786945854622 3.13906695920166 4.92096859365847
7066.24 7.10647374419673 3.30136505452601 1.69533379632321
7334.87 10.4757073770206 4.62186044423876 8.26568929560744
7586.54 71.0777239938161 23.6626183306609 9.70322421365381
7624.57 14.1844882802748 4.34965602943379 7.87078527294489
8315.43 5.41001455733391 3.9633452866477 1.82007255115604
9102.95 5.27741660498084 4.51022929049938 3.78636984607692
9387.47 3.27253751537382 3.0449351287349 1.70175680339162
9399.96 3.37156778140764 3.14648900606218 1.66930816503736
9927.4 2.83408737044835 3.0678775079543 1.09415705917672
10056.75 2.76086204778835 3.03805157563939 1.11031208749228
11216.51 2.10873647571835 3.08710898324565 1.46183106600438
11461.09 2.00414470282767 3.11120605958103 1.61430508670492
11527.38 2.18414807382435 3.56751362048516 1.81236520347011
11533.94 1.94661130594188 3.19065137106012 0.936184981555925
11564.46 2.32898351152054 3.92486937734861 1.22378603385732
11576.44 2.13710210743631 3.63382747447396 1.64386442682007
11742.07 1.58224791336569 3.38626418093612 1.18166530622693
11816.5 1.41885120922263 3.54103419029025 1.1344903703739
11824.31 1.4311929873078 3.61865807511125 0.774762320277659
11842.46 1.30424991150056 3.37140402214865 1.6152761427802
11904.45 1.33171843799303 3.72881530582185 0.896119857738086
11938.53 1.47729032640408 4.33466232695166 1.64796361363187
11953.63 1.03214513720876 3.09356438356524 1.53246554829457
11973.84 1.16515485024729 3.59676555536118 1.7615030134275
11998.58 1.01550405611369 3.25371968798776 0.580932968014167
