4149.57 100 25.2783917800269 7.39647231945855
4210.48 51.9479029741176 12.4582210624199 6.99978276039747
4293.85 11.4674428347746 3.6548020614361 5.87786110761135
4442.43 6.37641896233828 3.79710212691694 5.98156810365435
4493.4 11.0469537488355 8.14395182715326 6.21349115474004
4669.6 7.43136008790852 4.52448627106764 7.13035066922203
4893.17 10.8227749004267 5.99307583658207 6.34697580221382
5058.15 12.4992838657684 7.94405949828926 6.26084443190666
5171.51 12.0982114121412 7.35893098531126 7.69415684766227
5250.7 11.5737248992988 6.06611699024878 6.28104199201516
5289.82 9.14974571454398 4.61413644088802 6.83932713820468
5378.55 19.1011489051462 10.9136982669628 8.3450512475556
5415.66 5.28830442740068 3.18583624517425 4.41147162582638
5530.72 4.34259704666913 3.65698402037852 2.51474888846951
5646.62 4.41552604322631 3.8834813475176 2.01384031572707
5649.68 3.49406746412381 3.02690188304563 1.0071700917706
5813.37 26.0576863373491 14.7654965554185 9.13211357246109
5850.42 5.55397092018804 3.12339944738651 4.57586074103983
5891.27 5.47572412637994 3.24960899448059 5.43222191194309
6186.99 11.5271620869622 5.01965921849323 9.66610628473063
6243.2 50.3988549584602 17.4547470746812 8.88845139607201
6312.69 39.1926081881499 13.1715693790276 9.62365583826795
6444.15 10.3259652346215 5.86562024598513 8.57748935021118
6743.43 30.3863195008558 6.41415611703888 10.9210951557734
6786.43 94.4181203949147 19.0995809841611 10.7156625319421
6824.24 19.4467434503628 3.90324931310114 10.6040687645964
7289.99 4.10223653322728 3.36436037643204 4.758777911793
7334.87 8.54070262328006 6.47478392350029 9.64926820952405
7477.26 6.88805371234439 4.02436979650692 9.15611990898287
7584.15 41.5053644672533 22.7707415356967 10.1543395533399
7623.13 7.68152285799685 4.04300274743709 11.2526121085893
7651.63 7.37247207749692 4.14346367168014 10.5422826301938
8064.54 3.88853912220817 4.32668235106434 7.50219600511446
8811.82 13.6058497310289 15.8901920092974 11.0373611606537
8825.67 2.98436782003743 3.40706058112589 10.1392150164011
8842.78 3.30582168574672 3.74322130360237 2.22041968587109
9103.13 7.4130941029932 9.84113957048613 10.725824022762
9551.68 1.8214069747078 3.31339252036848 6.13928346513421
9559.3 1.89856608840089 3.46706357987784 1.78382657014299
10025.75 1.9471218720945 3.99293632780013 1.80077670592982
10032.09 1.7124597779731 3.4925093532846 2.73179627052923
10415.97 1.56044689804789 3.57167998235276 1.80114146787855
10422.79 1.34584425189195 3.07085785083223 3.82814389113628
10507.77 1.29165193144293 3.07190998368486 1.64009417588204
10673.63 1.16731649870537 3.05365237648508 1.035983378526
10950.72 1.06619775823492 3.09900000267677 1.29044164233892
11132.59 1.19789932615153 3.50252174952862 1.07018579170654
11138.86 1.25430843600862 3.66561258569355 1.01075855939234
11166.62 1.17166224751955 3.39340261200332 1.39396631915406
11447.82 1.23388514959193 3.44692091864569 3.4058140925099
11459.17 2.13786622419373 6.05718274632862 7.98214449926309
11501.15 1.3083746860565 3.79673230711499 1.82794081070097
11669.99 0.8472622468087 3.08181024213239 0.845927183605454
11786.08 0.643376307154392 3.30024398938486 1.68813372534714
11801.87 0.643486174577908 3.49899813892446 1.084034256819
11921.09 0.562953408562803 4.11826298303608 0.810142538373839
11929.32 0.443981469305907 3.30571806938614 0.258626526685475
11936.18 0.447396069213373 3.39178690851574 0.90354933832532
