4155.84 41.1225425880053 5.57188155212377 10.4032492466595
4201.25 57.3199947336415 7.11436002075267 10.4138492882348
4216.56 100 12.2235944297653 9.74335412798973
4289.93 21.4940955716957 3.01813466891819 9.69484312462828
4640.18 21.8359825979236 3.72833151712773 12.3479024916323
4682.49 25.2885046058558 4.54199595971166 13.1663112230308
4901.13 11.8980960847221 3.79229120654512 10.2373531913527
4952.12 25.8169514326338 7.00816408476491 10.2150315048402
4986.78 24.1402395259513 5.88701858862079 11.3479455498427
5067.55 14.9311370695247 3.7339670773614 9.87358988330107
5082.93 14.8585817412792 3.73469585942429 11.4154376732504
5178.87 14.0514944271468 3.15527277266328 9.73957981908734
5257.57 89.3711200029763 16.575817764466 12.1935661318121
5387 30.2490053455435 6.94005091023896 14.3363155029738
5608.37 6.0485972334568 3.04667707254043 5.25211550362019
5622.12 8.97155916432018 4.87573598518585 9.72357137353356
5773.48 5.37034704175036 3.4360084314532 17.6011712306918
5820.72 8.65099655541371 5.61726756567429 12.7490642575212
5936.67 14.2180847704335 6.50773775254853 11.7622310104334
6010.59 34.0255998358371 8.41018115917755 13.3777160456375
6342.79 34.4083996960937 3.27223244360338 27.2965253095454
6579.54 14.0804479481856 4.92754095056161 11.8877271482697
6795.99 59.6853939116886 10.728889244421 16.872416608453
7185.34 52.0226101748629 4.8674669184429 31.9830157331389
7594.68 44.4271933960483 7.93765646454727 19.5138892060186
7633.53 24.0405211186598 3.98581461069737 19.9126785629596
8298.63 6.39194856171163 3.33996361577208 17.0312381055301
8504.98 6.00410334639714 6.73867875607519 19.0401047487194
8827.89 17.0092051788102 4.59257965263882 30.4757703686701
9915.49 3.76453239486283 3.07110892982149 27.4493497832173
11128.41 3.74724940177615 5.28396755447691 29.9136518695159
11700.27 2.49424461217903 5.21393817122722 28.1477393495043
