4155.6 57.6175303117056 6.85374895837486 6.60956412794985
4199.67 38.5357005701343 4.55485370697558 6.36315971952354
4215.95 79.0831502436053 9.50137598033202 7.06545533216013
4289.44 27.7159522643143 3.96025200379674 7.71449967821991
4677.38 23.7503784231926 4.89351432833618 5.18017237399636
4900.73 22.3304925017719 5.08403770818728 6.57494457832308
4953.17 21.7184858665335 4.4306737966768 5.24083260404495
4984.54 31.5316434366572 6.20303481219647 8.32461703268655
5066.49 20.0753127572849 4.24937749020658 6.73171794285554
5081.61 20.4800351428175 4.41698758477483 5.41713743880609
5178.2 21.0563789794594 4.8577588256311 8.15789352933007
5257.16 62.831848748798 14.7355400345367 7.87451282242819
5385.91 49.864619407186 13.3518572673486 7.48805799932143
5619.76 17.4322510021756 5.85085337034788 6.61773431706388
5761.94 9.56716179749798 3.42215259870364 4.28173589695234
5773.76 8.69661929745144 3.11032139688157 6.48245871792278
5819.02 13.8163733888815 4.96198597163698 8.54529914541672
5937.81 26.3295198838051 8.39809158393904 7.86430185200879
6009.01 32.9561499640158 7.74203914109904 7.97448576829174
6121.61 31.2789351418954 3.182431975345 8.33282557022267
6224.97 46.8284843467921 3.35474285781434 9.67749963895039
6453.63 14.9750187513736 3.11298285294848 6.15280501175857
6577.15 26.1724459689002 8.01684686938306 9.75104102789192
6751.9 21.2852192611018 3.22196812588655 9.6634302353923
6794.62 100 15.8901785323756 10.34782863895
7156.72 32.0428046094357 3.82408156401479 11.5367305170803
7183.78 45.3306447757649 5.26248464767872 12.1411173609185
7231.49 27.3406538717083 3.36837733505298 12.6319699227561
7493.44 16.4973238079756 3.81116199696573 14.9634398433218
7593.09 67.5614220867492 13.242477056582 12.1575431046613
7632.41 33.1447666827846 6.0847163306768 12.569337060103
7745.78 14.9454341152788 3.02875097166336 9.66270506402634
7844.52 14.6674408076043 3.99278581104864 10.1033548385394
8014.55 9.68818626737382 3.19053041226083 10.5201645504658
8297.3 7.97438541313588 3.50617899238894 8.48339269213284
8502.63 7.46994925953361 4.97901752799937 10.5055143258342
8824.81 16.047036683121 5.28126285666428 17.0638872154523
9018.5 18.7696074881477 3.38040654845774 16.7837824756443
9068.64 21.9123324246065 3.94671361552728 18.7302647499146
9562.85 17.4827123285647 3.9063504611972 16.1759243984889
9911.89 5.14282991361855 3.76629792116115 3.12327347834798
10041.7 6.09002917419873 3.43303277678783 11.2375017350114
10109.43 6.32309495247145 3.02608086605531 9.56515764100186
11120.25 5.44039635231886 5.06435647811117 6.90467017661649
11135.25 3.43490251882643 3.11443279305733 3.71743458347191
11149.89 3.37518606948441 3.06398459396387 9.44067157064273
11163.96 3.40330266447357 3.09885765889794 10.3635779522829
11706.3 3.16284388589897 4.4205331100859 8.91485059144907
11713.68 2.72528785920752 3.84858650418797 3.09382907147483
11721.26 2.50951728573672 3.59259228040198 1.92745476268828
11794.07 1.76981881865503 3.0002757757164 0.894965582547229
11851.45 1.59233287540844 3.09598163157362 0.65120507697975
11970.31 1.21729842763129 3.16162255206322 1.02555751040745
