4154.88 41.1317026797695 4.99813420252013 11.007321927269
4201.98 30.3813294063907 3.83614251757328 10.7811223247481
4217.53 61.6723553328214 8.06213292643982 11.6503173389483
4291.52 25.8452562507867 4.2622945184435 18.416704862434
4684.4 29.6337921620912 4.76270106610905 16.2447641352883
4900.87 11.660510296633 3.01352695422596 10.2000278339119
4955 13.3392499310633 3.13719839197647 8.53390560823391
4986.65 18.9873366744874 4.34990411447405 9.70581330563982
5065.7 15.1077619765288 4.02325705504489 13.1704408403666
5081.47 14.8273505267895 4.08536852262477 12.0684103689682
5258.64 58.7719172656827 15.0271784629752 12.9615873333032
5387.95 41.7913732289183 10.3243491472106 14.2380169994303
5622.68 9.77346382238064 5.43652384053258 13.0555386062806
5761.8 5.31896544625621 3.12331092639628 5.19737563029321
5767.43 5.6182329604162 3.28258960455759 10.9256843303037
5821 10.2891684164524 5.61291000108001 13.8479955494404
5939.66 18.7910725860428 7.58201182243894 15.4628270174453
6010.45 24.8520592645635 6.74438888993548 14.7683433349885
6341.76 27.9288505150175 3.30576699456553 27.2955699816021
6456.74 13.4811789570014 3.7433142644005 15.6134806693253
6515.85 9.55564523398396 3.18288701754659 12.7916288920924
6579.99 16.839876505179 5.73339705595814 18.5506965645845
6751.9 23.5283495687266 3.6480440533101 28.35385436859
6796.29 100 16.1786021976928 19.2280378790756
7198.89 34.6306214263481 5.08484307760358 31.6883206236462
7596.44 46.8863666837449 7.68380898860912 21.6253338420938
8509.02 3.95225262568797 3.86179009348503 19.9124273055331
8825.84 18.3159836543695 9.27915945115848 26.4247418662144
9561.96 22.5236791924566 5.17238217329765 30.4398739907992
9917.12 4.66318412481941 3.61882665381081 32.8232829012522
10045.87 6.9985307465817 5.02577065401506 28.1234407607699
10886.88 2.29293506257391 3.61575607253388 10.3040747740888
11122.34 2.27865788452531 3.45301062678642 16.7409287762675
11716.01 1.23377044264538 3.25591759646099 3.40013612919392
11822.74 0.883783649462157 4.10424960314112 1.54026199487453
11830.94 0.763608993113132 3.62799887873255 2.00586505752108
11888.79 0.570330914109364 3.27361572944565 0.564903970785963
11947.94 0.487570564041678 3.56526505672464 1.07534252417827
11962.06 0.455899819608663 3.56580647475345 0.26503817068442
11983.26 0.445899406710761 3.89702418422964 1.02544717285309
