4155.12 26.5099812451949 6.01223281577712 8.07086551009706
4201.25 11.3915517320932 3.06906124356267 2.41301766775359
4216.8 22.0035082538332 6.41733965274397 7.70753327801867
4290.54 13.7042844630614 3.32454167568064 5.97969807160007
4371.68 25.5144469176921 4.10703827810039 8.47531359162167
4599.96 22.9819379513959 3.74575381396344 5.74702059927949
4630.78 19.9189869939052 3.07632035293176 14.3530112242106
4677.89 34.3304446665479 6.11405721014298 10.2342836876096
4953.17 39.1147527879655 6.55420388954937 9.84958397365244
4985.86 28.4643718549946 4.45567876323375 8.53699533083181
5066.89 24.2270294105372 4.33145438398842 9.35659567140101
5083.33 21.5296379421338 3.99878788709189 7.34846149874375
5178.2 22.928087196761 4.97183174700228 7.61208474444084
5257.97 100 19.9228199185412 10.2534938114877
5386.59 37.880657673457 8.04846794052111 9.61362675470173
5476.07 11.8804814391859 3.06524923323815 6.95989724469109
5622.96 17.0968344788672 5.88960617944393 7.43388694328587
5773.06 6.2268823586841 3.10739556056554 5.59920384950601
5813.66 7.35233349479729 4.11329726331303 1.78760970226085
5822.41 6.01918099711945 3.35805086551 8.65206996072357
5938.52 21.2123305090967 9.23997872813519 8.28239381326421
6009.87 42.976448042608 10.8940820640309 10.5081193489605
6122.05 34.189472805026 3.36797589452621 10.2659743451404
6196 58.3957165262344 4.11164479081826 21.5239174242624
6225.41 46.5199438021306 3.08334417940574 10.8921839124787
6341.76 46.6188035136934 3.99595183727929 12.1419626497027
6579.1 20.2766925737312 6.19206807647028 11.6644150055954
6751.74 17.504163043505 3.51554454475952 13.2516823311817
6795.68 75.3143878906955 15.8866068863257 12.1765844578349
7114.2 23.448944989102 3.4504163676292 13.3620871683788
7156.1 41.384692989775 5.36534848600918 13.0898165967974
7186.27 46.4250302686018 5.69297076560226 26.4243989866118
7595.32 68.4356906637914 15.852167572558 13.9466160460061
7635.77 18.5834058367116 4.44834410627456 23.1921728563138
7846.79 8.66610094091378 3.2189387064401 8.70440127357051
8504.98 4.72584424049716 4.44491722611846 4.03934747540552
8512.72 3.47636835132035 3.28118383857039 5.41813569461556
8821.22 12.1801651781325 6.71763753812485 20.5012223436242
9021.78 20.1533117174952 5.51224527133195 21.5888506292213
9072.8 18.3577282629783 4.90814839026838 15.8560922152537
9143.4 13.4100103690835 3.4434491422732 18.5022127586344
9412.81 16.5229906348366 3.88797675120795 17.9113214363024
9471.71 16.9389642149544 4.18527641443091 19.2779178699257
9561.96 27.7462108401822 7.85724019456337 17.80855534271
9913.87 5.85818637681602 3.95259156156977 22.6542628438183
10039.34 6.56315898692064 4.08723118721047 15.9766724886922
10223.76 5.66053258493242 3.29745558784969 41.8288002234349
10548.34 3.80954943907694 3.25707072642387 13.5911674171111
10866.95 2.53146896196072 3.08912411978153 10.3632318979253
10885 2.55588327113336 3.14217408937134 10.4532750814396
10896.85 2.50137083511725 3.08839806153236 2.34572106650194
11118.92 4.51475589588457 5.68432070133422 17.9595521464707
11458.01 2.45576757838394 3.02284550513373 7.60422133955763
11470.33 2.46301477081755 3.05023249819598 4.9793123519612
11701.24 2.91986567076255 5.38528244333867 13.8175622432918
11718.34 1.61344418088181 3.08906492475009 2.42385255754016
11774 1.96052323361675 4.5322626778395 2.93065877532536
11784.91 1.87305785152597 4.50336917287385 3.40092830031426
11794.27 1.36204929044118 3.37380825375479 1.94723247799993
11801.48 1.37320981004153 3.50059842473845 2.7842717591484
11817.28 1.34458177895444 3.65771691352327 1.6563108570972
11965.79 0.90906142958606 3.82359572743594 0.868524381141469
11987.19 0.868177707362432 3.95924682931104 0.527054994276114
