4155.48 57.5748026172356 8.75027225187684 8.35186089203762
4201.37 30.5067883765649 4.61574453100373 7.88041933788008
4216.43 58.4434495151738 8.94158598783516 7.66989476257277
4289.19 29.0025963933235 4.9698949724446 8.0872729474786
4497.16 14.0980743242624 4.02144344670942 5.10309037352999
4638.91 13.046858509385 3.09611620411478 8.1007622365405
4677.25 39.8045014252498 10.4928723146227 7.74437699931423
4726.25 11.2188879200983 3.09586434189143 5.37721473943748
4900.6 19.9579453551065 5.72324807271702 8.21719734016642
4922.15 15.2104096034005 4.07796216023991 3.14921800701359
4953.3 34.845513075143 9.40624664668891 8.14463973499005
4984.41 18.5913426121668 4.92555469684924 9.00650276223769
5066.63 13.7642262995874 4.06009009944778 6.55191072999241
5083.06 16.9044298647406 5.06624856978591 9.00134852717929
5177.67 11.9060406861078 3.4373563462197 6.32957595789776
5258.11 53.6932227359051 14.6066780829163 9.59295631892383
5385.77 55.3065179431615 17.2128817215936 8.49885107704722
5621.98 16.9076753804548 8.06076418473785 8.22051222352184
5819.59 11.976429656966 5.65108818880377 8.32747260683209
5937.52 22.2689806298279 9.74568335487476 9.43077665362216
6009.3 26.0601685430045 8.85473320966564 9.5187827168993
6120.89 20.6191971304926 3.0614428560906 8.00546287302859
6342.94 26.1759233690777 3.13941542093429 11.3433744175854
6453.78 17.0235078366663 4.27093482841786 8.82209217887066
6516 13.3351112277078 4.41970052972356 9.26592434152099
6577.75 23.165571166751 8.95644469258641 10.1884194424356
6753.71 20.974052920338 4.30015503218727 14.776024083134
6794.47 100 21.0443580234818 10.9857799024721
7113.27 22.038922994553 4.49031990330322 12.8256207830136
7157.03 20.7656839486685 3.92323790305345 13.0647241086344
7185.5 31.4573989009311 5.95704418404132 25.7416233869517
7493.59 10.6615490580647 3.49958855363828 17.0627742916913
7594.2 48.7256311732338 14.180511926958 12.2475196537634
7632.89 19.0942636218563 5.33429774710894 11.9856382384824
7745.95 11.4924487726815 3.5818815798393 13.0660404366672
7844.84 9.66005667509958 3.50770976743335 10.5052240926907
8015.69 11.863217793362 4.43194951721311 10.3521144376618
8076.85 9.67051337061671 3.77709214174476 12.3494575804352
8506.33 3.70780645835032 4.0536698265327 10.676728999013
8718.06 2.77699484547863 3.01022358746779 5.99557783185992
8824.13 13.7124040679581 9.39781133618754 18.405791162977
9020.74 12.7571918818103 4.69916069157416 19.1148467204657
9072.28 10.7027054721775 3.89510193134934 15.6148660384279
9142.36 8.51549011361404 3.0403002892063 16.9837410476848
9470.47 8.55594652686781 3.23708832754975 15.9113029513192
9563.38 27.2776647753149 12.531453877012 16.0622097320938
9907.56 4.75840207282003 4.23655117638869 24.7527817737628
10040.43 7.14386972587315 5.95193926502383 15.8476325803258
10419.65 3.92709278361961 3.60638684325495 14.3156468901361
10885.56 2.03647195842455 3.21866909451573 10.3616705880904
11117.78 2.24661297162615 3.56747923133235 3.43033203360028
11124.81 1.99394665686139 3.13804690602334 6.45628686351847
11405.92 2.261913363126 3.70561534984175 5.60232814898336
11476.49 2.02636572246001 3.42189665946204 3.01996902181236
11699.5 1.63302599785362 4.1791524897629 3.36374306634207
11712.9 1.25541915960116 3.29834925010671 1.99779622437927
11725.54 1.36467843927282 3.75460823443247 1.53648337309278
11763.68 1.04811977810143 3.24879166075458 0.890499744406043
11780.43 0.962816094393269 3.16968410890468 1.58965349749087
11790.17 1.01463703264065 3.4843180852278 1.54146624543682
11810.45 0.833658778982891 3.09369001449949 1.39565254952504
11836.99 1.06329569797392 4.34004665119607 0.944089463268028
11850.47 0.85625306019019 3.5918765636746 0.911683506788904
11964.03 0.521338921289672 3.06449262539814 0.440473191572892
