4155.72 60.6739041261568 5.13085772936434 11.4697270774923
4217.53 100 7.85325867162175 13.4693986411248
4371.8 22.5548704180612 3.11946701111959 8.0469650955838
4496.04 14.0417617340289 3.78767410121211 14.0963594836403
4639.04 16.1432062609269 3.03066673297839 7.52086312429128
4682.1 22.7353767828504 4.56560498986189 13.687386234491
4900.6 17.7663665216402 3.11115493544691 9.70908686504208
4952.64 65.7933207672786 10.0213707271058 13.4087874484539
4989.67 25.9263838598358 3.59415868882245 15.7458953603073
5258.24 62.1499690276277 9.38937982704652 17.819032810602
5388.23 51.9570215086655 7.66221382512181 17.6467138061707
5623.38 14.8856895207712 4.84767689116021 13.8507723539851
5825.8 12.7832914001591 4.45228491748683 15.4819644830914
5938.24 15.1642350077619 4.49661881100613 15.8855662564365
6012.02 41.3309132387946 7.79786594829352 18.2081232907913
6796.14 87.2279762099368 6.47159089793384 24.6593376736237
7196.55 47.3292016111137 4.96290531499302 37.907310359994
7593.41 49.6066413896699 6.03311478828617 30.0571205201986
8516.25 4.9837276080548 3.18396235789929 5.78107413416546
8825.67 13.2522088410671 5.31015666055931 33.3262014644788
9079.9 13.2686842043625 3.02878587084256 31.5650395968805
9902.7 8.02093369410747 4.0305942569629 30.2839149132833
10557.42 5.11445017580147 3.01413101099324 4.15713610803505
10894.03 4.04480265437717 3.2337488503995 3.5166046755694
11473.03 3.27883326861008 3.24773875577059 7.25165834036852
11753.94 1.52082065396411 3.0781314919112 1.73808329943495
11767.38 1.63418439408743 3.54179533236122 1.68425286654747
11793.1 1.43328667146322 3.52902388371503 2.1851181728216
11808.89 1.40850544366566 3.79587373843827 1.95180834068196
11827.04 1.13353496284022 3.31232299942302 3.12952632242377
11846.95 0.995168259889137 3.07698358146557 1.3496907920271
11854.38 1.12173344283983 3.5709460861315 1.18730365534066
11872.36 0.901093942191972 3.02108609998524 0.983527190244786
11908.75 0.817930167186306 3.12747981063313 0.745499792905321
11955 1.14663598258853 5.39294728533762 1.43773422966115
11965.4 0.752494509607243 3.68669347522939 2.12603969826523
11997.6 0.923171428260468 5.38884066899388 0.466179681376161
