4148.48 20.7990845427842 3.60065651977714 7.74663784676341
4211.33 53.0487948615964 8.98280152343855 8.30396294560342
4283.19 56.6678064063506 11.4169002212993 8.35380886969051
4367.48 13.3896222263057 3.46971416630223 8.98998590792417
4454.65 11.35633821098 3.74891596247715 6.44242164893876
4490.65 11.0154048965973 4.01203418095452 8.70995032402152
4635.48 7.7208672387526 3.442070140015 7.71975945405211
4839.48 8.43056064567148 3.77773548011593 8.20581614639104
4875.33 6.90388423921358 3.00782423310815 9.89499746313686
5060.4 29.9700702632508 15.2319269004622 10.1738749721198
5075.77 22.3572560060372 11.3728968365527 11.4304013627307
5250.97 17.4188094421608 10.3091604837383 9.75708199932888
5614.76 25.329029430229 18.6392908273839 10.2049765639931
5931.11 61.479408198083 32.477471525877 10.9024748122438
6188.59 31.5383856868508 7.7903451086622 20.6517443067569
6237.22 38.8149296677619 8.45384125827923 11.7388556578499
6276.22 28.6317515224825 5.99723190122605 13.2315766158999
6570.28 46.2832655196145 19.3849601031673 12.3624562141822
6811.47 13.348137785895 6.03327559701486 11.6141510259959
7105.68 15.231152612903 5.59091339466849 12.3106384460052
7336.13 12.7372852449033 5.85834269893082 12.4384948952629
7586.54 100 24.3985140184511 14.3742401005347
7832.53 9.54341451214189 4.62465042355283 15.3668381482685
8049.77 4.41983259829962 3.31223034138003 16.0067132157501
8703.78 5.50851132959773 7.52445527602188 14.9416194715923
8795.25 8.04442716247292 11.3056609779844 16.1721536810874
8942.48 3.54691733102257 4.17856369555026 15.8540330106571
9009.34 3.7618062296665 3.92667361401565 15.3889285357127
9129.51 8.95597233432444 7.56137126710462 16.7590085062457
9318.46 4.93887262704046 3.72489959925667 22.6895154927661
9401.54 4.60366662174026 3.86669680022037 18.9515306476042
9511.83 2.99598785554423 3.1422908958035 11.698589145577
9881.27 2.55129996756609 3.06196181464496 16.4446286627372
9907.74 2.73780483416482 3.26516238553125 19.5201831867416
10326 3.22868053169587 5.63026248357853 31.2402557477781
10872.78 3.22671815645701 6.92699794247277 22.0631898846277
10960.52 2.90912139850697 5.7181084677474 22.4398825415228
11393.44 3.57334755617158 7.6619673554296 24.2447644047897
