4210.48 90.6165148133014 11.4773509079903 8.47130412018942
4282.09 63.9403375753105 8.485924568438 8.80219449789729
4489.4 11.6261952957247 3.00181877408042 5.89281130437666
4855.31 10.4427612656445 3.01477961242017 3.47005825604265
5076.57 38.1193598068106 8.26399244376573 11.2679757555316
5250.29 47.3349819537994 11.3776227792543 9.38607445368689
5614.34 33.8758879299123 10.8046670738529 13.1767185643621
5929.83 54.4667346055306 16.4693355361173 11.8121314047403
6186.84 58.3959367592487 4.40808246295618 22.3235695404974
6235.18 41.5291313654541 3.05398678077909 12.2877078189667
6272.42 51.8654542258689 3.97756787821457 11.8844278620099
6569.38 37.577082062069 10.697646489017 11.2755734238062
6809.95 11.1896139600436 3.39807753826995 11.7458814906195
7103.98 30.5475543718916 4.75255959971068 12.1787723818807
7146.16 30.2317045594793 4.15336373226972 14.241754790527
7221.97 23.1151347923271 3.11303209773429 12.6517502543975
7583.83 100 11.4760933691522 15.0320156589332
7833.5 12.4881075622732 3.31158404530592 13.9984007105713
8050.59 7.32547050327233 3.14495224336493 11.4397998495097
8703.95 9.14926109650352 4.96101414170924 11.6130939668165
8792.35 15.7018431147807 6.28675421314766 14.8908888858987
9006.58 24.1740320562127 5.21602744939291 14.3886736876611
9398.38 20.0529212138137 6.40123410546042 13.6596644811852
9904.14 6.00418704250567 3.21937347824537 16.2325821657632
10206.77 8.83901176902267 3.68408243943216 37.1877688204841
10531.66 4.57025628974755 3.34586665796075 12.4367852297564
10871.65 5.08241794789419 4.36761417049459 14.9589493167132
11393.24 5.21886482417485 3.85245153221845 17.0929416900781
11679.5 3.74330509290687 3.46752901334432 15.2338027963815
