4210.48 68.5416569138412 14.8331659054454 8.1279198648599
4283.43 76.2473483174353 14.9854971024764 8.87058464267102
4395.21 13.4611254173785 3.13817957288278 5.79527082876575
4455.65 14.4191930916047 3.97318078252976 7.22710851557167
4651.51 8.43964680986292 3.16852781344575 3.47090581802058
4838.18 8.0098304892176 3.26649731043376 8.49082677858132
4854.79 8.03196226805818 3.25159743232456 7.31212439115006
5058.68 34.1435984262259 10.2841214419322 10.060903685815
5076.83 39.2610137163437 11.5205606411246 9.35822534056388
5252.72 19.1980120301727 7.32652385426803 10.2444486264012
5614.76 27.6306285306793 11.631319459156 12.3515173940532
5929.83 86.5344912116232 31.7466858712159 10.8141676926298
6186.7 33.1241924546495 5.72374023598651 21.0470603984086
6236.34 56.0930962505556 9.0203815482793 11.6101907868788
6273.44 40.4624139180266 6.34260609389092 12.312220303812
6570.58 61.178788798136 22.4565743190245 12.2375637035657
6811.02 17.5534742380965 7.58566808322528 10.9075824708461
7105.22 48.9910306249309 10.3590051119836 12.4326240254941
7147.71 16.9108005996494 3.20210978078922 21.165981528964
7176.31 16.7878801150881 3.02155383508337 17.5940486884556
7502.96 17.9440082035892 3.02790103468214 14.7891418581721
7585.1 100 16.4835927196752 14.1410687284952
7651.15 19.526596983238 3.24856086907809 17.1744672215264
7831.4 12.5516470989295 4.10278565862827 14.8049309434191
8049.93 8.50816673960899 4.63308714703189 11.8668510978951
8085.56 6.58124153871043 3.62280808884802 12.9579613896913
8353.42 5.01099757854519 3.70536903292042 12.6766724844238
8561.57 3.30618873110047 3.02281507565987 5.59844716468069
8703.78 12.5249483034689 9.44000265914871 13.2789839792458
8796.45 13.7851600525357 7.72974695711916 15.2538747346789
9010.55 20.6338178139739 6.81213033295197 17.2296756136857
9127.6 16.229587179905 5.18649554919474 16.6379615242768
9400.14 8.07655083718328 3.94939998007838 14.3351533964651
9509.53 6.1065237043907 3.79747369436568 14.1150935456226
9882.89 4.89110331548478 3.87803573399612 14.7831756379546
9911.35 8.83254322663746 6.93913752836677 16.8858798142792
10151.49 6.71451235724721 4.92024555775262 16.8630834189935
10190.33 5.01900000432035 3.69900023812794 15.7241440165599
10872.59 5.95176532777817 7.39399852111164 17.6319282341956
10962.22 2.77386248792051 3.07897975564897 16.3916570349284
11396.7 5.10761824228486 5.26789919982675 27.11366628213
11687.84 3.02485717400596 3.66905339397556 18.3539020738444
11838.56 2.06812083296557 3.24981609735722 3.57268069338534
