4014.24 9.15571646308977 4.36332803172604 4.61997619038175
4145.46 6.86947023828505 3.06730484243178 6.40996743992036
4209.99 52.626984626644 17.5388930381983 7.58192517048246
4235.79 10.4272096469838 3.06000515583148 6.7260264323204
4281.72 100 28.5833930652754 7.74130105733821
4393.97 20.9010214597716 6.31751317630988 6.83421698587608
4452.78 14.3320963753758 5.068318393701 5.93784039234743
4594.01 7.49281657816069 3.59170352438641 6.40376169029423
4631.79 9.01832856161379 4.17379744606127 7.9554712002091
4836.11 7.52496272645434 4.14535767201811 7.34431944581866
4852.85 12.3431085453802 6.77261861569313 7.73654192315007
4975.74 14.3487634632405 6.33068753122505 6.82173996142137
5058.42 23.2735647587534 8.60833492569525 8.05011069800184
5074.31 65.298747136722 23.7624756619299 8.83106335367756
5250.43 25.156736420843 10.582915961736 8.81344995125255
5348.49 7.84786488774008 3.96098887311167 7.49815712934014
5590.61 4.93340130219265 3.10643571220699 1.84191055745032
5595.6 4.87393717376467 3.06942425590224 7.46649491086282
5612.4 14.5448364897107 9.47092803702906 8.48637908596174
5763.49 5.04494835458142 3.86576236319484 7.96255751727404
5928.12 63.4205129501484 36.4984315432003 9.31343827388264
6186.99 27.3978533950692 7.09280029753244 20.4172810338514
6234.3 39.6517564478684 10.2230409164692 9.89625767366488
6272.71 27.5417211678724 7.19973467446145 10.1624989501643
6568.78 53.7955143164602 27.8118226476521 10.2089649735553
6807.98 12.9075280947196 7.91410122991055 9.82186365849702
7103.36 48.1483092347954 11.1246272890866 10.9101442457013
7135.14 21.7072989386448 4.71628039657647 22.9428067665012
7174.29 15.899778622551 3.21785550100549 14.556270768936
7482.49 12.0536205416008 4.31416733225838 11.2620664795177
7501.21 12.4730369864215 4.3553179588477 14.118193723647
7582.87 62.2291056088683 23.1131969272849 11.2610090047692
7649.7 10.0776750550139 3.98621535205268 13.1163137454405
7832.05 9.75898133773285 6.93809607266392 11.7059506604428
7946.27 4.66898880678035 3.40348955847811 11.1980250344741
8050.59 6.675384319671 5.00194021715035 11.5305914638075
8084.57 4.36774200507152 3.25067550938536 10.5454027626456
8268.73 4.67110847417279 4.51133062954799 13.5649526793277
8358.09 2.99317463935976 3.24188083033403 10.0904096228769
8702.25 13.5189205323019 12.3486130071468 13.2442477572877
8793.55 14.2695477884102 9.29272954227622 12.8617069337524
8853.91 6.41453748762252 3.41177441708115 13.2525139112531
9007.62 28.6443052627001 11.5365518174651 14.3078105952663
9126.21 13.8161345083365 5.57528312401735 13.9632252998799
9170.71 7.79178305787399 3.28400666475127 15.0471806637452
9399.78 10.4110548218886 7.95803164228179 12.1447790864349
9508.12 4.60634977119646 4.39811845829649 16.7491906322939
9709.68 2.54934689595954 3.20532909405194 11.2666059389376
9877.13 4.3550735897922 4.43757685425289 14.7299850422532
9907.38 11.7927512594616 11.7189323495035 14.9594071035026
10147.66 10.5449534356231 9.61196278028359 15.4005077996171
10190.88 4.41977300913197 4.05706287868069 28.8245178477864
10533.14 1.91419710439879 3.48871740259665 12.4222708226007
10873.16 5.47715538798528 11.9634873837171 17.408330956634
10960.71 2.36592663046943 4.84606243680575 12.2949307136932
11354.12 2.27947132548039 3.50311711477057 19.4892124668786
11392.09 4.48478060161936 6.77987496436537 18.8869341385562
11684.16 3.23257534907839 5.67308238062015 17.5678830394754
11830.16 1.4639398588803 3.23467279829461 14.7551218637145
