4146.79 17.5540768443846 3.43682133152464 6.88001597929997
4210.6 88.1501417633245 16.0313656537251 7.86500752231586
4283.43 62.4605992301382 12.4401052154333 8.69954282737217
4393.84 13.548298629256 3.19853212611286 7.78335799691195
4454.03 11.8308095008253 3.18964014725961 7.21793657871058
4489.65 10.5543418054099 3.16300780450482 6.89612582590144
4594.77 14.0404766792088 4.43511855856762 6.47602017473855
4840.26 9.59161764996104 3.24400185383564 5.11414227156274
4853.23 9.16229457668986 3.05429707766238 8.0805123823975
5060.27 37.7896714579042 11.5726148633497 9.0993399532008
5075.64 35.4555323332507 10.8041667726844 9.70706966090893
5250.43 43.6054817239376 15.3761764095712 9.6546216050665
5347.13 8.73781137107252 3.04793315097581 5.4847862610186
5601.43 8.09026456266928 3.53038883239329 3.92439246803406
5614.06 18.8662217537719 8.87139350810478 9.72327280235913
5763.77 7.87296329898681 3.81483102806823 6.40911556212268
5929.11 58.5389892652249 24.204641799147 10.2013960008244
6187.86 58.5866094137813 7.03961092429503 21.1486227207351
6236.63 41.3110033902811 4.89236875853794 11.8486264482599
6273.88 49.2285478173183 6.07654069982115 11.0958680583653
6570.58 42.5740393686132 17.0300641531653 11.2517706383178
6811.78 12.1398686701206 5.02227531382316 14.1695302668595
7104.75 32.1994603478101 5.46170525725778 12.3010299124926
7147.25 31.7929438715259 4.78511980073483 12.5195075286292
7174.91 27.4477913788934 3.82846539915083 14.4609187595142
7222.59 24.1135742252607 3.67836343976598 12.3212447700553
7584.94 100 18.5433528028006 13.6578616288534
7651.95 21.2809010392452 4.17996202163485 14.3352983395334
7832.37 11.7351918792331 4.3562256660379 13.5234755906567
8704.8 8.66704858710983 4.89931556765164 12.5067450129336
8794.06 14.3057504957314 5.97249492717734 16.9489744685798
9012.45 20.6609394646369 5.37592626253186 16.6471512679746
9058.78 12.4930420157004 3.25643626081753 15.8242048445336
9400.14 21.5166945392503 8.77892395772152 16.4718728800253
9907.02 7.08989732349511 4.6209508468064 13.9541886435109
10149.85 5.35077493587908 3.29629386962408 31.0186021132231
10204.94 6.40277539904687 4.16427218839446 33.1644318335238
10532.03 4.19167685221922 4.15348635979792 16.8809940211686
10543.33 3.26400360142549 3.17523709780362 2.98156566282159
10872.4 4.14540903368751 4.51691971244376 19.1883791081564
10965.24 3.3933502494296 3.46168055057525 19.2328292636885
11393.63 4.20878304840067 3.76686519437081 14.5037585085483
11686.68 3.73190512897066 4.41737796495703 17.3247468343216
