4211.94 50.8242917062853 7.60371428797778 13.1920971837835
4285.76 100 11.4702701283689 15.2779872392002
4635.73 12.2884438513027 4.6194615567893 23.8437595021805
5077.23 48.4167572497716 11.5396262298602 15.4778524007606
5252.18 21.6659719774948 7.91912716398925 12.7321659628824
5429.19 7.64647306449788 3.25826736230673 16.6962289900539
5616.7 24.0744677173499 13.4543989047005 21.5939602346216
5932.39 96.7316731825341 25.8240581378424 21.0502773198195
6238.68 47.2517735655324 3.46581344351685 25.3583383997784
6574.01 73.9707195214496 16.0517594397912 25.2818171434365
6813.14 16.9193202091349 4.52176293676676 23.546435846054
7107.39 37.6341062710068 9.0413374978981 26.6243513016225
7587.66 85.7604077602933 14.0643843733368 24.7796716071289
8054.36 6.91316263002996 3.64910534613456 17.7598218868497
8706.16 9.75559945516905 7.41075541501751 24.6812661282001
8795.94 13.197850823499 8.24359643168587 30.072152372737
9011.42 6.77754857076096 3.07257100797063 15.6789241394326
9130.03 10.3866221859471 4.2969623482404 36.5248227995708
9399.43 6.78815988046273 3.43204284674675 14.9286796340384
9513.96 5.43846022028808 3.45730963347505 31.2447221678995
9909.72 6.71769316959002 4.50512217858188 27.323140713348
10153.86 5.00670073436191 3.81806038008929 28.2880552066199
10878.8 5.71923891177068 6.29207303661471 45.9114429584406
10970.71 3.29288976012487 3.2298187679091 41.5910403320486
11396.32 6.32716143081606 6.0408977712904 52.1890728148301
