4067.64 17.4066560593411 6.5561690748818 8.97108061733252
4150.17 17.4944521241429 7.54752983035453 9.40646511034993
4211.21 26.4855226465119 13.5334090453858 8.59914472804212
4367.72 18.6301185368196 7.14426573677215 8.7524546912673
4494.28 8.16773181827184 4.58887494692481 10.4023789385938
4671.64 14.1040547444066 8.64656453320602 9.29278048929609
4893.95 7.18209154689504 6.51954165230891 9.52434265838929
4916.53 3.56277569966374 3.03102507705134 8.21153616318861
4980.73 5.80926625853349 4.19660505680441 9.18708369534579
5056.17 39.1824386149704 22.3800798753016 11.4330827529993
5171.78 11.4606046097866 4.4091708006156 10.5760315654998
5252.31 16.3314346328785 5.65941473296416 10.741266345357
5283.2 19.8947219728717 7.20242913522169 12.934208568161
5380.19 19.9077500871274 10.5392569965271 10.1238124351539
5522.03 3.42820012449593 3.0159968616475 9.82559883279737
5599.62 3.91234098549944 4.01962194302085 12.7140998018112
5632.28 3.12374076337008 3.31399588048359 7.63236960001814
5803.49 1.99360485082647 3.10162732011686 2.78610823771578
5814.22 3.70456376121762 6.22720776949366 11.5191832354567
6143.03 36.9299498258498 8.35234702798505 15.3552784444546
6274.9 19.5115756149832 3.91549890234336 12.2782117054221
6314.45 17.3897987368633 4.17380034121156 11.4255943511225
6507.67 6.55393519116675 4.54132963915424 12.0875285785951
6743.28 10.8183238604303 4.57340079243145 21.8248173526326
6787.19 40.2755311849301 17.1397924084903 12.450367238177
7065 5.09537160725595 3.88083395381862 18.7342497909831
7249.3 12.5647193997365 6.38690104926423 14.6920024244619
7585.1 100 30.6806077819583 20.3995250093094
8019.3 3.85795321034395 3.94710421455561 25.108198720257
8066.34 3.96429704123988 4.13480926804619 14.5695490466433
8495.23 1.45617594103389 4.00362599941998 16.376002897101
8814.56 9.50186577808485 15.6847440975939 18.9720504335801
8916.69 3.35897710307661 4.34736092872669 22.1401592935708
9063.28 2.98651611025941 4.03147978744718 18.6004857555654
9101.39 3.20700215779111 4.72146425458671 17.2676947992259
9389.58 5.14610925251763 6.19461017351262 29.0237205905069
9552.92 14.765159271412 19.2208863775638 19.960053463783
10030.64 3.40328639143281 5.1208548302393 20.9462891750245
10087.62 2.20537679748485 3.05235885504479 23.5319520844278
10318.1 2.89608348214725 4.14580093855748 20.5806337720096
10412.28 2.11806714625481 3.68295715118509 18.6214120940367
11118.35 0.734267658279058 4.13273667345045 24.0251887446029
11462.05 1.09164057503357 6.48541741699126 22.8671536385154
11768.93 0.273100428675383 3.00247284793712 4.4328079191564
11853.99 0.209250465704995 3.23454785581688 2.24060825455126
11866.89 0.349791406447925 5.70125540154969 4.36983953779054
11873.73 0.195975950827165 3.21932975360318 3.42048051021811
11947.75 0.202664408091041 4.38345296841779 0.971991129701564
11963.05 0.212805863642411 4.92194134092173 6.3097471280762
