4072.19 20.1224952292987 4.15610572978196 10.1400075626311
4150.17 24.8257054365505 5.73026599332702 10.1340282168148
4212.67 47.5030654592093 12.5062888922366 9.64587408069383
4368.84 22.1119810077235 5.39752306807323 9.77890222126643
4494.53 12.2741296104259 5.99152033901728 11.9454352090488
4671.9 21.065336357108 7.80255257671581 12.7435646005551
4896.69 8.69392544865189 4.21632179427753 10.3427165693693
4916.01 8.22204312176648 3.87054043118759 8.28884195821229
4980.21 8.46241044454321 3.26161154688449 9.49789680271351
5057.89 57.4486177463716 17.6886278339013 12.3401589488294
5251.91 16.6307366965093 4.86755389636673 10.6562355096603
5284.42 20.8308536056111 6.04676026804149 13.5964980966201
5382.77 27.6081818821236 8.65278412688435 12.4370148057396
5600.32 6.53274119381312 3.82951856152843 10.4244215980807
5816.48 6.46425137223391 5.19876917094039 12.8818117238034
5896.53 3.71685813685523 3.58482843012873 6.67945286026679
6143.18 64.0086391889494 11.1745993638652 24.9696804897449
6274.17 23.7324830495356 3.22793395590826 14.1467236963972
6316.8 29.0879871428622 4.74013852710058 12.0646173996574
6447.11 9.37223271434663 3.06133186731603 12.8989459415279
6509.3 7.84715544960463 3.46697400690531 11.3669030178235
6744.48 18.3103128513811 3.7007983820697 22.2310907799956
6788.71 82.7089577471309 17.1053367111342 13.8094619750009
7071.03 6.77962075902433 3.36814936040787 20.1019771472011
7251.33 19.012887297504 5.9758889723053 14.2621731557647
7586.54 100 24.0421501946858 25.0845121086777
8007.84 7.33585269238043 4.14766799790733 23.0306531059659
8066.01 6.86509490091223 3.96597897501344 12.3556206725225
8816.61 15.3356120970381 14.7863079851239 21.2905440596132
8918.58 4.47905900482061 3.83920557725941 22.7470171632958
9102.26 4.45451236155823 4.57644399313 16.9977505858824
9387.47 6.1839423707375 6.14092650675335 24.3497096976062
9553.27 22.4287793664175 24.3609778612197 18.3812182951442
10030.82 6.55541137865442 5.23709952112715 22.4518422513811
10410.62 3.69598910540598 4.0143758539812 22.3976144075168
11124.24 1.385001204805 3.9923095507056 13.7496538940486
11464.75 2.35440407725594 7.02547298187522 24.6489602332567
11861.22 0.488856018358155 3.56987089984706 2.66841332457989
11868.84 0.563414491767192 4.25608191463538 2.3218308044834
11970.31 0.281723715578523 3.11588194993907 0.7252774568733
