4070.51 28.4912715600649 6.27996795123946 9.02238438148197
4150.77 29.4349159961673 7.09810001749816 9.20597124340202
4213.03 65.9004638924976 18.6089935988655 8.2394742162669
4295.57 20.3049418300652 5.19747683885309 6.6290594428574
4368.59 25.0304576699201 5.78472303791949 9.10355638964484
4672.53 16.6759639423542 5.65041193824744 12.511469450772
4896.82 7.2344940682722 3.92588229399913 8.79388049525005
4917.18 9.13866487896581 4.59360749312231 8.52998541755642
4981.65 8.79240956120575 3.41383730984363 8.90711355801886
5058.42 63.7873858066465 19.4905194102294 10.9842160910257
5253.93 23.0337365615547 6.14048387872872 10.6270209406157
5284.42 33.0009295530581 9.43169241424568 11.9856878307246
5382.23 25.649461811984 9.6014446394918 10.8858231832501
5408.83 8.46364806684961 3.3142227101505 12.4597031059393
5603.23 7.28427591552268 4.08680482843931 10.7197064426737
5634.5 5.84378466718578 3.41193078137264 10.5336821616811
5816.62 7.18604631741754 6.04478980072423 10.9601442635585
6145.93 73.3522946167794 9.22653158788514 13.5033946551575
6275.78 31.6223111667353 3.66100397283217 11.4682496192609
6316.8 28.1327840067127 4.11166460259621 10.4620835209817
6448 8.38101383442265 3.4446549633971 10.1484819229117
6494.29 6.59775212562845 3.49113162333495 9.09795308703542
6510.64 8.14404743401454 4.60508606850114 11.4067716545551
6540.58 6.23446771655948 4.00542036133611 9.06264129366537
6745.85 19.4078126181558 5.45664132430307 20.2280650019866
6790.53 73.6926384972772 21.1790491662783 11.9885031448412
7069.79 7.51575765195917 3.12267972139633 20.8852151344736
7254.3 22.7139432032406 6.82559273733196 13.9617875751965
7588.93 100 26.9734442684682 24.2640040093256
8023.55 5.96594989509189 3.72713387686569 25.3053780041482
8067.65 4.76157591685056 3.03391288256777 11.692277042669
8194.01 4.22930680618124 3.52247694478978 12.3196056220067
8425.61 2.42701761907965 3.65946283433808 7.9040375387649
8501.12 1.96629497359394 3.30072551732647 4.01529142706931
8815.58 17.8612427068531 17.1742150286261 18.3374212310064
8924.08 6.13114534026257 4.49388268990504 23.6959309870308
9063.97 7.12772926414011 5.18698011509922 16.5729987154537
9106.08 4.84732279235894 3.76524319143092 16.8045356598595
9390.99 7.73193410018543 6.07179391940527 26.1382182618836
9555.05 12.0134822186366 11.3651240777806 19.6065053189905
10037.35 5.41932734860021 5.77601833996392 18.6110838162167
10090.35 3.5927544824548 3.52765229526057 18.9903784615253
10416.89 3.66914617126428 4.25058654296321 19.9481043757041
11126.14 1.48003495053009 5.26333906036248 23.5974387878414
11464.36 2.06368454312058 8.03127196969173 21.3589685185798
11697.17 0.526878359583419 3.20306937619951 2.42534536445055
11710.38 0.471489842057704 3.00672895756805 1.14086738019068
11811.23 0.383994226601432 4.03013296226798 2.37899216213191
11868.26 0.515765142481085 6.77721171086353 3.10782047115754
11877.45 0.424941422232526 5.77119168707855 1.21537181413987
11946.18 0.203555974191379 3.72686620001146 1.3206795746828
11958.93 0.517478302266461 10.2010483377063 4.49113610180393
11966.58 0.51271761377946 10.5502692162565 4.76861870800349
11972.86 0.239464904142481 5.09484419422537 1.98982808698202
