4071.47 19.0956465986778 4.53614124332457 8.16952430149649
4151.14 31.4508430126771 8.6482584490503 9.17266204852331
4212.42 54.8915356566607 18.3363668818043 8.18156103432921
4295.94 16.5093020536567 4.28771995505234 8.46409195373963
4367.85 38.001317300809 7.43801991110725 8.80494306516084
4421.65 16.3982058852032 3.44804752004807 7.18799311885232
4587.68 17.8500826644202 4.82632284567339 10.2946767126277
4672.15 36.1738998027372 10.5005342058294 9.51914106316417
4895 7.73724733058134 3.85447976575399 9.13594193567405
4915.75 11.4914212835446 5.41343284375093 6.87965511746461
4981.52 9.55447825459055 3.65198658684465 8.04084014783712
5057.62 65.4969588183324 20.8730865650382 10.46618503844
5252.04 28.6775412571452 7.11177770178173 9.28887288887927
5282.93 39.3237753681127 10.2758821033868 10.9848148568572
5380.73 32.0531691029765 11.3635024413869 9.84650936305297
5603.23 6.97322539402245 4.28435455400937 9.57748981631903
5814.78 7.99743004599024 6.75067604513616 11.7869489565173
5967.21 2.88639550544795 3.18395637281675 10.240075674642
6144.19 64.0119608708077 9.45843157828534 12.9253323468402
6275.63 28.1891551925196 3.56678056892778 10.9561040993804
6315.63 31.216704440974 4.73458514453572 10.5622636867583
6446.07 9.59351081093557 3.11938450731497 10.086628709917
6508.41 10.9240607642216 5.27344121617877 10.7598007746801
6538.19 6.24500243040456 3.71813790285951 7.370679178518
6743.73 19.7581018481376 5.69639297493189 21.6068240635459
6789.16 77.5499149546212 21.9553675861032 11.6782434442757
7149.73 21.4723269460019 6.05889696832933 11.6487808562224
7251.33 21.7471084784551 5.67186080051634 12.746545770523
7587.18 100 24.9889159816249 22.3811042918096
8008.82 8.68431091947369 4.88398413371198 25.0141135966705
8065.19 7.46963900558441 4.2692865976166 13.0589197556392
8191.37 4.73841591948452 3.36973490113453 12.6831211266035
8425.61 4.53791647572852 6.98354517318886 13.1496156361736
8495.06 2.2940064526871 4.09551233416967 4.09779012019499
8815.75 17.0333198398391 13.0986810536648 17.594410851234
8959.86 8.34716998136935 3.88508004530571 19.5869560394949
9064.83 16.9252594782707 8.28485541087737 18.0908042401607
9104.34 6.84286060662401 3.61550920642726 17.4108672349721
9390.11 18.9150900903526 11.6732571380572 22.5775244092165
9554.52 31.0942905552221 21.5892890073722 18.7405191349608
10034.08 7.71376437158782 8.12960336503988 18.6324915457863
10088.89 3.51431015610988 3.45159960329373 19.0607151781223
10324.16 4.1053208817079 4.14889718063334 18.149029681721
10413.2 3.79993056468059 4.51309504415768 17.8582120563096
10573.01 1.95688972986236 3.19323559095914 14.793433668583
11127.28 1.46212322347618 4.59414682657809 8.0090654931646
11374.06 1.10818448987905 3.40366692012589 6.55045188643453
11466.1 1.49210777635562 4.80189704902191 25.4474270435476
11691.92 0.980068772407605 4.76848892902184 7.01466767872625
11838.17 0.394482320068368 3.35319367647238 1.08639601723371
11864.54 0.464454841384049 4.31000027599493 1.34101585297321
11964.22 0.420835417513601 5.65982478341925 1.58703601846355
