4071.83 26.9766061491475 3.64174882026324 10.0443911348452
4151.74 60.5589213029367 9.02725813816131 10.0685740357585
4214 100 17.2401995651336 9.75175463153209
4297.41 21.722507722768 3.99381434183829 6.41886105294452
4369.45 21.0509858072279 3.73811680455966 9.78022907842296
4495.16 13.881628740946 3.54455507435751 15.1409311412226
4673.3 35.9956741068508 8.65812838812938 11.0462304317753
4898 11.8538801034367 3.84074000987459 11.2584304720322
4918.1 13.7400302563536 4.28185561800417 6.74690523928439
4981.91 11.3850426492765 3.10145291906334 10.4132684892747
5059.61 72.4327572535179 16.2044332475099 12.0525661205484
5174.19 25.4397882970598 4.39032853209684 10.8946685741485
5255.01 18.3984613425178 3.18087106076936 10.509850206111
5286.44 29.9377799936141 5.53240431355648 15.8591414757975
5383.59 38.2352512910129 8.77755790403877 12.6486980595782
5817.04 12.7490261790523 6.89745071847735 14.1092225369666
6145.78 76.1599329656281 8.04777776062287 33.25177689458
6318.12 34.3031476303039 4.03704089985129 12.9387838919129
6449.48 10.3638441951482 3.12290619142849 13.8814194851757
6509.6 11.6038174922689 4.78543394549925 12.1107168551353
6747.96 27.987948397533 5.32089133759859 20.4825100464632
6791.13 86.7071394139323 16.5993627305591 14.3452632672634
7254.46 23.6393437871865 5.60439783529795 29.9268679008119
7601.23 74.9907959479826 18.2284116457137 27.7426352968705
7822.01 9.99666138864852 3.42010275200266 16.8631114737209
8008.98 9.60614216165174 3.79075805325344 25.8035641614251
8068.64 10.265921700373 4.27086369368157 17.4123318894135
8817.98 19.6028658790521 15.0317709830718 21.2306348475286
8920.3 5.62782864688639 3.89870874534743 22.3362958737725
9109.37 6.5332835556926 5.17904914452786 17.086528738686
9389.76 8.34260011037465 5.47717508322469 23.1680732004625
9555.05 25.9012189612901 19.1116518162049 17.510594209416
10036.98 8.13751394243674 5.3609298461645 20.9579021454701
10094.71 5.0379260514749 3.16119555051233 21.7821819383535
10416.15 4.63163670750876 3.60549081000474 18.5159131443052
10879.74 1.64600588158664 3.34024044316026 1.91371227809759
11006.78 1.39999548820284 3.00088039125718 2.48121406857354
11127.28 1.69425891775856 3.93087136394878 2.24315831279455
11464.94 2.39477800696176 5.80762909967074 20.5419102082597
11484 1.59724826619864 3.77566937102974 5.77881134573909
11807.92 0.606528141955778 3.12793445207587 1.29238958223141
11872.56 0.669285130841579 4.34689018459695 3.05351268999402
11879.01 0.502597502844196 3.28196304036536 2.54755604534512
