4069.08 18.7196784891101 7.35205002719873 8.24659688520069
4150.65 14.8448679836362 7.07385013397814 10.6372593289516
4212.79 19.8368089127916 11.21054086048 8.1586932497803
4295.94 12.7008559824294 4.61781616752299 7.26625866583163
4369.7 26.9037567809919 7.06450328934959 8.61913573795664
4423.02 12.3090673854885 3.32528906855143 6.45571210170147
4673.81 36.733542345514 9.59545574740606 11.7324811167246
4721.13 10.8322419847639 3.15326668531494 9.42281465446558
4897.6 5.40243589803249 3.42316558545838 7.47076004093651
4917.31 9.66369730266223 6.10437630106312 6.77580951523487
4982.97 6.49424468601511 3.36337040412496 9.12944218290068
5058.02 46.2454635621038 20.0918466875141 11.8732436714727
5111.09 8.08437815635043 3.16238887545155 8.54609126835931
5173.12 9.34165974968877 3.28678385528739 10.0195177442574
5254.6 23.8152920365334 7.95890532949098 10.4296586997234
5284.15 20.7678427291957 7.21453222558775 11.0084427573538
5381.82 17.6017277965287 8.62385244512481 10.3605592514987
5604.62 4.87201313929936 4.67076718849067 8.67072029748397
5648.99 3.5049523941655 3.54066847784266 4.27870828584946
5815.63 4.16042737748131 5.23279034888195 10.2624669194001
6144.77 44.70313442197 7.01958241408525 12.2365704133917
6316.51 19.5913473231496 3.6798617425487 10.8654051192789
6509.16 8.50052732171302 5.88100257224054 10.665549342948
6745.54 14.8160495358509 5.3529828061533 18.9608718177433
6789.31 47.2161343610043 17.1680756412461 12.0359781619072
7070.72 6.95573812012561 3.71617086724298 18.16138962078
7150.97 15.3566086071797 5.74715597819004 12.6385068585787
7251.96 12.5748322168996 4.36063045000651 13.152659890241
7587.82 100 30.6732507399391 18.755590407909
8008.49 6.66540295793332 5.31808383393672 23.3627212687206
8068.97 5.64860145378984 4.52650845903696 13.96767052818
8426.28 2.3175416602542 4.03447491413787 14.3804672988226
8496.58 1.8417453583948 3.7857658681314 7.28850334732306
8816.44 11.868781070059 11.2540071423085 18.1815224805832
9062.93 11.0798141334391 7.13652195355904 18.3143603490262
9103.82 5.925587493848 4.08217387855254 17.2667874760846
9389.58 10.3000216520559 6.3182662207521 32.8468326089696
9554.52 27.6567968065484 19.4868904534033 18.0201060326199
10033.18 5.98765390142917 8.74811363155685 19.9469118544221
10323.24 3.8765206270618 4.56673964687062 20.2724804270365
10411.91 3.39225197452866 4.67198576757571 18.5563495063634
10852.11 0.911761269078407 3.20228343086844 20.4917401530638
11131.64 1.1083145261846 4.02901565459422 20.2333786576655
11146.27 0.886013172318139 3.15706817353969 8.06495527837069
11463.4 1.40185603821905 4.79062843342596 24.5558247673089
11691.53 0.687785400110919 3.51441099468361 13.541830345177
