4152.58 20.3543073236128 3.01180961407067 11.5918462613054
4213.64 29.2938245286913 5.09713905214388 12.7999072239954
4355.49 9.70552497231218 3.36692709757295 15.1001796970859
4371.06 9.10926673599642 3.46850385402438 11.7930689128953
4497.04 7.03471217024463 4.99059527599817 6.8095906851313
4680.96 31.2328419772007 4.92175884976743 15.511593247682
4951.07 17.3570280246523 5.50305401319801 12.5815519624111
5062.39 33.2782429869776 9.29195087530153 15.802742244723
5106.84 11.2764904683545 3.31856564029071 15.9088334812423
5255.95 18.7703618175535 5.83426308380405 15.719952171049
5284.69 10.8033177945419 3.08543435629745 15.4473433441608
5383.59 12.9434636934497 3.75908962103885 15.4070752507632
5605.04 5.62978190905744 3.30548295010809 11.0784498927269
5817.04 6.42408239064146 5.03832001143967 14.6175759479338
6008.01 22.6838099215843 4.48820336333266 17.2283191766992
6136.22 100 10.3333631627355 23.6452456161678
6339.85 20.1955187452169 3.12509218607965 16.8854591120189
6792.04 35.98657235851 10.1742967296257 19.9190427162084
7195.77 8.77685039129997 3.08600951967357 14.917688046753
7258.21 13.3392384815597 4.96845710058558 26.7087602938809
7600.59 39.2742625766407 14.3727647306754 30.9593922665581
7843.87 44.5967387835078 15.5214936089291 24.6936138366364
8090.98 7.57093918452231 5.0633149422608 22.7004163514057
8821.22 4.70206518451297 4.9189345357878 25.6999277686737
8918.58 4.78448125811371 4.62023741429956 32.4036621392843
9142.88 4.05211371566018 4.18538967809733 23.4236327562794
9467.65 5.57638329549509 4.13848246912781 30.5729110245848
9557.53 5.75313160076269 4.34605415367756 26.5643121155517
9903.96 7.84738550128392 7.49388394496751 36.805472430171
11117.02 1.51733592254038 4.28625514753404 7.41410265764898
11124.62 1.54909635984019 4.41675711402668 5.99067767610177
11132.59 1.39179722639379 3.87804390790311 3.25611582649617
11460.71 1.31235724392422 4.16466798510401 8.32010336978601
11466.87 1.31339507819891 4.17817445546891 5.30610014764716
11485.74 1.05677978074246 3.28516436007379 2.15942457588972
11895.05 0.35189245617264 3.04995989525173 1.27286915371224
11943.63 0.819819832765079 8.776695230874 6.60786918239501
11949.9 0.778358047890587 8.53298463160938 5.38704550571128
11956.57 0.528946618741377 5.90911326932325 3.88934472885558
11968.34 0.310835987163997 3.59497440977299 2.21710547877592
