4069.68 33.6824377531338 4.67583848560842 9.30573325696014
4151.02 25.6253161650244 3.33353332882724 11.114850822114
4213.27 56.9144992491015 7.88928110346391 11.0671974854895
4369.08 24.3354958806256 3.62201278142722 9.93107038435301
4635.61 22.4446555413247 4.14331331338339 19.0371005226216
4674.83 38.7988118201135 7.54584488885465 12.7841701218676
4849.73 13.6662724414387 4.17646623842157 8.60163599278076
4948.84 35.9042719233244 7.63503235778606 11.227133274514
5059.08 54.2846755946828 8.55326843115967 13.0762283356235
5254.6 39.1250430124779 6.73017766854092 14.6506203765412
5283.07 22.933702579863 3.86459704605692 18.797178540156
5382.23 24.2489575919853 4.89836258958567 12.4780963770027
5470.57 11.4129994883595 3.06036154092594 11.1345537222142
5604.2 8.84877887655388 3.13200654361861 12.2610686788721
5814.5 8.1260605215854 4.522496190252 11.0741670191328
5893.97 5.71989108929581 3.57450564748122 5.54638205090214
6003.56 31.7429465289817 6.20405017761854 14.5058180986698
6134.34 100 7.43295075636415 24.0479594391991
6335.44 45.510120564681 4.31162336406401 16.3097207237815
6742.37 16.6340010102826 3.6756333571583 37.5166449054313
6790.22 57.1721515703662 13.0677210637311 17.0382053516505
7253.21 18.2656823006257 3.62986098279839 29.0509094186136
7589.89 73.7986388783761 15.3432819416708 28.485581699033
7840.79 47.4206287272434 11.4613165234373 21.0683470946024
8817.98 18.5081989348106 6.8462120917814 27.2733361169685
9138.19 8.96601035252564 3.86038946631498 21.0567376103918
9463.06 20.307199886501 3.6024651832114 39.2190716701389
9557.35 26.7239402478594 4.99574409787147 27.6632353888599
9901.98 11.9775523281467 6.1941769299217 24.398457166415
10238.57 8.43863695924673 4.19832955582108 26.1238215697667
10932.25 2.38623616916275 3.54627519942558 2.35638255747472
11117.4 4.76160773844443 7.29856262437242 35.8872038713889
11455.32 2.21504979985044 3.32460074188985 25.4029474568706
11864.54 0.740555040398657 3.18714776788761 2.04377934536933
11940.88 1.97534202564615 10.4329893792821 17.6716818779787
11952.65 1.59885443621105 8.73165493143015 7.60645404615025
11962.26 0.807846838775211 4.52925142832221 2.37584490498011
11968.34 0.531810612636865 3.03121870498303 1.31268053542772
