4071.11 20.4794878886286 3.28064157338887 9.32385879861113
4152.58 38.3578644765034 5.07683861971638 9.56160588092735
4199.19 61.4938699431867 8.1620449392964 9.4277652361161
4215.34 82.9842424281285 11.2199992326363 8.92575791316449
4355.37 22.9131124407093 3.49955258972697 14.3995246482646
4371.31 20.1932893078773 3.30110418770728 9.77159257516269
4463.51 15.8412084950402 4.88420043840807 6.6423472706856
4494.16 8.73642616547752 3.48188762397479 6.45023085893627
4636.37 23.839390553198 3.96794579309471 17.5926568143423
4678.15 49.9706412774318 8.35217285497673 10.9325112449533
4722.02 19.5524465587116 3.32608083159469 9.2042328618536
4848.56 16.5750140810783 4.40296627723125 9.28278562316063
4949.37 25.5377911800001 5.67599973998534 8.00449507819485
5060.27 65.5078329960219 13.1255264341345 10.2579466255575
5109.5 15.7731566577739 3.13191545191819 14.1092719564476
5256.22 56.2688263146717 10.9322808659549 11.9155159833435
5286.98 28.6494885028376 5.44507096926696 14.3903882533141
5384 26.3287605428567 6.12276203914898 10.9789305746635
5603.51 7.0334973101349 3.33043623172198 11.9955507306704
5817.61 15.0803778377905 10.1600372064061 13.6243578598487
5895.39 6.30385212724656 4.61018625981627 9.70237698022265
6006.43 54.8083454810005 10.607689310197 11.8727312385536
6137.09 100 7.73390990261152 21.0441484080657
6339.85 57.9111235409334 5.56364643871679 14.8010485039185
6447.7 21.4032860934633 3.91946819816259 16.4888549341322
6750.99 21.1570084594211 3.86430311518098 22.1363514968789
6792.04 75.628199535693 14.4907359957003 15.3043719002462
7197.64 18.5945936549134 3.53329933950192 18.4798497423981
7255.24 24.4519872969277 4.78748035341945 17.312528431491
7602.03 67.1878749138098 15.0774789197643 28.9847315598954
7744.33 25.8331026900773 3.38316641957795 18.7787004886686
7843.22 98.3544228358524 13.5513313244745 18.7333151723142
8084.08 10.9969786873062 3.15244804674088 25.7032189418187
8821.22 17.8755273275548 5.988819784185 23.8625600994055
8917.38 15.0901438189253 4.23310280034302 32.1769914098822
9142.19 15.8220167403727 6.34312775682246 21.672275556426
9470.47 21.5637721502535 5.21478657797617 28.3633057206007
9560.01 26.0103285318602 6.54233794791334 25.0691923763334
9866.15 6.23211906809703 3.19554454752654 25.4128016176346
9904.32 14.5313015682719 7.44358285669602 26.0612443382888
10461.54 4.35322787935671 3.18901439875173 21.3364332569854
10604.58 3.01403815467387 3.35036857025746 22.1379985557378
11120.82 4.45039810295597 9.48101478185686 24.9640863414352
11469.18 2.21901468396198 4.82113798225583 23.8551854031612
11945.98 2.48157199894605 17.3672957076145 30.1701269207078
11986.01 0.646936224833403 5.16232086137553 2.43792600414235
