4072.43 38.9322735723418 4.65983202353136 10.5773192251177
4151.26 31.3838604600075 3.48146663939571 10.5950020803766
4212.54 78.5378130465837 9.61566218961002 12.5221518289036
4355.62 28.3178249872941 3.45583914396337 12.3958369550965
4369.58 43.8022181795911 5.63179413834446 11.8190096345479
4634.21 30.3280079128321 3.48737602100323 18.40994146093
4678.4 37.5563033485599 4.75821137521284 13.8167377863529
4950.02 43.3466821862607 7.79742877372367 12.059812702114
5060.27 61.7634514258526 10.0337925744457 14.0735661936515
5254.47 46.0934769173871 7.44024379981985 15.3340695261995
5286.17 27.3700721471718 4.00532526192586 18.1429451626955
5381.68 20.7622725043394 3.18600064364001 11.4497495608312
5604.34 11.3757721667414 3.54570294055671 14.8483803919271
5814.08 8.68912823653084 4.71047683225819 7.05258760277866
6004.42 36.4989984131533 5.70531363396095 14.756589050141
6143.18 100 5.86033411312211 34.1625838737527
6730.58 15.0390672075073 3.50635573510011 37.0120506184094
6790.83 39.244701590524 9.32995363894771 18.6475274326276
7194.37 28.0114292027149 3.28199409958775 31.712586434367
7589.41 82.3814700631525 15.4314869797461 27.9802441040665
7841.28 57.8659433028994 11.0087142403094 20.9538009789194
8428.63 4.85911917417991 3.18968196840927 6.12221455020881
8820.2 14.0193610172764 5.67651491969901 22.703697368037
9066.22 10.3681744479294 3.55920111910196 18.3542733808899
9140.97 13.0745234694397 4.8630146360997 21.9918614872404
9464.29 21.3290255839131 3.65573494162431 37.5177525745548
9555.76 17.1220948022629 3.1510824481776 28.4073478012997
9900.71 11.3572175733855 6.11421187661291 30.8361120960471
10242.96 5.45252943822446 3.14211236787271 26.6282150845
10591.02 3.33500316625113 3.02636349403764 11.6666584813429
10925.84 2.2750257160339 3.04674382905168 2.70381060079853
11117.78 4.01795672456865 6.36265239103591 36.2979646584081
11471.49 1.93754526216304 3.32530787324676 7.60842550019515
11481.31 1.98862974471053 3.48159185899913 1.66063716712961
11714.46 1.18308382012516 3.22431875169537 0.947593408876855
11922.46 0.577423901471117 3.47740725895412 1.30549374306065
11939.71 1.53379805712656 10.1203797726379 1.91431008495238
11947.75 1.47529410434018 10.064469131725 2.56346443119401
11958.73 0.766683466166666 5.43874756828987 3.96280157252477
