4071.35 44.9872799955276 7.30643036826748 10.3404620930587
4150.89 16.5509711111887 3.17085874604603 8.4009918761094
4196.76 27.9450088365034 5.92157525366342 9.90701200226158
4210.72 64.884839458505 14.1367432563366 8.61651723491104
4294.96 16.0304283159164 3.46579810804626 7.15424751547289
4353.15 16.2093943300471 3.39820191490722 8.48998429518269
4366.61 22.7461576515014 4.93438750182504 7.51655852061958
4457.9 13.3653766064062 4.31537783391253 6.60964168167175
4637.39 26.033526199537 3.63724948324826 10.3305890665315
4680.45 37.2689876918499 5.3891878739711 10.5618276842069
4721.51 22.5201266233606 3.38109868306178 12.465910477119
4952.25 50.276955393774 10.675106146545 12.0486255446403
5058.02 52.2574222214894 9.90355130037833 11.4216264453644
5104.71 14.5373700224761 3.05570210245233 12.5060355642627
5251.91 42.1003297055109 9.23999327273245 11.1510733791438
5282.66 25.1766171343603 5.1219544758768 12.5456022228464
5802.79 6.02951012736419 3.71664749259548 2.26041158459157
5807.16 5.62964634302273 3.49528028289403 4.89143477437847
5812.95 5.77592610920045 3.63623559427247 7.47446926738485
6003.28 31.3072524208489 6.67763539613236 11.2798539317073
6141.73 100 7.81222620315006 21.1730365524554
6333.83 33.1067023088777 4.12344389499874 10.6092985167488
6789.01 31.7479122375416 8.51339831151645 14.763317036236
7192.19 17.667121009973 3.2004578740126 14.1828667842328
7250.7 21.138543775577 4.31272061690238 28.1849314067613
7586.86 67.9346562783407 15.6330943549674 25.5461766946019
7838.04 51.7999415739487 11.4102617629155 19.874129093153
8189.55 5.98659058492359 3.26883188357106 4.50832839732266
8286.83 8.67782812373484 5.95784810252277 13.6823080017784
8307.45 4.74493271280191 3.11217959780886 4.88872941891896
8785.35 5.5511911092402 3.36277277523466 15.6553430099484
8816.27 12.6123413522366 7.07175181263653 18.478602861398
9059.29 7.70124401004868 3.65750387135896 15.7393633027805
9135.59 10.9426648450122 5.44240441595681 14.5066370528566
9387.12 12.7967737499295 3.22736324533141 23.5639650995145
9460.06 20.1397652863183 4.91055280952488 19.416915599908
9864.71 4.47622502234397 3.20662575401488 19.9124204981144
9899.27 9.17160183186673 6.69447615017741 21.8245105555379
10240.04 5.85232395537214 4.53061811753891 22.2485157347382
10582.1 3.2532640871494 3.88905892043546 8.95631946957292
11107.15 3.30207061901831 5.47467720035283 22.7396276052787
11669.6 1.27133906075381 3.32788996316398 1.8410637259658
11814.94 0.71419312112169 3.08374293432011 1.62798737765479
11924.81 0.934930680946185 5.59834201481347 1.73214597613696
11938.73 1.25474983196193 7.89034703909119 3.21470972963471
11956.18 0.760360197513609 5.05933152539187 1.19340991697936
11962.26 0.771725573068118 5.2513963828976 3.41640381224897
11972.07 0.487756704834432 3.42697647147641 0.68923907363569
