4075.06 37.991444495471 4.29670801311714 10.5391012953282
4156.45 29.0859908993761 3.46697720284528 10.7515439356612
4215.95 51.2557293627152 7.74253490884691 13.3352527083189
4372.67 18.7582600724201 3.71959312084078 7.85492485291616
4685.17 40.6598362140324 4.77263278625322 11.9241512994386
4953.82 36.606116016403 6.51433478632461 13.0582202460755
5062.12 47.7027345043087 7.87437465301348 14.5553049310283
5258.51 30.6247045208707 5.09867681336707 12.9803322135094
5286.17 20.4283035835868 3.25659298228411 18.9000439074316
5387.54 31.7146916954533 5.20057206110542 14.7979239827955
5819.45 10.0879065859306 3.72325633652443 4.24648171698936
6011.88 23.0494035991477 3.7680076924366 14.4683053839999
6146.51 100 7.79787360812789 29.1588184000193
6796.14 63.6572093806873 10.0401287733669 19.1156854590563
7257.12 26.4430351079216 3.31085389711866 32.5025329198843
7603.79 72.0682772257841 13.3670611018133 31.1077173435069
7843.22 52.0714591026704 11.4614833218211 23.6569283390863
8089.83 8.76812283983493 3.11952499510308 17.6588498114943
8291.15 7.24782117468898 3.16693309420997 2.72843039877807
8824.47 11.2633338113243 4.77661309363085 24.5645438302436
9074.7 11.8455996513579 4.4558245565842 27.0828401464587
9911.89 10.1297536508613 5.39687802795215 30.9712121616303
10596.22 4.06567421818856 3.5071552591585 3.13748158053932
11119.87 2.84169149148761 3.09150818556175 13.4974157807519
11132.78 3.01256958560307 3.33107524336109 3.44751645920223
11141.14 2.81221151495098 3.07431371998326 6.44814054509152
11464.36 2.84446049766609 3.76551012879962 3.72198231461334
11475.15 2.59418440368892 3.43171763188725 3.8292097682297
11708.43 1.95997410881612 3.94660360599149 4.99315865117933
11807.33 1.10142374558334 3.13026339975843 1.36760900184163
11873.73 0.918388568423641 3.2101644457706 1.06893659227171
11948.14 1.26265088926206 5.75297205577997 2.46690861288153
11960.69 1.2385670226716 5.92251558327299 1.54109504966073
11966.97 0.798053464379378 3.87750450338977 0.842545461580812
11977.96 0.702479348573247 3.56547452226637 1.00482003174875
