4070.03 13.0856876457208 3.4994803100511 10.5072611761138
4197.24 15.0549019877368 5.49470112964211 10.2220786831103
4212.3 25.119920622174 9.61781723997174 9.42177543107664
4353.77 12.8490339959771 3.82535725533301 11.1070985467259
4367.48 17.340645520509 5.14049352308728 9.03483678802422
4458.89 9.47777076986867 3.26473770278626 8.02753976680469
4627.98 17.2899052041111 5.97219800308261 17.6109000739298
4679.3 9.40313174058028 3.36875010247171 10.4658488808864
4849.73 9.83291165467195 4.59567198398307 9.72643390870689
4947.4 18.2616220304574 6.83490717837835 9.71984983420316
4982.7 10.5560856928834 3.88096829532309 10.3820532288109
5024.19 8.53366576566396 3.28996343912315 10.6199590485367
5062.92 16.7824836004984 7.11551902306078 9.92452423291888
5104.58 8.57156619200124 3.78871633496835 9.49004960501316
5253.39 51.3597045440107 23.8655329027801 11.8094377465832
5470.71 8.0452426303889 5.17910820616996 8.05234753074456
5602.95 8.39665253773949 6.08922527292354 11.6399294640651
5809.14 2.56668899857531 4.21373127974973 19.4027785493063
5892.97 2.31031211619753 4.74418254246517 6.05140937972465
6004.71 33.3063812517846 11.180689065084 11.7074782967875
6115.97 39.092195719139 5.09180976547005 13.0990458229062
6133.91 48.5575988973318 5.90741591668561 21.9503437109915
6221.47 27.6393093509388 3.16582372359826 12.6477332658578
6337.5 30.2827219257825 5.64892896538394 14.2930311856653
6570.13 6.41242144811315 4.4422304384278 12.9808662439673
6791.74 5.97146507503912 5.87805684529122 28.591570603151
7195 15.2507139718414 4.49783385490726 30.8265281375443
7588.3 100 28.3691851338667 16.6427163671779
7839.5 48.9812628600748 17.4613666762859 17.3794378584416
8085.72 4.91905406857356 3.13530928712548 15.3763026069437
8291.32 5.18336448586193 5.2350550869489 18.2200754777896
8788.6 5.21312382808781 4.98733813972348 23.8109313077475
8821.22 5.96868375558837 4.98477518002132 22.8960455428987
8907.76 6.17347647109033 4.04546242817382 22.1002710352059
9138.54 12.2316506263453 6.9187167722867 18.7794961703657
9463.59 19.2260387409538 6.9150236209264 29.0785259069798
9860.57 4.659775335665 3.23337396915722 22.4002794665103
9900.17 10.070630264238 7.09904702981794 24.4776376415921
10242.96 6.65835528532117 5.8690250881579 29.7805571333683
10592.87 1.77841810182068 3.01015288982455 17.2367597944667
10923.58 1.53457605871601 5.33047849116283 16.8310274207506
11113.79 3.85912097530439 12.469514910013 26.906683770565
11338.79 1.22903340857674 3.73008007808879 22.7988374511424
11934.81 1.49149129566531 19.6282453922599 26.1408234571445
11978.75 0.295941532326018 4.36002596543873 5.89879012324309
11984.83 0.210868726239228 3.14932980492074 1.5944092949394
