4070.03 26.8035466135145 3.33499579731938 12.2104674444445
4211.33 68.3255085375835 10.2298314445973 13.6054542487564
4354.63 19.2450284956947 3.22470881102503 10.9179526602484
4458.15 28.642160922297 6.82095206344223 11.8309909059653
4624.05 38.5034023633351 6.26095904912899 22.5909392294352
4678.53 20.6209217865717 3.14821863937595 10.7700293397202
4849.34 17.4439149583334 4.55125839554969 9.44641597155442
4947.14 44.8253669540102 7.67416390017885 13.6764568610961
5106.57 14.8440510713778 3.17437891684172 13.0304655677764
5253.12 68.2897104843027 17.0157078293045 13.3751431630271
5471.12 12.3833540933801 4.03829853034657 12.1196027180949
5601.43 10.4613470240127 3.55093680456968 14.0824314322972
5802.08 4.80750472491682 3.03985338903108 4.3477252421535
5806.03 5.04846580184698 3.25851933937583 8.38793856634584
6003.13 50.6986125464661 6.97804515970219 13.5450705249659
6133.47 100 6.12709452727882 22.39453038188
6336.18 49.7376814955034 4.66006391509997 25.5544129529617
6787.19 13.7230178090373 5.57373981230379 31.6750790032902
7193.28 47.7597720104416 6.08891484495744 33.0309160396146
7586.22 83.6885564123188 14.3068419615673 20.5851927681315
7836.9 88.5488143924316 16.2385092845479 20.5748769743532
8287.16 9.50030590596566 3.86332390196541 29.4276246644786
8818.49 12.0708794825332 3.46914058537646 28.5837270153679
9135.06 33.517094321543 6.40839395510405 25.6533856602509
9461.29 44.6937435446721 6.39133488693428 39.1455479692868
9896.39 18.5478368618644 6.60885181678911 26.0674834012498
10240.22 11.0908812665618 5.80112182545906 29.0815152630948
10583.4 3.86429670729946 3.45232039907707 17.9336287718124
10923.39 3.6546979644896 5.84190052915173 20.9132802331278
11110.76 6.97450429458952 10.5733411269818 29.2413407783188
11332.28 2.4718867213149 3.59352317469534 24.5655892390623
11685.51 1.17526682031297 3.01321619451743 4.33883358596358
11693.48 1.52669111644337 4.0678149340599 6.81999018624447
11703.38 1.29515267238966 3.49159116362783 2.34435977641806
11932.46 2.54398144972848 11.8332194039783 25.34578160212
11966.19 0.830461043211633 4.12383407195883 1.30308599445561
