4070.03 40.4492865192993 5.15574694369501 9.76531679347772
4147.39 22.0917914374685 3.26295189670632 7.28047984468503
4196.39 33.941691213799 6.03588382432116 9.61597288247503
4212.3 36.4663334328994 6.94120332538347 10.3957539647427
4355.25 14.6502713332442 4.47508343061905 8.6827488812969
4366.61 12.2326925912761 3.85379906190623 8.1262809113814
4459.52 9.82630185760187 3.78500682975089 6.05790560951209
4489.77 11.8920305547499 4.66179151082311 9.09370046819186
4636.12 21.0846415567956 4.61259094605093 9.93299267556813
4848.56 21.1570922216719 5.1556504684225 8.73577179794211
4948.71 44.9606161181743 9.84866868181281 10.1671543659068
5061.46 13.4224181826621 3.75637542097359 8.41744586425739
5105.51 14.6722820910679 4.58297816288758 8.63694772189228
5251.64 41.8386550895756 14.3285689502042 11.5646333421146
5468.79 10.2890899673276 4.22972746955847 8.11350838121052
5605.17 8.94906331305405 4.10408328374521 9.09967933806729
5892.97 6.33460807533572 3.61512524773058 6.71579770373228
6003.56 43.712015939745 8.30161287267354 12.0625233872215
6115.54 66.3932281818244 6.20594490322026 11.344515153678
6134.05 100 9.01413825224884 18.4737392811094
6336.33 49.1261463934826 7.02259616596924 12.3857617758731
6570.28 11.9058308595204 4.20141045082055 9.43209428524551
6789.77 11.5137163358815 4.78695536986598 25.3095524746414
7114.51 10.1303998184565 3.15222360241669 12.5593872205754
7192.81 19.7528240233939 5.27788353069269 16.5927927564953
7586.38 69.6936310644541 21.9908823693276 14.3301948231028
7839.01 79.4138900619858 21.0735055155649 15.9972850168606
8085.23 10.2605483763081 4.21979335596938 11.3364639972551
8287.66 8.62607404559958 5.9771723584611 11.1548372222005
8786.89 4.11175779725284 3.01991723876017 20.1196718184638
8823.28 5.19059399575683 3.68168768948909 17.7585257939645
8906.9 6.38380891906143 4.31218473014322 15.0629094683809
9136.63 9.78281088870506 6.28356940318021 18.8832464029492
9464.82 15.7703125652363 6.4170314409493 36.0844803311356
9860.03 6.82964846587176 3.127169746472 19.8268448755771
9898.19 15.3054461037541 7.29404893861404 21.691576046569
10243.51 5.38004194233783 4.234018644429 27.3704332515954
10520.91 4.06995460065896 4.37435640449694 13.2002213330506
11114.36 4.20163854298957 7.69453390430411 20.9438014360985
11134.68 2.3396627386534 4.04950116230734 2.59429780012397
11262.68 1.98890252889883 3.36340837332379 3.18056317651826
11337.45 1.80634444379096 3.11144481151869 2.11111546965367
11450.89 1.77085043221609 3.34929727495546 2.14777930088349
11773.8 0.786887045735336 3.12522100640509 1.43576754863352
11799.33 0.938012745913877 4.22162000284434 1.74149270334419
11934.02 2.57286072197467 18.3839754159053 21.1033892590549
11965.6 0.824476914791451 6.58921058196964 1.47774276035125
11976.59 0.544435318012368 4.53461290614247 1.12862792386477
11987.58 0.416360872137049 3.62897668816653 0.983148084838831
