4069.8 34.4505619220021 5.28925679397112 9.34314175152713
4196.39 37.5886232464987 6.59599252268667 9.58376996699462
4211.82 58.7368408579953 10.3701927051458 9.31174479856509
4352.78 15.6743193912562 3.35322331193707 9.45108708369116
4459.14 21.0189540519542 6.72633917374808 6.25151871132948
4580.6 13.1598055487577 3.08709561657333 7.36622601724685
4633.19 32.7760760519717 6.30733818674546 17.5458010200273
4677.25 36.0984180637883 6.9849213915624 7.32865696813678
4718.31 22.8293613488154 4.47783060624879 8.5104052086981
4847.78 19.6405073846402 4.87184145046675 7.69428825996783
4946.88 48.1030007003985 10.1567999401345 8.32057076838373
5023.79 17.4026654713614 3.75520692805509 7.61321447589671
5062.92 14.6930458299731 3.5036792165372 9.52457481663259
5104.31 13.9863553223226 3.66516670920658 7.6063867983994
5252.85 54.6622434417623 16.4897687895073 10.5163586006165
5467.97 16.725809450751 6.32023898625312 7.55890218915738
5602.68 9.70937195366795 4.05750003627067 11.2133637372926
5891.55 6.68442479142467 5.02032001460447 4.93996320543829
6003.85 37.3988776829527 8.44747441067158 10.4151324758186
6116.98 61.7514150503341 5.93174160909772 12.5059278433355
6134.05 88.6354176587562 8.06042173338177 18.7322042539699
6336.91 50.4156915142207 6.44071408251431 13.1086945019051
6569.08 9.14787845025918 3.1856506970212 12.1168851055518
6793.26 11.7642623806881 5.15566465282696 19.0438942109449
7115.6 14.5693843865885 3.48775624211615 13.6870238996817
7194.22 27.0073652781662 5.59848770441119 28.0182568063847
7335.66 10.1624261528477 3.0367121575768 11.0895324210042
7587.82 100 21.2357333883171 15.2826948804413
7839.01 83.7930563789083 19.4502204537838 16.9278993013113
8084.9 8.68990926757229 3.48299996566055 13.1485208581671
8287 11.2527275053961 7.23755662709401 13.5097527651888
8786.21 9.16189941678921 4.79006159399072 17.8481453776767
8819.17 11.0753112306314 5.25229253041171 18.655306389197
8903.98 10.0605169780247 4.02344427595417 20.8195678338998
9060.51 8.74412226169972 3.22728331097349 12.4869164427673
9134.2 18.6650887747672 7.15577854679262 14.8357613883836
9462 30.0430159568062 7.13451938955875 19.0733071022732
9896.57 16.5961080179904 7.11985913779374 21.7945181395935
10240.77 9.56879991017318 6.27994065592903 21.9161024071582
10451.94 3.47125772827346 3.04952052743545 17.1645766976617
10590.65 2.99054187532525 3.63102778029064 9.11861838372533
10921.32 2.2146749996791 4.13614688671334 14.72260356076
11108.86 6.16255793372509 11.5519901657662 19.0644373117448
11263.63 2.46230634314999 4.26411248239271 6.5838274326361
11333.81 2.75483772971316 4.95605151895005 17.3018776479948
11682.8 1.10476484016797 3.19662621716207 5.62961020797229
11707.27 1.04003704392768 3.18388740082045 2.22104878790924
11932.85 2.73922834457405 14.8923608888759 29.3017707375075
11976 0.81131189227956 4.86016301395676 1.96035388822202
