4071.47 36.9557024838195 4.45375285235544 11.6915869096479
4197.24 65.4088856189216 8.8783601078545 11.9171747207711
4212.18 76.1434321240285 10.8211801738718 12.0540903086921
4354.01 14.8112590273167 4.73848315105469 8.94419696669956
4369.45 13.6451451483832 4.93437037903238 9.13131048795731
4493.91 10.4145140978884 6.91116597717045 12.0125327295264
4675.6 26.9488716341818 4.57869650577228 12.7553189371411
4717.54 20.279053457053 3.21247324319669 14.2425658675256
4947.14 78.3093102975103 13.9602178944994 11.7700856021484
4984.28 20.5288975520463 3.75696955841509 11.6970858455406
5062.39 18.5703679390057 4.6853854324839 11.4270160809538
5104.45 16.3076345850341 5.01497077168946 11.1277895634457
5253.79 60.5360883311224 20.7456332632215 14.4436124679287
5603.65 12.4812978383444 5.32855517985978 12.4200066865087
5706.24 6.18524352730005 3.06846183810964 2.32170636317278
5815.49 3.98097781222824 3.03116534436169 3.27970401441689
6004.57 65.1780988184817 7.72983240858597 14.4718958528165
6116.84 100 5.80079102063951 40.7848734531872
6465.34 12.4838917166976 3.23827937278426 13.0234029859903
6570.43 10.4693136027838 3.9586584553883 13.4187484787035
6793.56 6.31476484490905 3.69785104341991 15.242180812651
7339.9 11.343240420151 6.22521184958489 16.1460467224279
7590.37 42.6918845458391 23.2352215406092 20.0765151133992
7842.25 55.4909252211739 23.5015861033883 23.0674773074434
8086.38 9.49327636202927 5.19839063717097 18.7023532980284
9478.6 5.98584648238496 3.58622496072087 43.2218639470721
9859.85 9.8459737135887 4.35286456521499 26.1009498606309
9905.04 12.3847120691545 5.52282304731752 28.4474904377694
11107.53 1.62661046275028 4.09394567981504 9.47769012856952
11123.67 1.61700548749392 4.0906558701204 9.90443354568379
11694.25 0.730523157814393 3.07116040463821 3.49762713132441
11781.79 0.547315172189523 3.09416691520512 2.33438572250998
11805.77 0.593492072506256 3.74777532217048 1.26000273586578
11824.31 0.50288757740811 3.39875994148296 0.677579653525754
11929.13 0.765046537645949 7.16631514283163 1.3899225121877
11938.73 0.653536544513 6.3071795152937 3.2999521091333
11947.94 0.725756790541812 7.25079051624926 1.28140018971499
11954.61 0.557948306064196 5.68343677501621 4.26182451230852
11963.05 0.37171399976408 3.87187380212887 0.703048963368929
