4069.91 27.2681920184682 5.85330353987007 8.94178340042981
4195.42 33.7628514406113 7.70213743156169 7.9154528837671
4210.96 36.6716923822773 8.74373428781922 9.33595041675107
4353.89 10.4609801820481 3.60141885342482 8.43573129755168
4366.36 11.5166304660235 4.05964481577507 7.30354289016304
4494.91 9.26200903773109 3.51810389932664 6.54227902513776
4578.45 10.0504861646959 3.17136160628104 5.49031873966123
4946.09 42.1888887539367 10.1012601845492 8.81580208888772
4979.68 15.6727287458493 3.40597324946919 9.14912117335007
5061.2 15.4023870543843 3.94731270926797 9.61673570223138
5251.1 57.4587307029628 13.8038681610687 10.326271486535
5622.12 6.24643133023712 3.09821241557998 1.07904732174848
5804.2 4.89563106705416 3.5099903095958 8.69262204783354
5810.13 5.00155993286754 3.65702483733173 1.53932426931533
6001.99 42.4297539546749 8.32971522473855 10.275457207923
6114.24 55.5064556945192 5.08292219034421 11.2701445065768
6141.73 48.1111933854849 4.15133514371852 20.6501955334097
6333.83 36.5172206507437 5.87428567211091 12.5704856284392
6567.74 10.0476676360145 4.86471634746294 8.90958222760128
6773.09 6.04261264689473 3.11057800440199 4.41551425487614
6788.1 9.50534545871926 5.26551940983554 13.3573588720719
7192.04 20.8982421302696 5.3090977176784 30.397317388597
7584.63 100 18.4521279342678 14.265419112885
7835.61 76.6914803871632 11.6367629852851 15.3290196282669
8901.75 6.10870294683679 3.03898113648196 11.6198669039895
9059.29 8.82780140669191 3.40158783981722 16.2111756919785
9131.42 10.4129991241922 3.95247954377942 17.8763187417171
9458.82 16.5320257487713 5.30612772152905 20.7810167602929
9893.51 9.13316437813982 4.91667791233234 22.2100031534555
10238.21 4.84007534319852 3.80382615132454 12.8132007314834
10449.73 3.80278010147813 3.73313709200157 11.7125362162078
10512.95 3.56883567203935 3.73589770028583 2.71625819344263
11107.53 3.49726682355498 5.21670160454026 15.010743857616
11125.95 2.50162685299333 3.55264727662789 2.34543766518436
11675.23 1.27535797935707 3.04996956735173 2.13076643137174
11692.7 1.43519296825609 3.64639865802751 4.51658050355582
11702.6 1.30343000451948 3.37113336014473 2.4660226586202
11928.73 1.78173342548674 8.88916331077013 4.07906970679323
11937.94 1.42622289049669 7.28133268914523 7.39622524679726
11949.51 1.04863544273212 5.51096449219172 1.75743614736712
11968.15 0.913456976344252 5.07894723730327 1.56393390235644
