4071.95 30.7425870186019 3.16578787153982 10.2020344120347
4197.36 42.62126202369 5.19915915049192 9.69992376814844
4213.4 68.772886772139 8.90829624270838 9.29643181684605
4459.52 18.7857717443518 4.11624351234951 4.9875066409777
4492.78 14.6424576598784 3.71208798614136 3.10645563791877
4627.6 21.6888443878952 3.97162365194211 17.4469289814924
4948.97 28.7752709717259 5.92162574988904 8.67453550600476
4982.18 20.601707367935 4.07217389487523 6.94315863351676
5061.2 18.8012260311217 4.14816088064916 8.08612178027488
5103.91 16.8636111620651 4.02345252752735 8.91145992074507
5255.01 47.2606643346361 12.5421081026777 11.6607861485736
5472.63 10.9656161984117 3.27096166726948 8.14913720826644
5603.65 10.9161729123484 3.52065152982189 11.2573075173905
5805.19 8.01797373333784 3.01171960394842 5.92816118115843
6005.14 36.5624178164924 7.94687509685944 10.9937929455182
6117.42 57.6470706723413 5.45800887367341 13.5478668478554
6135.21 100 8.96233025871484 17.8282189900756
6337.06 40.9326701892038 4.74774606262906 13.3589751830532
6787.19 15.8285603926019 4.77899195138283 27.7051475638027
7151.28 26.0596452627267 3.41229743763613 16.7598139088004
7193.91 43.7672356042382 5.61117103150767 29.779686094168
7587.18 95.233748183024 16.7454161942665 15.8675713592293
7838.36 66.2897831703744 11.7196858205735 17.0600320780686
8287.49 10.161052765818 4.14966515226837 14.553359686166
8493.38 7.41659313743666 3.75122726681155 2.44855513238508
8819 12.024245790648 4.25682083230849 16.5534155876812
9063.1 18.7674787927951 4.02169734525051 18.9882430190082
9136.98 19.9741116289314 4.07542722006182 21.0815686850437
9463.59 29.6793968158081 4.30695712722657 38.7846174522547
9901.44 10.1340557004588 4.38265922140498 21.3229737825604
10239.85 7.93381905125932 4.49719018300864 20.7863759275097
10588.6 4.9687876047658 3.51635388833439 2.58662474790071
11113.6 5.54789519533942 5.15121201761996 21.2247694640082
11675.42 2.33147232259194 3.56606939706671 4.48885283671552
11684.93 2.44249946124009 3.85942724546693 3.03273381568761
11692.89 2.24984992112376 3.59763839126164 1.84159212855593
11936.96 1.91207652981996 6.24604685418636 6.56144778923226
11947.35 1.66561806731705 5.59358959871323 2.6567647253305
11957.75 0.923767074656808 3.13341563248346 0.855630752375873
11965.79 1.23908340192211 4.37513451682354 0.73711394431848
