4069.44 33.6961464250639 4.6683421379487 10.9672668902213
4196.64 47.2950519640454 8.33501226121697 10.4726708281751
4212.91 63.2203426477953 11.8685307726946 10.1850002101191
4352.53 17.9418995666248 4.08982290192598 10.6950438196009
4367.85 16.1935629997493 3.70192646947318 9.19728578981449
4458.77 15.0242821790279 4.61268522590797 7.73946013825662
4490.9 8.57182684314834 3.26429595804218 9.08397447776406
4582.37 12.8561201598744 3.18786328710747 7.86156967602255
4633.7 21.9202094165032 4.04620459841894 20.4234724326188
4677 23.5169300008987 4.29060973441686 10.694979094189
4847.26 11.7978690573255 3.18735231044362 12.7276781517639
4947.8 49.2123575641284 10.9939977567358 9.82312844405806
4982.04 17.2700706223013 3.63842964429023 10.0338535502551
5060.27 15.0183494243618 3.68231381278823 9.35847367569113
5104.84 17.0767197453506 4.79827610488892 10.3535761689727
5252.45 69.6154088016371 21.8696144527896 11.8480952599621
5470.71 10.0619457080223 3.5013614341822 10.4510241522339
5601.7 8.54007551851927 3.51149060369272 9.80111258165289
5772.92 4.93256573729555 3.22634023966524 13.1959913144428
5809.98 5.48109721711738 4.18232960964764 14.126386893513
6004.28 47.3976343971422 9.71194041918631 11.9530357480762
6134.49 97.3660290263305 8.22454946624324 18.9608747348066
6219.87 39.5717316594095 3.15284061243257 13.1489133243649
6336.77 45.3466621606294 5.79084816152324 14.701731279305
6569.53 8.84851793698457 3.97076123158705 13.0128262788685
6793.26 9.31186220573701 5.02726054718702 33.3210095637141
7151.13 18.3381336407309 3.69855513735097 18.1595564595227
7178.49 29.3318587453269 5.42788664946876 30.196270330327
7586.54 100 20.7232501588904 17.4863271252025
7839.17 74.9427481700032 16.0544722861572 17.7510451105791
8287 8.14253251295132 4.70925760265239 15.7841450244559
8817.8 10.5409381737783 3.94622815739908 21.5597019946381
9137.32 19.6481168246235 4.54670170957032 21.8578167593678
9463.94 25.5499605279425 4.88465186272342 32.2396689563066
9858.06 6.20047840361805 3.75916998010728 26.401585965441
9900.17 12.6971613610702 8.0102583590384 24.5776681640909
10239.67 7.48031637733747 5.55380909025662 32.9512237382696
10929.04 2.27338784928888 4.37383092570459 21.1705232803906
11109.24 4.70246088199735 8.82373170962092 24.3842531795708
11259.05 1.95229529334536 3.49881053578974 11.8337573577628
11331.9 1.70957394606196 3.11830198143069 18.6050987972649
11695.03 1.76946591214272 5.41567884332963 13.014444245724
11718.34 1.28142827864383 4.0667783509218 3.26266012663837
11936.96 1.84474284422082 9.61832409335175 21.5231873274079
11958.93 0.968930699260474 5.28776186724902 4.49371966703075
11968.74 0.640589712382094 3.56315332160926 1.80683077744288
