4069.56 19.6411974246295 4.77242605250021 8.61078129696625
4146.79 12.3765378417223 3.15296179499855 6.1586067001208
4198.34 20.5063806483782 5.79849909580177 9.29829674084795
4211.45 32.6200440877422 9.56157158922991 8.45958529343989
4352.29 14.4843172549667 4.35580953034125 9.17158591549924
4366.86 14.8099127653863 4.43251401660781 8.79781237108546
4457.9 13.5150333191343 4.63521855547604 6.47664807667752
4634.97 19.8035117635735 4.8877967387575 17.868622565722
4677.25 18.783820008865 4.84112082913915 8.93161030056854
4848.56 11.1168378189977 4.50996707633878 8.56846742425751
4946.35 24.6872911071733 8.40634323560728 8.66631640895957
4981.26 9.97361222238265 3.22776207351788 9.03166915797738
5061.73 17.4810316754418 6.46341403959853 9.01145320754767
5103.12 12.1452920601292 4.77371310948054 8.91153728829158
5251.91 46.3286029900416 18.7390408739972 10.3503043146793
5468.38 10.3363877177985 5.24244821038242 8.44938915716375
5603.37 7.45638996352343 4.7992572528705 10.6763981891845
5804.2 3.21822655273485 3.33832547363297 11.2766729201476
5890.7 2.9568726048024 3.74622198291531 1.97214989706117
6003.85 31.4527643829752 10.4043181617178 10.2432988520914
6115.25 36.4666559638326 5.00039135342512 10.6642883718123
6133.04 59.3685194908191 7.65440277664282 17.7924704185834
6335.44 35.2844754760752 6.26016518743466 10.9063891203014
6569.53 6.00990178346321 3.99935886271588 10.8555274285418
6761.13 4.46193463767501 3.04410812603189 13.2468451821051
6789.92 6.6985116259504 4.80660549146465 17.882302089879
7149.11 12.4805125404962 3.37086256865942 17.18795559923
7192.81 20.8398795571134 5.34188958547438 29.5077767648627
7586.86 100 29.2076698478582 13.5192832888388
7837.71 52.0996741506186 19.1971960546061 13.4234377142966
8085.39 5.46073831302083 3.5689353647761 12.6301282381346
8288.66 5.91979037860146 5.4238619340687 13.7967163395406
8496.74 2.49482909498958 3.5652164597877 10.66177613945
8786.72 4.34469499400814 3.04849707180302 19.6183824906329
8819 6.05625183998986 3.6771114768815 17.7326957214409
9063.28 9.01577206904764 3.47732791811434 17.6535269300712
9135.93 12.5427132093074 4.94035911720932 16.3099667013448
9462.53 18.2357879336152 5.74953832229584 22.1621273214314
9860.93 4.23803093857046 3.61955015283507 15.5804046602716
9899.63 8.71790527294196 7.68652317041343 18.2477363779326
10244.43 4.80782020266803 5.47894014822672 30.9778351056302
10323.79 2.89860287473944 3.40712475586273 14.5564770101919
10917.74 1.5831328767317 3.6749650203046 15.1182780526433
11108.29 3.79783424151809 9.38534333565383 22.3179609078579
11153.31 1.36670701768391 3.27798909181568 5.22653884714236
11693.67 0.950213231242839 3.93648969278831 7.10113811747397
11699.69 1.06807851976382 4.50732095450126 10.7745872624619
11711.93 0.995225778742181 4.31145120540263 3.49765822137124
11781.6 0.716601867517524 3.68088688804084 1.48739286185446
11931.08 1.32681437690841 9.90330004750196 20.0253038803912
11955.4 0.989139162031369 7.85278193399819 2.98159269221833
11963.83 0.574136063890986 4.64374044269187 3.92578796509952
