4071.59 30.5653814889425 3.81204146034994 10.798077198689
4196.27 52.1260500115929 7.21027178534787 11.1061091972861
4212.3 66.0311127304406 9.26669437206959 11.6096628424384
4355.12 16.0963970329656 3.36558082488809 10.5937875756063
4368.84 14.6770856490788 3.28381924836481 6.52612352148481
4458.4 14.8997624568385 5.0456739324229 6.08070868579216
4492.53 12.6726094088617 4.49901417259409 3.53648029096985
4633.32 28.3402080143515 4.89828412224957 19.0649152983915
4677.89 22.6247684633998 3.90374279171812 9.5742832388587
4846.87 18.0584702360037 3.64715178443178 13.073550342795
4947.27 46.0010082764744 7.25821922678941 9.96402064122231
5106.57 15.5765837015279 3.10711851620107 10.0635158059604
5252.72 61.7820648739904 14.2805945473729 14.9920386721105
5468.52 12.8883055827967 4.04758404067072 8.59440383180208
5602.54 11.3993582013812 3.88225859111334 12.5674280890835
5808.29 6.9475088848945 3.35025882187758 1.7802795983107
6003.28 49.5668279128817 6.2892286148862 16.0473786043312
6132.03 100 5.99027841195682 36.7621818841326
6337.06 47.9612879297352 5.00556880262005 17.1329004574627
6789.77 11.2427681491354 4.01603664803889 24.5367236072889
7113.74 15.1151909276614 4.00482874245886 11.0107050351789
7193.13 20.577170283849 4.8372119748276 18.2490613363434
7336.45 10.906965595846 3.32072141846706 17.855816557988
7585.74 72.0166457245619 19.0480687685595 21.1432904877302
7836.58 72.0955215378459 15.5703472040377 23.109310468345
8285.83 8.85480196412118 4.75695507471711 11.0719434272632
8786.04 8.67779275773882 4.15921656868975 16.4509033443064
8817.98 10.8990832666142 5.01975503438011 19.6694936624572
8904.32 10.0047128751751 4.40183025741015 17.1418208113773
9133.5 10.7054758556442 5.41990194829764 12.7216996134684
9460.06 23.4643496245318 7.27593955879297 20.1761818891282
9858.6 8.86105626612715 3.83927212983386 29.4826152041223
9899.81 15.2168494593684 6.7660724395482 27.5613561941736
10240.4 7.89016211914399 5.0592013652463 27.4826366116777
11107.15 5.69271637514672 7.34687421466488 20.6468921201758
11129.93 2.58982699491816 3.10675041264918 6.68270867575666
11326.73 2.3947555776979 3.08553945333603 5.24464302924753
11773.41 1.21179384383393 3.82411848689552 1.52852158238602
11781.79 1.03038365422131 3.33319516286064 1.53710192838662
11867.28 0.837549980941998 3.55019769652347 1.57074070374074
11926.58 2.35707161343599 11.9190347943649 7.27967178616382
11938.53 2.08886442512018 10.9324874898404 15.4681292411278
11958.73 1.58192704341236 8.79766516224444 2.16400856335167
11966.77 1.25935542848051 7.17738769110493 1.42058167923824
11980.12 0.770395032680767 4.5745405442412 0.806899286564658
