4071.59 34.4656205329085 3.39892673668197 10.2397188459859
4213.64 60.1263010759516 7.72203750729316 10.5764724607488
4356.85 16.8844896373704 3.06057511537078 7.69317326960117
4459.64 22.0912041551914 6.18423802165537 5.46082143116473
4493.53 11.0321204866494 3.18376201834678 10.214893052791
4581.23 25.9274487784949 4.39535325859691 7.77644019484796
4625.06 32.637477855829 4.7698746353199 7.2598231175798
4679.93 20.6371694601868 3.01252461062127 10.4576293671616
4847.78 20.5019715419015 3.60684560607535 9.07109715134902
4951.07 40.5350678889972 5.86185821532959 12.0092448885744
5107.24 23.2028905878628 4.30231754486603 10.1396805899067
5254.2 48.9891692670019 11.6722838224383 15.1018770268793
5413.74 12.2759421033689 3.10147326553662 8.19969933711218
5469.34 16.7461886973383 4.23112478923284 5.35190831204727
5604.9 11.7239767362504 3.28947509476993 10.402375603695
6007 29.335639001999 4.07151438812844 16.1756312368134
6132.9 88.8413101157494 6.10312392491681 23.992009462444
6339.71 48.1590328916889 4.82839126258425 26.9900846941382
6790.07 12.7086115965267 3.82135648953746 31.5117148044737
7194.37 25.2754809799325 5.02774026144355 14.7858512241519
7588.14 100 16.1126783102289 22.1222696765999
7843.22 63.9155858046326 9.65992673756064 25.677181045894
8290.65 9.56164819115381 4.14804186015811 11.7023249894701
8786.38 7.43923617908341 3.18631943801428 21.9657339651931
8819.69 11.5875864116702 4.80556334012688 16.5174267819748
8909.48 8.79670948660862 3.45705473152734 34.2790242131086
9136.11 16.947508437348 6.56816529846385 18.2031265298592
9462.7 29.3564706140299 6.50646074943175 31.1895923109296
9900.35 13.7444463059559 5.391888841767 31.9576604538906
10238.21 9.06928945623778 4.88665183308068 20.3758745052401
10591.2 4.26116722554228 3.32323502291338 1.81668238820203
11108.86 5.7369197189207 6.58835574493745 21.8340350123017
11132.97 3.14620703098542 3.39153006937634 8.02364936505001
11332.85 2.6808850716318 3.19960988299395 7.37515366573643
11781.79 1.43908704242559 3.72249302278507 1.75384905668034
11889.18 1.02835759668227 3.56638264503265 1.1360094580923
11937.55 2.89693549447601 11.69035174179 6.55817645737989
11949.71 2.64327714921624 11.0372741919356 6.8268550257053
11956.77 1.68433329337956 7.14914569808598 5.65618580727278
11969.52 1.15260089467553 5.06363190731758 2.13637843811557
