4069.8 35.2624079384953 4.7857058476495 10.2149614719842
4198.94 77.5584441215807 10.7537791543624 9.5574484969984
4213.76 94.6965305872012 13.331172643418 10.1828425290678
4424.01 14.3951361852323 3.07543788710815 6.83448058690374
4462.27 23.4303587843155 5.98775421805056 7.61818043293624
4584.65 16.7352300505475 3.36358222590931 6.84696266036372
4628.87 32.5712722351884 5.5958954075318 20.5247256157754
4679.3 20.3554538064197 3.5104606125259 8.7654237176057
4850.25 19.5985601465437 4.40896834087412 8.11409417333743
4948.97 57.5059639619014 10.9851890483699 9.69808104659023
4982.97 17.8792480578182 3.23271253796158 8.24667728015538
5027.09 16.4418899504281 3.0846799508914 10.1175273274021
5063.84 19.9726577749481 4.01919950817821 9.4399623696554
5106.31 21.952823190202 4.77522297756043 9.14673184952881
5254.2 73.4323735600386 17.0970787880879 11.8712377383936
5471.67 17.6359832371027 5.56861844854489 7.89129130704168
5605.45 11.0243761998011 3.77380462902332 10.379577264147
5808.71 9.23315098676214 5.12124804325785 4.03399233321034
5822.98 5.48733663768899 3.06029905479065 3.56431370061728
5893.97 6.09930899115405 3.79778867533454 3.41334990492578
6006.86 48.9663098977935 8.19189717336132 12.1518066192602
6136.8 99.1736553538832 6.59366070305652 19.4450456441064
6339.41 58.0187941339103 5.47073827592204 16.1174861133031
6794.01 17.3045027364816 5.83320535616653 31.7205297158907
7151.75 24.4681747662396 3.15122954118142 17.8277412371244
7194.37 48.5583033139963 6.12842835129749 30.9007310434254
7589.25 100 15.1289270638754 17.6903025150714
7841.44 86.5006231790339 13.9982977615302 18.5428596491893
8291.98 11.3522165599476 4.67829107231006 18.5053905295863
8494.22 5.09530982885959 3.68970688370125 14.1463040279777
8794.57 11.862613053933 3.11165848991514 23.650631821798
8821.74 16.1564159483338 3.73316191695908 21.8720005165778
9138.37 24.2474133375578 3.62841109476387 22.0980487707475
9466.23 36.6689890191541 4.83109082785996 33.1344142603502
9904.32 16.241062136343 6.11907925348353 25.2513168794922
10247.54 10.0743516390357 5.01766286709134 29.3301465901041
10526.84 5.10034597807416 3.33688998803424 22.889833911302
10596.78 4.36573361207164 3.13404241144235 13.4199243532694
10931.49 3.28639854591355 3.96982887602153 14.4005112048344
11116.83 7.44295053123526 9.13124897189364 29.0285191393341
11342.05 3.09678595093628 3.68027573150849 18.1861118654761
11685.51 1.85163760792885 3.2465207320678 10.037753996965
11707.27 1.86143388473132 3.40942975606685 13.5013297812493
11937.16 3.52408628414811 10.5814143141107 26.8921161144808
11967.75 0.954629839811483 3.06634845996417 1.81563375376936
