4068.84 21.058729094853 6.2683000267519 8.71133850109754
4149.2 32.501263790492 9.86727894188611 8.18362550875463
4211.09 30.9784182745541 11.0701214202794 7.43205009281064
4292.87 19.2121892938941 6.73802752066307 6.44765742322761
4304.65 12.3627485946682 4.15474870084952 11.5493017171611
4366.61 13.123967936221 3.77067293188056 7.74046992830881
4441.19 10.9911777923856 3.64033133780531 6.45662304608686
4492.15 8.61741901664093 3.60394862059507 8.93019107918553
4670.62 37.7479324120982 16.1104377308236 9.05183270800444
4895.78 8.86561573867526 4.67134829102219 7.01255645172569
4914.57 13.7756412764084 7.20273015756147 6.41117072861289
4979.15 9.9933514529299 5.23023306202125 7.82510135835673
5060.4 14.5608496751925 7.99554252797525 8.73943345906719
5107.9 10.0329279807482 5.45969195100355 13.2962263961645
5169.77 11.1838324569712 5.86018341278995 8.02278097191356
5252.04 21.50141423562 10.5606107098378 9.08107966359057
5378.82 31.9699116616247 17.6513549255051 8.71834101190143
5601.01 4.80989144386486 3.52113472997202 4.88677440862193
5646.34 5.85661192350829 4.38537756971273 5.66050162354441
5814.5 8.48133759418835 6.31195483554457 9.51219966526514
5893.12 3.94048158958522 3.43926815845217 6.85534681055196
6131.3 47.328108659076 11.5173237391395 18.0253205072422
6218.85 25.0678146913407 4.50282511712558 9.64148151714289
6314.16 38.8030811261083 8.30052422180152 9.77048391470726
6444.15 13.0867046356941 5.62252359009149 10.4969791026751
6507.37 8.599607259386 5.00266136614777 8.8220755389957
6743.12 23.4654172653551 8.89215825457286 12.3907443822654
6786.28 97.8848523024585 36.6048115781345 10.3511030635727
6923.85 7.59586846558535 3.47539060216338 9.97410346199649
7070.56 7.45977947417669 4.13179903315307 11.9681497978954
7177.25 5.97417907474906 3.2292192906524 13.7261870401098
7225.24 6.34219785698659 3.77729668095902 9.02407129286166
7291.56 5.21610188868412 3.54173346975677 9.40602323051644
7334.72 6.6364105438819 4.82947058793146 10.1762011491082
7475.04 7.60852608931627 4.11445336086844 10.4436071314467
7584.31 100 36.3917810461426 11.3288929205883
7622.65 12.8218852590425 4.00848056220848 25.1558661154304
8006.69 6.80546871715242 5.19796645880481 15.4306590231417
8065.68 9.22254185790917 7.21504719750781 13.0338789774205
8494.73 1.92781092719475 3.20820962719641 3.64578367268587
8560.89 1.73442960831335 3.0315181054767 1.33382730527046
8812.34 15.3924823078573 19.8256051714429 15.0054579028329
8929.58 2.87213192779018 3.02612035772879 8.85457489469627
9063.28 3.5465289496993 3.65271456781456 12.8115954531713
9101.39 7.75352115806048 8.27575222831246 13.7379481693279
9377.45 4.08018001244991 3.94567378917826 13.985835036101
9549.37 26.8634552500989 26.6831564629278 16.2008740885394
9895.49 2.05402609089847 3.45338678207919 9.40796010447775
10029.55 7.68490570863708 13.938719282699 15.4504785875051
10315.53 2.42445079093683 4.05997992804921 16.0257957700269
10407.49 3.75807975495287 7.11050513988946 15.8896485219339
10868.08 1.05156860660023 3.24730176319993 2.84239560404058
11106.01 0.883499780016291 3.09745211201228 2.0694818206357
11458.78 2.24104888778938 9.02615969622711 16.4065105707286
11583.21 0.751816746400969 3.33478254320907 1.9295304744137
11765.04 0.608198271108596 4.14173921553769 1.6808081875206
11778.48 0.453091653267255 3.19258807703851 1.18488980758957
11787.64 0.523160496608316 3.83882139453144 3.26618433784279
11799.72 0.450261068368014 3.4378245566397 2.13197522243536
11814.74 0.441352330955836 3.57692387159727 1.19342538542696
11884.68 0.378844119250013 3.68880271389132 1.56002247786273
11935.2 0.430123889042673 4.88293060822432 0.750819003706056
11946.96 0.356909094355971 4.1922578912773 1.36443825294555
11958.53 0.308918710875935 3.76097621019459 0.968834133889686
