4071.11 26.1664430942696 5.0342987214 8.74426284070842
4151.86 51.7528248423752 10.0104158200878 8.59426293900742
4213.27 56.4346686203065 12.3414084988653 8.26038509283626
4296.06 22.1728587742229 5.04844703090081 10.4488945866869
4445.3 14.8069122137228 3.67279063371974 7.9125137510282
4493.53 10.6640168570601 3.00112148554681 9.71283608242447
4582.88 12.1263862115264 3.24839051390807 8.45017868280047
4673.04 29.1495956751502 8.07518492184126 9.69190755065938
4897.21 11.4166770067321 4.16363383216156 7.92783258378677
4917.31 15.4963689896094 5.70322927898838 7.44173062093341
4983.36 12.604043137596 4.87043560561294 9.3543189927359
5065.83 9.5158542242679 3.8715199226892 9.35626597433475
5113.22 12.6273340981068 4.94273561897858 10.719286653567
5172.05 13.548538065565 4.98429777712439 7.53647550681308
5253.39 28.2305174965609 10.1519302528238 10.2574797534808
5383.59 27.552634338442 12.1199443917611 10.9760240220194
5650.1 8.48411702485071 4.20338311640339 3.18639102021189
5817.47 14.8459575680994 7.80330550563688 10.5309543584453
6145.06 47.1484496631263 7.35919486148294 21.2305963657491
6221.47 34.9045969866206 4.49417590265219 11.9659299115428
6247.72 28.2487751884466 3.57450436563345 9.9936467450998
6318.27 41.7047506758481 6.76241646481849 11.6995040269712
6448 14.7825004159905 5.12616542647705 11.2549222339749
6748.72 31.2753935139565 7.32241384430803 16.764779533567
6791.59 100 23.43601015297 12.9688617030224
7074.58 9.54053059595541 3.00069747979946 12.6147423662278
7151.59 9.8345874241067 3.11656420218276 12.7751361180208
7178.8 10.9303501050154 3.49860662822768 12.8623401347595
7339.9 6.93575813391519 3.04998127698467 9.59280382865199
7589.89 77.0854796640576 20.177539215892 14.2002471487576
7627.45 15.9956772200995 3.68327190067098 18.577072235903
7728.71 12.0433091855599 3.40436345281783 15.2775176047207
8013.24 8.76966523721055 4.73953396496653 14.0107523840925
8068.8 8.18785877865213 4.5023618769436 14.6368779336181
8818.49 17.5392707011154 15.9207946091743 19.3828839705711
8936.63 4.61627089750085 3.34086263778507 11.3603748103415
9066.22 6.14582225299035 4.27605137612368 13.9591776404941
9107.12 9.33720101649674 6.76180498798399 16.1431065772122
9380.61 7.21211415858005 4.54016892627824 18.9796561856892
9556.82 19.0910186254864 13.5522766139786 18.5199032131222
10035.53 8.05223043974287 10.6755988717445 18.327992091452
10418.92 4.98316446057088 7.20480261677711 18.911790073902
11119.3 1.35916039297137 3.06794931471449 1.32513328522327
11466.1 3.08833797796837 7.31826066686613 14.126632528867
11484 1.86012130211744 4.39582785656382 2.27406760932536
11702.6 0.983157194826237 3.31976924911375 1.6357568362655
11759.39 0.86798162683172 3.54446506488217 1.04606987922125
11774.58 0.873548472253145 3.78439302199102 1.06348273172625
11789.39 0.688878400422707 3.13963136109534 2.38986008156098
11797.97 0.795356601097285 3.78343014756146 2.20163993996357
11813.18 0.655964607674272 3.31763580942191 0.350080409245493
11959.32 0.685547207094731 5.53229182060023 2.35634634112648
11966.38 0.478400774726959 3.94541776682622 0.81333928807544
11983.26 0.464150097952721 4.10053324643281 0.747649733661092
