4070.51 17.5632452133537 3.34713215578579 9.54752564690716
4150.17 27.358997375242 6.0152650059656 10.2463490955643
4213.4 21.619215940757 6.31172583487728 8.16085731702242
4294.22 11.0116709181891 4.17482127121564 6.62475777048076
4443.56 9.90465884153582 4.08477947883 5.10916731668567
4496.54 11.2475792670296 4.41300440616153 9.83309954722608
4677.89 11.3158898124209 4.17998528712724 13.7150774515221
4724.2 8.32783284122099 3.06990454235027 4.79086876374731
4896.04 10.0368000367909 3.85352848640762 5.40645046734426
4982.18 7.21670153150807 3.03608606268608 5.53590084570169
5062.52 6.776270048319 3.11353115272836 10.4005017768759
5107.9 7.2999565158388 3.49639490035107 9.73173287668942
5112.16 7.19244031750977 3.45366536588552 1.30692356882901
5382.09 21.9536272106099 11.1944718698335 11.2466213378448
5815.07 9.20007496773582 5.80595500755926 8.90656713050248
6133.76 35.4594654756228 11.9742842189037 16.9044302902694
6221.18 11.5656235110766 3.07657067361688 10.3019610962901
6245.24 14.191456587922 3.80668671117306 10.334863908819
6317.68 32.7671391735295 10.9847767183264 10.5444637777882
6446.67 10.2560597502372 5.81810090344963 10.0160739788098
6747.66 11.7591494410602 3.70310760551021 11.2052920838278
6789.92 100 32.3028811169066 12.09133704541
6925.99 8.62898340424896 3.12537022501847 12.5264876960237
7587.66 41.2622935554639 19.5029232169297 13.4996758223688
7626.33 9.02416568042257 3.90234526503855 13.5681929308739
8007.02 3.67203192065739 3.21696836515481 3.20961638395056
8069.13 3.87515756128643 3.46938863796495 5.29491274019892
8136.24 3.87943368367699 3.61004730534629 10.4248999437586
8813.7 7.10858883574482 8.2542151195673 14.1314269933719
9103.13 4.99740589794399 6.69712632937735 8.71598204491056
9421.79 2.1246624191051 3.04580059944063 1.56381039032385
9553.98 5.0490879096653 7.91820335833562 13.042430117137
10031 2.57103818506447 4.5742576684946 12.0967751092903
10411.73 1.92105526479641 3.31963572547129 4.91363024273051
10417.44 1.87940125185265 3.24527952121082 3.1703113370022
10809.15 1.40088080521627 3.07754503497618 1.33976229056498
11452.43 1.47926186224201 3.69440729919655 2.05841769408471
11464.17 1.5925904960265 4.02500044950837 7.93052783505664
11838.95 0.787924282057343 4.28927971716605 2.18636173427694
11879.01 0.583615339629297 3.47800082226919 1.30390579692357
11896.42 0.534789981717092 3.33198082524 1.6921685674788
11925.79 0.515516662283377 3.49543462319504 0.724147442713729
