4070.27 40.7562803511502 5.36476978941438 9.87774233798245
4153.67 68.8256801423979 9.72660847065501 9.98329598738383
4212.54 73.4613065626262 12.2947736897661 9.7421462457296
4296.3 29.965305994233 5.47306961809353 10.974478425047
4495.03 18.0693452640324 4.11573905593844 12.3236572015267
4674.32 49.5879667264358 10.4357145193974 11.3269791706498
4897.6 17.3121451662097 4.02635377479222 9.35530737343561
4916.92 24.2710842589319 5.44934265402884 9.3416147681246
4982.31 20.1084149270271 4.5113699508587 10.1246595348293
5063.84 14.5387159569546 3.77415025073912 8.82789744663842
5112.02 16.2774020715615 4.27516451792294 13.4308642394044
5174.59 31.8586586537041 8.02646815451677 12.6685678783979
5253.93 36.7886058209609 8.86489669267467 11.9928266752277
5382.09 34.3101279040448 9.54521140851424 12.0280879670854
5817.19 15.2765617960503 6.65829107015758 14.4568903689096
6143.9 65.755587991639 6.5365297906083 22.1116612954074
6222.2 45.2214115307421 3.70611612219676 12.7612864238426
6317.39 37.9971433491785 3.96545759601748 12.677753404133
6448.59 14.4686331718095 3.35062603458277 13.1658686319824
6746.15 41.4470290927895 9.39718401040168 17.3953251106232
6789.46 91.1070100243263 20.6173614214818 14.6881573021628
7476.94 16.8253334448749 4.22556766615721 16.4242271888261
7588.3 100 18.6208354823615 17.4776360589976
7726.14 14.4025263464544 3.06558167374143 18.1037395699959
8008.82 15.2427917060578 4.75758528395752 19.4086502213531
8069.62 14.5247024331704 4.48068048772357 19.8228010899002
8492.37 4.19725637818687 3.41236340478433 6.00292997416182
8816.78 27.729798771979 15.7879576303959 24.1494066731357
9060.33 9.511485020672 3.99555135013564 19.2918330269404
9104.86 12.1522953990037 5.28020811114565 19.8573684759685
9378.5 9.31029444991025 3.42555125322278 21.3185175783074
9554.16 36.2682518441089 14.8229058956699 25.2009702457217
10035.9 14.9057090822547 11.0431966240736 22.3112355872781
10412.28 8.09122811896007 7.11117185223448 22.1355519409135
11109.43 2.08596035160386 3.33970255394773 7.54309343129535
11463.98 4.03489347577177 7.67635821826006 24.7256669027247
11586.5 1.52144662359341 3.06651704123544 4.54234181340144
11690.17 1.26249766440967 3.12594321248564 2.37669736505268
11809.67 1.15424004616901 4.44501002898435 0.930536575822771
11824.31 0.798174872063785 3.17320642805363 1.1279410322586
11843.63 0.811146706628599 3.40663025044548 0.922427002131371
11856.92 0.707799785970094 3.05544266649333 1.80878758528161
11961.87 0.673864611249398 4.13571438021306 1.49660080385911
