4069.68 51.6598866324634 7.33231500290977 9.25606134013287
4151.38 72.068128390982 11.4190534537738 8.94606736152855
4211.94 65.1644110380941 11.834529676689 8.79202560620615
4295.69 18.4672391127627 3.23603352374821 8.26781401638982
4496.79 17.4778315740611 4.34461125727906 13.3944382020954
4676.62 49.6203678838979 8.81943441852278 12.0762113491846
4721.77 20.0624023146362 3.61649857947925 8.04880436511939
4894.87 16.8666579028385 4.13230449089712 8.81808122622897
4981.39 18.4778786950398 4.87688455493587 10.5707389647287
5062.39 14.7707470082873 4.36128189314205 10.9324963564059
5107.9 14.1369288008365 4.0975270122511 11.4859881615494
5172.58 18.1203787423222 4.89508442273026 10.5887662581499
5252.04 30.0168961256403 7.52386730545833 10.8700019517437
5381.41 41.7904723793612 11.2225232951425 12.199782304484
5816.06 14.5404599446573 7.11015544276443 10.8147586217492
6143.9 53.4194485864258 6.05177671747356 20.973875931144
6220.89 37.0183676543555 3.46511767837211 13.1195289301104
6317.24 40.9186877706538 4.97135875482782 12.9267173827147
6450.37 12.2091681873439 3.38509381799747 14.2469011949188
6509.9 8.90271351853148 3.08633064809293 11.4547410458918
6746 29.0639208374443 5.5050689706193 16.995021620337
6789.46 100 19.0627494326033 13.960920336769
7070.87 12.7112520016295 3.02723885206562 10.7676285915104
7150.04 14.4829092303248 3.22472817563929 14.4541778486582
7177.25 14.0834629041726 3.05330534866019 12.6616181872441
7477.1 11.2179692902419 3.32028583029219 11.4002186015323
7587.98 82.1934876448216 18.6118399764438 16.8538383500645
8007.51 8.42318931684861 4.01988674556579 19.4052627440087
8068.64 8.08737680192436 3.83299002437659 13.4610549560402
8136.57 7.49496818655274 3.78803588629119 9.94210711319192
8496.58 4.20527897319082 3.80803007706245 11.9231290246989
8818.49 16.2535986571193 10.8294662195907 21.3050550630214
9062.24 10.9515230733439 5.70543761386635 14.8111324741931
9105.9 8.12173999098686 4.31443950270149 18.2528165186523
9378.33 8.71156627974815 3.92241032468952 17.8276127104837
9555.22 29.5934336376089 14.9169771895623 21.9312009046389
10038.25 6.78709017298387 5.88736398879214 24.1742767340311
10412.46 4.89717482130843 4.84952918233054 20.5135248373299
11257.52 1.71976496572614 3.03652708998509 1.61103930601712
11464.94 2.84849348340106 5.48688963401742 19.0806358562058
11696.78 1.38629437001741 3.57434243299611 3.80918459347413
11821.18 0.774041264681929 3.03385592245526 1.41139445312547
11829.77 0.926661829298171 3.76430759465498 0.962762480949095
