4070.39 32.2820122919334 4.77182084516352 8.89118373575548
4151.86 56.2577003101176 9.07258616146019 8.75508393871132
4213.4 58.0244525382989 11.5108269415725 7.28280376646308
4295.32 26.1261258462614 5.58669869622599 7.08761232421057
4443.68 17.3055884612842 3.6558285300958 6.74908560900985
4492.53 14.4163534263076 3.55710650300446 10.7723356245742
4672.92 66.8081241762192 16.1050574129481 9.45898289984234
4722.15 13.7134420833909 3.2139914107352 7.69205484235044
4896.82 11.8440910831916 3.30562704831016 7.98466567681589
4916.79 19.3419730811259 5.41329794000868 7.61297594515781
4982.57 14.6987132505605 4.14111468343516 7.96375168789746
5062.65 14.9168426077112 4.44925455808738 7.01329592461752
5110.03 18.1365682537311 5.40971137725227 9.90715917290891
5172.58 14.6683223345251 4.3048174074766 10.3327334964388
5255.01 26.332528151463 7.93996284806988 9.79475841772364
5382.64 36.5947730972138 13.5254783372746 9.54454169994551
5601.29 6.86213977274065 3.12785064595706 1.21031086674884
5651.63 8.35450177388802 3.90916150069428 8.27000121123729
5817.33 13.3334431148934 6.25229863603952 10.5856109693977
5974.51 5.22451973697966 3.21021835098416 3.82159514630803
6135.36 59.5621879373215 10.1574645854813 19.6765615139848
6220.75 38.29619933193 5.10658229340606 10.9278080054446
6245.97 29.9131449935142 3.92845920799674 11.352367689612
6316.21 37.2809178241023 6.09194087914623 11.3964223312905
6446.81 12.1741643207904 3.98905383065636 9.71113163626342
6509.9 10.6139353354978 4.53782321238743 9.4210658838474
6745.39 31.06502700658 8.99853257883563 14.4060641154874
6788.86 100 28.9218587604368 11.8013339193221
7072.42 12.2848660552302 3.63582761813402 13.5934278969726
7150.04 13.2786664347112 3.92258018106261 12.8156122343607
7336.29 8.34120830525376 3.5554177985862 9.3174124377756
7477.41 10.5901061076014 4.3000648095027 10.8302015913569
7587.66 75.4919825551594 23.2638058674589 13.3175730893181
7625.53 13.544247491463 3.71447890593377 16.2904691968324
8009.97 8.78671167398157 5.02147279404406 12.4135880473295
8068.15 9.83582768539597 5.81549873721099 13.179596871938
8136.9 5.86477138374169 3.67154292692511 6.45982509029545
8499.1 2.99902395913347 3.22712908757712 3.67214433454683
8816.44 16.7675360599436 12.8202567702135 18.3629969737776
9063.1 10.9104965434212 6.55790546198127 13.8730252131081
9105.9 10.3304417902454 6.41124312648151 15.2821633481071
9380.79 8.27924633801133 4.85189860549486 12.9922033215371
9407.88 5.45203420222022 3.0396114819996 11.6023410433518
9554.16 43.6055669145795 27.0018930227547 17.3547865532873
9898.73 3.59816862447263 3.53250265011534 10.5385081254626
10034.26 9.33659204527275 10.3187764483982 16.5568970375916
10319.57 2.76059907900308 3.04012186906613 3.53329247646616
10325.08 2.86965711664832 3.19118492706599 5.51560397084359
10413.94 6.22795465885694 8.08016374789115 14.824175033993
11463.79 3.11375717109705 7.05599373843111 15.2606063420153
11575.09 1.22591050200563 3.02683542987036 1.07803862142646
11686.29 1.12045024708779 3.47646217839786 2.24243805035439
11740.13 0.833394265095837 3.04043256988798 1.30301088067972
11771.86 0.91827074134205 3.81622687703853 1.86359272226218
11783.16 0.790654190126738 3.41604017886265 0.969229074955365
11825.28 0.66483829075349 3.42530203264678 1.69055761345953
11938.14 0.431414492221336 3.12998762705319 0.469559946246591
11957.36 0.732383179081999 5.80593222293111 0.927421615220737
11978.35 0.452261805719029 3.87077977662049 0.344406614740365
