4149.81 72.7135512054808 13.092710492082 8.78015861640597
4195.67 34.8107716129442 5.58244386190842 8.64057940009297
4211.09 72.7846280885325 11.5711451273636 9.00587166587047
4282.33 34.4866024460647 6.0780429852921 9.55888308177691
4366.24 13.4256596172777 3.03379442919941 9.53549028628913
4492.78 9.27127794590036 4.68279629789057 9.40804233856397
4588.57 10.3137466627814 3.39958960199009 8.59493992307398
4633.57 18.3853047419801 4.71614396891398 9.76025978838243
4674.83 33.3601390106118 8.73389412204444 12.5695704523469
4717.79 12.2195265461129 3.11972098097919 9.36780079144228
4893.56 16.8027829593138 6.34480231447175 9.2643341672383
4947.01 9.28311578744219 3.24929839277303 7.15947251626039
4979.55 13.2944050225443 4.43160338149246 7.36756919317486
5055.5 42.5675409353918 13.5609221140002 10.5941131005575
5074.31 16.5004092461881 5.20287616499051 11.032676865746
5250.7 29.2533268876679 7.53047094687631 12.1055114672272
5281.85 24.837461658239 6.19019210409304 15.4329439612829
5380.05 46.6300361632431 14.1597312653573 10.9523899993819
5615.17 13.5788018757199 7.94190730882283 9.03834985215508
5750.42 7.0214631262019 5.08212677054101 11.5184293743087
5817.04 10.9045669220711 7.38597763895067 11.6726676955741
5929.54 23.5758568968103 11.697942324834 11.1742672018472
6002.13 21.2314628265127 7.25053765625226 12.0082403004053
6142.45 38.7607109569301 4.85779810372296 25.3588664379668
6241.89 35.9830263829696 3.56786770060442 14.0424301469448
6444.74 15.2588178370885 3.62990110213974 12.2812228966704
6506.78 10.7396809038246 3.54271849709869 11.6794181695604
6569.08 25.8026684739591 9.84655833251461 12.4330016840286
6743.12 29.0489843718144 3.76043647965633 16.7509769435928
6787.34 100 13.0134087831937 14.6640158348773
7106.77 16.7427840444647 3.20075346368423 14.1191042614601
7249.14 16.4983330434176 3.06697053979647 28.7657563287903
7477.57 8.18791848133066 3.61235605222409 26.792692914174
7598.52 21.8858517297087 10.0066462635271 16.171381897565
7737.73 9.27023266748578 3.84874589516279 18.0080298154771
7833.02 8.4358270133475 3.50624693514577 32.0391890382698
8017.66 9.6923696664761 3.94501753838336 29.9708820968654
8061.09 9.31934885546963 4.00561131285859 20.995007014767
8524.67 2.25354073550441 3.050490785061 5.35626873093133
8705.65 3.65924294473636 3.17510994025963 9.12485071728224
8812.68 20.8372530503803 10.1193457776956 19.6584309739555
9060.85 12.701710826412 3.85978539777244 20.7951144123235
9385.53 12.3910674604713 3.23350079924882 25.6456662199216
9552.21 34.3561650896267 9.66901984936779 24.9885639287731
9896.39 3.88640435906842 3.03901566915819 27.424524381946
10029.19 8.36672080958691 5.80955768092979 21.1351263298984
10412.65 4.95989727546895 4.57134506261641 15.4942798406919
10880.68 1.78957416306152 3.35156329567128 7.21368709505805
11112.28 1.8518496419953 3.30114258547966 5.2252965103653
11395.16 2.18366717056234 3.23959757734914 19.1317676436011
11461.09 2.29924812307594 3.37698645219994 22.0638326217577
11832.11 0.75828208500654 3.17842541544004 1.61668936217939
11843.05 0.708494438509774 3.0584409058121 1.11794247506077
11940.49 0.521009466810235 3.07204698815189 0.874171707302594
11949.32 0.554272556003572 3.38096181784455 2.01097040693639
11955.59 0.615370765509533 3.84812890935674 0.939312725698983
