4151.14 45.4674014826 9.01440451023405 9.56891134983107
4197.36 32.4064392491232 6.0701504619331 8.36739793244942
4213.03 53.4336259684773 9.97902018606663 8.84030645896382
4352.78 14.7126771369201 3.04336759918989 9.39300261908375
4368.96 20.1614874412539 4.47181945589658 9.14198550989568
4492.65 8.99407000366361 4.81696017394778 11.9466871927461
4635.35 16.9122875286097 4.51384115957175 8.509902922533
4675.72 27.8741027571026 7.57417920852702 13.8870981882255
4720.23 11.7885941994184 3.34308977574933 7.78320036910372
4895.13 15.3242479463669 6.70335253217194 8.27822204435415
4946.35 12.1189129147334 5.00462319114468 9.53575198686849
4981.78 14.7335681696545 6.03178582147179 8.12996583010136
5057.09 50.9204033752211 22.8256480960771 9.40737451109089
5253.79 31.7143267094475 11.9147152722902 10.6672101845143
5282.53 20.2463844591156 6.9915409894631 16.7347271242015
5381 45.6749314800281 15.7468665079513 10.360410457426
5616.98 10.3999579576724 7.17645793920622 10.3242853140218
5755.76 5.49789806899484 5.13792045891563 9.92944942677696
5817.89 8.91279038170025 8.51329913884892 10.9728988446859
5932.39 13.2069176842803 7.43406187113824 9.90430259157256
6004.42 32.5144097280649 9.91361310947305 11.028001156792
6115.54 30.8762182839609 3.7850128121784 11.293768687503
6143.75 38.1655451203277 3.9985203084521 12.1810146966291
6336.33 30.6759084728113 3.50688067650225 12.7429915707799
6446.81 15.2358517695496 3.58419506896995 11.4157049687838
6571.47 21.4031994456591 8.81998705679464 12.6374784684876
6745.69 17.794039325564 3.60906265348585 17.135168093876
6789.92 100 21.350695197682 13.5448813094363
7195.31 11.1355255275048 3.28442865894212 14.580559781145
7251.8 17.43788561626 5.60564261610168 13.833421178193
7600.27 27.8058626619662 16.0269446394203 14.4377168790479
7626.33 15.6854464810107 8.72185777217289 16.3514427092605
7740.79 14.2998080474777 6.90245012639291 16.5408712860199
7818.61 6.96016019120525 3.25820840171348 15.96832303875
7837.07 8.37451792364003 3.91191046739223 17.3691338533363
8020.11 8.63409485410621 4.33219454445531 16.834336831389
8069.3 7.44803863070022 4.10809298566934 32.1667413332407
8814.56 12.6009200184275 9.49777819287118 18.6238063126239
9105.73 5.54463384312405 3.48462821649862 14.5227573022385
9135.41 4.77393064796873 3.18340252090105 15.5151082332577
9390.11 6.27072720991231 3.69779337533478 20.4382350904598
9463.76 5.66561541010033 3.23402386279307 23.0382123204326
9553.1 18.3798504819505 11.8551155983446 23.7306002041514
9897.83 3.50979700862169 4.14637889028626 22.113035145896
10033.18 4.77787574745007 5.45340871154414 21.996899327396
10410.62 2.85915661384927 3.94405932631111 16.7487093543132
10966.37 1.36370990143048 3.93042595362068 8.51364146227024
11118.73 1.30210616914744 3.70417749430519 17.0447503811029
11400.54 1.1338859342398 3.24962947147821 18.2621212945287
11462.44 1.60637439461564 4.83343746168834 16.0496605251337
11691.53 0.708443524609396 3.29313754454738 2.16624848442734
11700.66 0.697896014415399 3.34774956221929 1.99256228835293
11831.33 0.420561068088306 3.50685786105765 1.30381957669852
11871.38 0.466411028767711 4.40516344762967 1.87400153061026
11885.66 0.437698768101368 4.32761739880474 1.33493252125299
11941.86 0.283993234609383 3.43532335856295 0.994410693690952
11952.45 0.268115327774317 3.389090616096 0.947585294787132
11958.73 0.387033990396511 5.05520069920538 1.24697066779663
11974.23 0.217638695267846 3.02795848618864 0.508885541463314
