4151.26 57.2661328682269 6.78041964725013 9.75572684954477
4196.64 41.9371445745045 4.9458301325216 9.26577436393745
4212.42 69.1595777403674 8.33886739596067 9.59554428825322
4367.6 21.2720341533978 3.64162893057992 10.416630473469
4491.28 13.1296039315174 5.05072450675107 12.1570923334721
4634.08 22.2492783437546 4.20117455161549 9.67129088513866
4677.38 38.4928070452667 7.29495545894439 12.9466790516717
4896.17 17.9518820200772 4.65725366811359 9.25899626837963
4948.32 16.7167298552889 4.06015213116952 8.01888778662214
4982.7 15.9733247726798 3.82582782352583 9.65545904563987
5057.09 60.3208190406129 16.5468361749951 10.6190507682095
5253.25 43.2183124744558 10.2057518771615 12.0371068554505
5284.82 27.8417233008286 6.09814841917812 18.0222044894363
5381.82 52.3976139146699 12.3151937130732 11.8897929441282
5615.45 13.9791836346786 6.67121948860705 10.8166182025552
5752.81 5.49339760608636 3.02163247950428 16.0145990073952
5815.77 11.4570763711708 6.41146640873364 10.4620445897599
5933.1 10.817837094563 3.96092458418349 12.1218177681249
6004.71 35.2097917067988 7.40438382298324 12.9336211160207
6116.7 33.0792824552127 3.0684586653571 12.2122636410568
6144.04 43.7799689137948 3.58819275816418 26.0542626042034
6571.03 21.8969919067372 6.72913061938267 14.9869612219463
6789.16 100 13.3257824154257 15.6670182182233
7150.97 15.2408593677579 3.14102841295337 15.3585909284129
7192.5 19.1523020683407 3.69434049780708 30.0295333139857
7253.05 23.0828441911714 4.73622711820221 17.0660218749972
7600.43 34.8208514580981 12.6508038685519 18.2443297296768
7739.5 16.2513245219674 4.66452941506431 17.9120675248259
7838.69 9.87206448434777 3.10213893516503 34.8109685776944
8020.11 10.6433706514706 4.08186547560896 23.5709422635518
8073.24 8.16140865345193 3.31208398459642 31.9868087709565
8427.46 3.36261425923561 3.20906175615766 8.33589602585016
8814.73 16.0305562530901 7.49782395143623 20.8500973924565
9061.37 10.5258019503644 3.79474511031721 21.1356884115503
9135.93 7.42913852163181 3.05206353045938 22.1212922883769
9389.4 12.0731472185278 3.50977391260372 24.823138627693
9463.59 11.087813565357 3.04570928651158 25.5917805972222
9555.76 26.024625700209 8.01904139891726 25.2772548730172
9899.45 5.51937218351141 4.30137708680477 25.5446489871392
10033.18 6.3606747923207 4.5795113250015 22.3957505341459
11116.64 2.163313254696 4.21406374732418 17.4005607958334
11465.13 1.88025623240881 3.90904470145055 22.5198911459283
11868.84 0.66341104319389 4.22850715620776 1.12391326883517
11880.57 0.520150975234492 3.41787798395109 1.66868054945735
11938.73 0.407851118244836 3.37860525377776 0.963324527094301
11954.41 0.492954007910656 4.43641177087373 1.1572431689965
11961.28 0.534339565135909 4.98874178976472 1.60823508306567
11970.89 0.380249324610316 3.69387473736325 0.58302485387685
