4148.72 40.5593014480356 7.13825649873583 10.1283156946756
4195.18 30.2304077437787 5.70762071244418 9.60380012679161
4209.99 30.9406916527714 6.21179604007095 9.78384495393311
4352.53 5.82006228312608 3.11949743757683 6.17301796768606
4363.4 6.48981514585362 3.90326114551135 8.47010957425846
4455.53 2.72804586394503 3.44695935234511 1.10213783578092
4493.03 11.9635001204295 14.4288857016228 13.4395906627969
4589.71 7.5989926022245 3.65273317750863 7.09820243575541
4635.35 13.0722169974715 5.40590125374891 7.94410726362275
4677.51 13.9056277125673 5.86487300253903 9.98654972741588
4894.35 17.2210250234581 6.3309192578801 10.9702421926095
4944.26 12.8707374562593 4.34155882180032 8.91868597714256
5053.78 36.5415595102296 16.2234842188445 10.4435880340179
5289.42 10.9153019195025 4.41660322017024 13.22210921642
5379.23 55.6382574908204 18.1158865118216 13.4381253371284
5418.8 8.94514011386292 3.00168268554992 21.3826340062351
5613.92 20.4919483371037 13.4270530412615 14.7388266454318
5751.82 3.93625329640194 3.09962263270378 7.82224062506612
5811.4 6.42081869409127 5.31381300331224 11.3689458892795
5927.12 5.18627333535564 3.45239787457602 9.09460786051477
5999.7 17.9881716218257 8.21530997293836 11.371920478221
6111.93 20.1863716538533 4.48156622322676 9.65734100291957
6139.7 23.6258461349394 4.66979056131118 25.0968847776749
6312.54 19.1447591805781 3.86371241106187 29.7225299290658
6442.67 15.0471360185628 5.94149679223788 10.9820893642755
6565.2 15.7493557039621 7.78924274315506 15.1619319101837
6784.76 100 13.992891359289 14.4782882499376
7246.95 22.443508830651 13.3055692639489 14.4529723161786
7594.2 26.237193874135 12.7014942769153 14.1085774763114
7621.85 18.7601371369674 8.30471498529269 27.2799048022389
7734.99 10.5148743405655 4.24077428371798 13.2956400925041
7812.14 6.70209875423389 3.11801202147813 12.6205484241818
7833.18 10.0755434082802 5.11528447491173 17.4684959030474
8076.85 5.27433301759808 5.1723537729793 17.2046003611513
8808.58 6.43005950208783 8.88636682969993 14.1931940745289
8946.61 2.28311401511544 3.0696587258046 16.0180675310858
9422.15 2.80223736173924 3.18437909303595 16.1304215311247
9457.06 2.63934175070895 3.00679969637697 14.4391401426328
9547.6 3.26146210506466 3.87472509926843 18.3579537841051
9853.2 2.47225713667532 3.41301520999527 18.5376808691744
9890.99 6.06211695496203 8.45914699428509 15.0632979752245
10083.44 2.91256496040473 3.92372300103352 13.6835880754261
10510.36 1.52634574671363 3.021680883981 5.43571262374098
10962.98 1.21612376188604 3.46169484356789 4.03767364359919
11411.49 0.95182002649714 3.03220121707397 1.05062358877512
11858.68 0.943180316247964 8.57841817899354 6.51514460603721
11867.67 0.459777327282251 4.20199414158302 1.47962031252791
11882.92 0.359929467111941 3.42544619148532 1.01622872962798
11890.75 0.372718389731884 3.65609977895799 0.882001335150562
11903.27 0.372763141406626 3.83160904148002 0.722590015875539
11932.65 0.349954745978876 4.03589748719252 0.310840753236334
11945.59 0.376669328245323 4.60495747435568 1.07737768823063
11956.57 0.326111849516415 4.17047352387345 0.599090326486476
