4152.95 60.8612103586745 10.403739639738 9.15917372978402
4198.46 26.2907159852895 4.50824273514371 8.64696225019725
4213.03 63.8345440426643 11.2015440526352 8.52997692943063
4286.62 15.993090264307 3.15446070303646 8.47032627742192
4297.16 16.1586972095566 3.23343001867348 9.79437047311421
4370.07 20.6454126533436 4.42736420756126 7.06243590747363
4445.18 11.7915516378714 3.29446028345139 5.85162460869196
4495.41 10.160991953246 3.75919233489238 8.30791448155651
4589.33 10.3900549312138 3.64641453662094 5.66247552209552
4635.23 11.4655994317613 3.52177035440913 8.0154070164117
4673.55 36.8500615043071 12.4093305644207 9.55510944842081
4896.69 20.29145561684 7.81831247395535 9.10278077544626
4918.36 13.8969026112075 5.01493221244021 7.59178079727462
4949.24 9.40304881748809 3.25601257135235 8.32541465876693
4982.57 15.2750670081244 5.12189943592903 9.5593724771179
5057.75 40.5461609464539 14.3251403106141 9.66034103403308
5078.69 12.542027538216 4.42999286769484 11.9394777385396
5174.59 11.9188202125979 3.85681016356021 9.59185838934445
5254.6 23.0799647727645 6.83107125743761 10.7444557706121
5284.69 21.2565045897608 6.34721439624777 16.0046782809168
5382.64 51.0402153922594 18.4967613395101 9.42515839095722
5605.17 5.09234296571941 3.13246139604116 10.8112499126455
5614.2 8.45753471457203 5.46135185007065 9.52797411149368
5758.57 7.25592263213761 4.93927707176478 7.58249582622466
5817.19 14.0409579098128 9.20588904523309 10.2356654702735
5933.39 12.9781410236994 7.20723562252713 10.4859217194144
6006.72 17.0093143887409 6.55911472398405 11.0244009804674
6146.07 33.7783905325081 4.6853951449259 24.1883469633822
6245.97 30.2844752681825 3.19927695781991 13.3032613539635
6317.83 26.7890606177348 3.23220536260399 11.5603807924126
6448 14.61684830105 3.66584166338981 11.2793684786548
6512.43 12.0575477896693 4.20688369728505 11.7283213385526
6572.82 19.1938481814098 7.80763748682522 12.392423123295
6747.81 33.0453304233878 5.89837899475267 16.0586312433525
6790.22 100 18.4723494615709 13.131268504022
7151.91 24.7920676775649 4.11079243687234 15.0535582841412
7180.67 26.3902818567426 4.00268843428523 27.6518540123088
7480.59 11.1960271291201 4.98529918077355 19.8423675622143
7601.87 22.3070537440761 11.4946804567818 15.1597224593343
7627.61 13.1597029773244 6.78177645658664 17.8763985358119
7739.98 8.64346282995507 4.38722790094455 14.4163114442381
7836.09 6.49478059484192 3.08991041503331 12.4274297784714
8008.98 14.0872632123919 6.00746184711315 23.9731230371135
8068.15 10.0310826199133 4.47959978844125 16.9131481572422
8427.29 3.09221705821208 3.36096951953339 12.4359823850154
8504.48 3.41227579753781 4.54829749737803 14.0067320221988
8516.93 2.47305178038112 3.39203800700338 5.06224936964645
8526.01 2.9088181791037 4.11225728235017 10.6051605708053
8820.2 18.3033195359273 10.7710916637478 19.0093646333535
9065.01 15.998855981114 4.42624905558034 21.0412723407971
9391.16 14.2997548677446 4.43588258322298 23.3386100120097
9555.58 35.523436988812 13.6012995857147 20.4384707609006
10033.36 9.58869338562724 8.48358483113056 19.4831961355103
10414.31 4.59045834530505 4.72314799456372 17.7415192996468
10579.88 2.47849627009535 3.17641394835478 6.96712011693853
11458.59 1.97702629875861 3.33168992495806 22.7019232558669
11689.59 1.47966465514053 4.19127086007265 8.19604555703336
11698.52 1.60964391592383 4.72482347017112 16.6811401631858
11818.26 0.608273427895468 3.13585624278756 1.2238654697685
11838.95 0.563479984985058 3.10900028321899 1.0400631763514
11870.21 0.496149395973986 3.02790200108287 0.498062208218471
11962.46 0.535451372338635 4.80053725097548 0.99281993344448
11971.88 0.464682545121467 4.36548528253161 1.64318793163511
