4149.45 81.1396036927961 18.9722168401884 8.49252456180602
4194.94 23.3185643773587 4.97014925771317 8.24264838394629
4210.48 65.020776067334 13.7751352250991 8.10343840710357
4282.58 28.6752146331404 6.16353298357579 8.75387070027045
4366.61 14.9897152803472 3.49034552287832 7.38115973156346
4440.19 12.2505184609984 4.35927804857689 6.94982693725524
4492.4 9.38878006527276 6.02367243440691 8.54631775745656
4587.3 15.5082770435798 5.1002945426792 8.63010916715393
4632.68 28.00145857703 6.31039691420773 8.38993358723837
4674.45 45.6859888667167 10.2501011719568 12.5845188514932
4718.56 16.9295339586616 3.77649561643808 8.96333469679121
4892.39 19.2271818987152 8.64776544086745 8.6990100694311
4913.66 12.5891454224761 5.60591343272623 7.58998744207202
4978.76 13.013983279432 5.43368862933937 8.63302349646256
5054.05 38.8627253870841 14.4069323589593 9.52305765624806
5074.58 22.0533859883757 7.82782751720308 10.6967698896333
5170.04 26.1220017861972 6.75765031557727 10.0686895382405
5251.1 23.5186268458321 5.56518585607893 9.87545756644977
5281.45 27.3033085089847 6.83213544495957 13.4784121267057
5378.14 47.886628946236 17.3443476899079 9.90909432687931
5612.67 8.19658515090525 6.11342709628658 9.55948504764183
5753.23 8.79276953854552 8.42022360708397 10.5531768777573
5812.1 15.3478223482491 14.0714531016304 11.0971256447274
5927.55 19.5209616891397 13.7775302872627 11.2376615749627
5999.55 12.874774028911 6.44175005496257 10.0739492548983
6141.73 33.636008459747 5.59170131847651 11.1841242561068
6241.3 37.6677182576127 4.64492193432285 12.4639028828551
6312.4 30.7084344567724 4.16135914449128 10.999400804094
6443.85 16.1121387550235 4.36836552970364 10.9745391924989
6506.03 13.6293234224888 5.06864927648747 11.1245340144305
6568.04 20.0978220493738 8.69787569715161 12.265433758118
6741.01 45.8972606041246 7.18174628524496 16.0368212791627
6785.07 100 15.3291818131793 13.0036652479421
7146.47 26.9977767722094 3.9670579679528 16.0980335134564
7475.2 19.9535145625916 8.11744287629013 19.3676409765158
7597.24 18.9331805537197 8.06051026460983 15.0702549006546
7814.89 7.12622709892849 3.60204896254208 28.8472727226945
8002.28 16.6225092159151 6.36633300342429 23.9108807321645
8061.25 11.3008199021842 4.45725615693456 17.4924519407587
8422.94 2.85117334033777 3.38553910594075 15.4731027934795
8517.93 2.30633453429101 3.30662735929831 15.3230235105257
8810.11 20.1182452965349 10.0642295749528 19.9761074550897
9059.12 13.7864298619242 3.82066923545292 20.7618422033011
9100.7 12.1523444571546 3.46009406430724 19.0402097664264
9383.42 13.9392852183368 4.61811617502742 22.7366146941567
9549.37 38.5551663900785 15.1955295871936 22.0707530510426
10028.28 10.0126557200349 7.86382772011847 21.3872475631051
10410.99 5.84805867236306 5.88562329749674 21.8098648331215
10575.05 2.1374918801154 3.04055707147445 14.4909993986839
10873.34 1.42550263867667 3.20433845015105 16.1506712025603
11452.82 2.05279404343378 3.27036264635482 28.2391031845018
11686.68 1.54023908994741 4.21320465180664 24.574388307441
11965.79 0.40902871559344 3.70015523294514 1.52573274768474
11974.82 0.333393022088289 3.15370120571308 1.51994771124373
