4026 8.22614264041187 7.78545931799547 5.9228729745937
4122.7 100 43.2102197403147 8.06814423633932
4194.59 13.4515570493016 5.04578468189759 7.79453041324632
4224.85 7.98335937927599 3.18147353497083 5.86461653886636
4279.3 7.37068541464934 3.24164098858849 7.19055472843684
4302.72 11.2436710912442 5.0050199666943 9.62400360663742
4366.9 13.2863156804081 5.40983212792131 6.93075958487134
4378.03 10.482328976009 4.3181307270372 8.61975601896302
4389.43 11.4931405575312 4.79473527857767 7.31299997106362
4528.74 8.83694403540941 4.46097484943506 6.33176077630014
4581.56 7.47779187799606 3.94644344703972 11.9046647317919
4609.8 14.1124633628059 8.23326653027821 6.09470953749678
4625.28 5.09611672993091 3.0313192227174 7.30777435730943
4806.33 7.99333128501389 12.3291723216291 7.38811200336841
4973.26 43.2843812405916 18.4235521189901 8.28549966579703
5013.79 16.3459505023855 5.8732383420397 6.68392843735273
5046.54 43.8183152386979 15.9262638936387 8.54198660674137
5075.01 9.08498112995995 3.24323288545209 7.32847870203386
5252.78 7.49768592498535 7.1292374680884 7.80073415344305
5323.46 2.6602564291719 3.10345879867973 3.44606957563428
5397.31 3.09349791730619 3.46602961622722 6.64417790340849
5439.68 4.14481230495987 4.41299032563605 8.8231818719496
5471.77 6.15599871881185 6.35708447659342 11.3682011370911
5582.27 5.44570631236275 5.46928575089209 7.21231287391129
5737.36 3.16521527001188 4.61123834409611 12.5541096292518
5972.83 34.6106508394229 18.8303787724841 8.88688177721451
6001.89 8.79449113865578 3.96661984969583 10.3734859721144
6055.17 32.7263776041925 12.0780066610492 9.18010055659124
6150.2 27.3910145391735 8.42937736342521 9.18653095413265
6298.42 22.7152157198783 6.56399967107288 9.93137943317652
6346.13 27.2558122399814 8.55577636942866 9.83258661252967
6642.92 7.66331496361848 9.09254622400658 10.1957717109808
6689.7 3.57903531158578 4.42916765152149 10.835724519271
6717.15 3.31768364388068 4.16172985550955 9.59491968671409
6788.88 3.12925503963865 4.15077651774778 13.0243112091193
7021.25 18.6512764209429 10.4391422062338 10.8150004316558
7077.43 15.1537777714424 6.68504619001634 11.3214584927473
7098.47 37.5132252571816 16.9575691244078 11.9184011066618
7686.6 1.67341350939219 3.67188827374871 10.8803014252344
7700.9 2.37501148091024 5.19010736358499 10.7547004113476
7738.71 2.62494369487232 5.59341807870283 9.3718510024446
7952.52 4.60369025040495 4.48991079446547 15.8467838160677
7984.02 6.07404067138823 5.63782490903365 13.9122987141518
8010.84 6.5523937449737 6.26546591455602 14.8303055283732
8288.76 8.19190010201536 14.0429115524663 14.7736815553726
8678.47 7.21233360195641 10.8763004842132 12.7512814024121
8835.27 9.70437004543543 8.43020723076899 19.9270653415606
8956.8 9.79832705937525 8.1496145452628 15.4690915885585
9001.28 11.0254703140917 9.3751257539556 39.4630865875406
9277.41 6.79330044950291 5.9732462193467 15.0180678994329
9378.61 6.4839209614355 5.07647664754659 24.2665952538355
9434.6 12.1832180844219 9.49454163639301 16.2908429800445
9464.24 5.56402121417737 4.47043789340064 18.5804556119838
9821.4 5.31103842745108 11.3037678260598 17.2682802864056
10225.1 8.73941446020523 16.8544715467132 17.4624889279221
10343.71 4.10163426251825 7.20203495004525 18.0535151341082
11056.17 2.27717248630809 6.00036094586927 23.496863358645
11121.41 3.7170774857112 8.84972367687653 25.7091468242379
11337.31 2.24747915928263 5.287644702505 21.3437557352445
11638.67 1.17240411816898 4.68459669659222 24.5686649163999
11998.15 0.600177583501202 7.0483297931463 3.61242573151685
