4126.43 100 38.9631880627379 8.50054091480979
4283.83 20.9093044976659 7.28971332145101 8.54908303152479
4306.4 10.2620528049229 3.45322852596423 8.99112949593018
4392.9 16.2996494413559 5.21465986413031 17.7358848663016
4586.5 16.2220829301323 6.41441760494053 12.2422469123694
4614.49 8.95697351951148 3.68398294577088 7.47658250187214
4814.47 4.09677311920482 4.78340238375151 8.80650535170753
4977.85 20.7911179217171 5.45933233628339 9.98752215009881
5051.96 51.7727696221823 12.0564471633025 10.3087917653793
5256.41 4.80980955050564 4.2166346009125 9.07473364610269
5403.04 5.13289861913185 4.33758873958195 9.78391861759974
5444.61 5.58617099464604 4.37004482012276 11.5518357583142
5474.93 5.16110294834037 3.87818236715486 12.1858854619149
5746.06 3.19150999193798 4.84205261814269 14.7634608708368
5979.41 20.867678368941 10.5593656520389 11.2667678955231
6061.07 56.3873331365251 19.7954737931254 11.0750290594497
6155.85 17.7937933043215 4.9505562942141 11.7906830534439
6304.43 37.1342984285595 8.19224824200559 12.0452746391929
6365.84 21.6337928391474 4.87992176983944 26.4159729463836
6650.88 6.41529658334357 8.65245202515692 12.8736217323158
6695.88 2.58452618049437 3.35635156312002 13.7578287359293
6795.25 2.62398535826477 3.11173534653172 18.0234092380688
6828.52 2.76515908374967 3.20382664276814 10.2512394268942
7028.19 16.6981261197275 6.6298504643101 14.1265869383451
7105.44 39.5250570118851 13.2370883199946 14.5882376650234
7689.17 1.7867950599944 4.12730834342069 13.4162490467488
7703.31 1.35586451006422 3.14570916756637 3.83544683280707
7709.9 1.34016797022848 3.12771851187016 6.54136060017663
7749.35 1.86232735662794 4.28933176366734 15.1197885738857
7993.34 9.03445802327626 7.51043238630749 16.6501555437062
8015.92 7.78621874551136 6.36719282097561 20.454322390081
8297.41 3.35814065928836 4.16664863902469 20.3513588432306
8687.13 4.18823780357678 7.70180043688581 15.7468035457259
8836.47 7.32409573547721 7.67811860069593 20.7699806595792
9010.08 13.7511992398427 10.4506899507151 38.448756448659
9387.58 14.5462676394248 7.92989995622509 25.2469183036264
9443.94 7.86608604261809 4.24113701878668 23.7003291879992
9830.56 1.99204029955626 4.96649798084599 22.773732101492
10234.8 6.17312573045532 8.01327839180701 30.1013566102411
10356.03 3.945867845379 4.86078690403893 24.6055649339487
11063.55 3.11765947105157 6.78850189932829 25.5978159288479
11127.29 2.41089385646358 4.95625753970649 29.7432294435475
11458.47 0.900050609394738 3.0936470874986 21.2809469262193
11656.51 1.11421653420952 5.50523805696891 30.2666035041821
11707.57 0.557800279001909 3.02738776464887 2.98482708853408
11928.49 0.307279852395734 3.08979131324024 3.53878677534158
