4030.17 13.8456427361225 5.24414755559306 5.85368315013966
4124.62 94.5154055032838 22.7189013014065 7.40771004606086
4197.5 14.6907738491313 3.31195382632801 9.03975569763043
4226.43 16.7391506309614 3.96696257085803 7.14363831597893
4304.44 14.2472948478961 3.21611417825626 11.0212145864498
4368.76 25.3889699914638 5.10900266479148 7.02477120892672
4380.26 27.2032000928392 5.59907877660867 8.53010400466792
4531.38 14.3844972273809 3.67485898263929 5.4756404282989
4584.85 17.2659518944621 4.12915936233434 13.9316622802589
4612.59 28.8305790628538 6.98405660129655 6.42922217066098
4626.93 16.051337013095 3.80661249573008 6.60193686066214
4809.04 11.9198301638763 6.62577572413308 8.82338855178568
4975.49 70.7717797920106 13.04593230014 8.12138711555599
5017.08 31.3131201590204 4.92677056665908 7.73523114521231
5049.45 63.3613258158463 10.0724944843629 8.04638251362394
5254.66 14.837906549303 7.40378191552372 7.84687468874836
5475.2 13.4651996842719 5.2780273406901 11.5470479625574
5585.59 9.37437931586047 4.15201856379254 7.37937006095308
5739.61 6.95469752542897 4.39265374514982 16.227377113365
5778.27 4.63847031846569 3.19288763945276 3.36740627336803
5976.26 100 18.2140022403704 9.17648291820842
6005.61 20.5669779953815 3.09152496591975 10.5693948474118
6057.9 77.6949635588128 9.67107431222437 8.77842666124434
6153.39 83.7847039011638 9.26143783020635 9.24287707812437
6301.49 50.8678145995315 6.39137134035623 10.2724614574217
6349.8 69.2192900298866 10.040407688447 10.9781977424036
6648.33 18.8134043084963 9.02859849145177 11.1633926623153
6795.71 7.286139661806 4.40138417351322 16.4989565438009
6823.96 5.68814942471043 3.50756821458742 10.3520711735673
7025.1 70.2498304163549 12.5629752686402 10.7864922137469
7102.5 94.3580446505143 13.4970742492309 11.7452888075059
7450.93 7.06026988906335 3.76907882279742 10.8583778902384
7689.33 3.00785873319333 3.12409741930088 9.8330541291225
7703.95 3.49946683115556 3.64046213217399 11.8323230028645
7744.51 6.35621071036404 6.51382050442981 12.5159838812797
7959.53 12.9486492413999 5.50374061128013 14.3762563338942
7988.6 12.7077747433293 5.11839004370152 14.3047623935445
8014.44 14.7999061851432 6.00482863477445 16.2417173557687
8294.58 15.6871544604559 11.2878715084839 14.3404303244806
8682.21 20.1920962446176 13.13784703748 13.3868278594909
8837.5 16.4444771998417 5.69817476330292 21.5901126560439
8983.17 31.4213939679093 9.06968480075073 38.6265725208377
9280.9 13.589754134923 3.16110558990758 13.8920183783976
9384.41 21.1806303748937 4.44186853694454 28.0137675533006
9439.71 33.9438403217805 7.20001294808758 16.806255634805
9468.65 20.3737005705046 4.48109594445751 19.190312831739
9828.77 10.6015191490702 8.03571481852785 18.0252197214359
10201.9 8.76268964790867 4.70452981570521 21.660453696144
10232.24 22.173274410364 11.4673507625878 19.5659198169815
10350.33 11.3739982068906 5.45408724188316 19.9945122693389
11062.04 4.42950465756881 4.60552349919089 23.4006637436669
11126.53 9.79458736308181 9.76146377934811 27.0040823578856
11346.12 4.43593893817858 5.33008097789791 20.2317344683197
11647.01 3.14926513885265 5.74753087814214 29.6411633796488
