4126.55 100 21.6844299120769 11.7462167768381
4379.89 12.4375552378819 3.22993909364025 30.4270783209649
4614.49 14.7107414231144 4.32564871850969 9.84544601096877
4810.59 4.95512456614559 4.50921872708436 10.5691759138872
4977.85 38.070456799852 6.10047429892465 12.5451154926459
5051.83 39.3350705610924 5.60196583969856 12.7248930098476
5329.97 4.91258161961553 3.47688673618251 8.01735405094587
5478.22 7.3389478612251 3.51797207716979 15.3542304071925
5748.31 4.11731793151432 3.37051462659578 18.305829412815
5979.55 34.3964875458894 9.66927298802643 13.9989317583959
6060.49 36.6330140708288 7.66113546323944 13.7748263707444
6155.7 27.2695555531074 5.43073445367948 14.2673011201296
6304.13 24.9338184155868 4.37889085797195 15.3956715703025
6351.42 28.9283849978835 5.01376828778955 27.8617422446869
6652.99 8.33228748899395 5.81989503998527 14.6132005968211
7027.11 25.5311081950527 5.55385702287457 18.70128650467
7105.29 40.239056391377 7.42840774563483 18.7886380830932
7743.87 2.34635581413657 3.42238195383409 7.01956702021471
8020.5 8.86431187347503 5.29538887418614 50.1828250481685
8298.57 5.38107729377967 4.99928256051197 25.6390925984997
8684.59 7.38978912046351 8.90995760915663 22.5439323648097
8842.29 7.9786515896961 5.98262584214261 25.7592170618427
9006.11 14.8847836910776 8.58246072100195 64.3893390570083
9394.26 11.3623534116369 3.82313559384874 40.3419487717456
9441.65 13.724472540487 4.83925734468235 45.1216952423638
9831.1 4.49915822784843 6.08379743592672 24.8904871077648
10234.98 10.1155962140203 7.39817275104037 39.35909424899
10349.96 5.49177559570428 3.67025491204992 37.6519147350191
11071.13 2.6713134050673 3.41461785240651 37.6533531837431
11127.86 4.18174405421862 5.0215687264101 39.4978467365108
11664.85 1.79881601486322 4.66030678833074 23.5820218689878
