4124.74 100 14.6693851527814 13.1929830484942
4305.17 12.8257851748574 3.26248748543132 12.2536638779193
4368.26 15.7565208705894 3.61398114023456 23.2375709112493
4477.95 17.5036213048856 4.15156948259388 9.80473722434908
4585.23 13.6207936302743 3.81878303582463 14.3978155485047
4612.97 12.3474216035311 3.64181786040128 11.1189221009645
4812.27 6.65657975482777 4.88766974696978 9.63480914726642
4976.15 46.3670500814344 6.22151903920875 14.3031892689023
5050.24 59.733994529179 7.01992375225464 14.6162737145578
5327.39 5.99349483554616 3.09836193301038 10.9834760416661
5401.68 8.4004698171088 3.74161564465531 11.6244584287297
5745.5 3.90879689695497 3.45834662162029 19.3979670579574
5977.26 32.517655496633 7.90724107606695 15.6328460277309
6058.19 42.3245957719397 8.37045836876904 15.4346314831437
6152.81 26.7509128111584 5.33797964375483 14.9132080579438
6302.67 30.851754200717 5.70336177875855 17.0781832123348
6350.68 27.5344282167391 5.07161450992376 29.0547981739928
6648.93 10.6109753573776 6.72682484024554 16.457927712926
7024.33 24.6159590494483 5.31599273560918 19.7857210254651
7101.42 48.1893674305373 8.78029234019124 23.4570445615927
7452.51 4.29818293865655 3.28760740613408 16.6572625857316
8014.44 9.99945913501464 6.2491578359487 64.9212028921593
8293.08 8.25974070385551 7.20722419674847 26.8282897036006
8681.02 6.83999462941839 5.4534258286201 24.2330617544212
8833.39 10.986213199209 5.67401671360618 30.3900242944965
8989.72 15.2274498517936 7.27121547827204 65.2213568245061
9385.64 15.6008083184008 4.06783359678654 35.8073459021998
9440.95 13.1506556813223 3.56494427186863 49.6199071345345
9825.36 5.08514464593462 7.94175064530514 32.7081792833524
10229.86 9.94761621579566 8.52571084996296 39.7723234996483
10348.68 5.57235779938819 4.25826621699691 37.7008151794853
11060.14 3.44434563911585 3.84462595192828 34.4661145603077
11123.49 4.40466643171467 4.63379827724755 41.0555161548073
11645.65 1.5769616795591 4.25703852560304 36.5868585339122
11998.74 0.521766901847577 4.08605691736494 7.75402344105896
