4029.69 7.58416299275256 6.18955861155979 6.78742067804933
4124.5 100 36.2640986929231 9.34543424103504
4196.77 9.8638311968107 3.11376404556342 8.45284651818383
4226.67 8.99953962530147 3.04308289755619 7.11039811923638
4280.65 10.1442260218272 3.60317734764394 7.46720630557957
4303.82 11.2590323261294 3.89828495120636 10.4539018818396
4368.63 14.1495867503434 4.12822294644335 7.10841903249184
4391.78 14.5779786938002 4.34907158501896 19.881039780902
4583.71 13.6755965699753 4.57946325965699 12.9440037259765
4613.6 15.0967193460908 5.58368435367235 8.29112646911653
4809.43 7.18559530054187 8.55820573388739 7.88781013767857
4975.1 37.9625057127887 7.59193514435111 9.78354331774517
5016.43 18.6021658539717 3.177902881598 8.30772607557083
5049.45 46.5616493672432 8.16263078075161 9.85305539568617
5254.26 4.88772839043726 4.71674989165706 8.77089299522868
5400.99 3.96912414940607 3.44209659752808 8.85389383671281
5440.37 5.82779633508604 4.68272432845505 9.18533991163895
5474.65 7.69239129635019 5.87628334841171 12.4024623523246
5585.59 5.99044131697335 4.94934611226495 7.93886005429431
5644.09 3.36828643500313 3.14251765286222 9.4874876550648
5738.62 4.48095002036674 5.45652272195672 17.4734857536796
5976.83 35.7120253458689 13.3250858235717 11.4820419400776
6057.47 48.0091138944073 13.1574938046254 10.9352725632698
6153.39 28.4885545131111 6.7587173383159 11.5702442279753
6301.64 31.6057001421828 6.69411701513216 11.9139308867807
6348.92 30.7955776505249 6.84349952202233 25.2359143491558
6648.48 9.15368316208525 8.71242014522639 13.630533283731
6693.62 4.16841830308674 3.91707166438185 16.3273625641514
6791 3.48868413533898 3.33060488234012 17.9116739999217
6827 3.08640381002234 3.08619669607922 14.2345606408153
7024.49 25.7597357829293 8.69130942288375 13.7634994212412
7102.5 47.0057908677275 13.0101858681588 15.0950970645899
7450.3 3.08342524024922 3.04247130217395 15.0819442921293
7688.85 2.19683376439093 4.9057799789966 13.8224428766025
7746.45 2.26356918374409 5.12093474610785 10.7943526201143
7987.78 9.10638384820959 7.41233255039069 19.0495718321517
8011.99 8.72004511702237 7.13007631723314 22.1130898220208
8292.09 7.94756354386791 10.5633595820204 19.8685649976233
8682.55 7.85087337597945 10.6737070228286 18.3437040671724
8836.13 10.716473753395 8.36647761015715 24.3402242063366
9005.25 14.3415260760378 8.88452584596149 61.6507599491124
9385.12 13.7405768401938 4.83509869103518 28.7378821749862
9441.12 14.6297698153924 5.33201209432917 23.1550367243981
9827.87 5.0021106515595 9.19700382416926 23.6695055601067
10230.04 10.4597501438483 8.91601893082718 55.6065025374755
10351.62 6.35429103630699 5.26617283296999 26.9985508197606
11061.09 3.0840121245882 4.67048709670514 28.1825284275183
11121.98 4.23203351005001 6.14493681986265 31.8016988771142
11340.76 2.22077179406234 4.01744084051806 24.7826917484545
11645.26 1.82171039473318 5.56763730395496 33.117347429541
11999.72 0.73244373581871 7.48166761668602 11.9308440551231
