4026.85 16.6879143484438 11.0726391187579 6.66126420524643
4196.27 100 33.8495075391898 7.51548055299918
4280.25 20.0314785017225 4.99376973578599 6.30789406971599
4297.16 19.8675765042466 4.72771963011428 5.91777113420449
4339.83 26.6066087543791 5.94171187369162 6.71336237645482
4352.41 14.0719267045949 3.07013422015811 9.5539312759438
4403.76 25.9579554548142 7.08499374239931 6.07341962867213
4458.27 17.4125007544514 6.95399584346617 6.59915193968936
4624.05 36.3652460140136 8.95235960300112 7.50336508200598
4677.38 18.4254202937266 4.59748896413582 9.34151836243473
4847.26 6.21788538720343 4.32174210457592 7.60652616259995
4948.97 19.5470162856035 11.0279828838859 7.01225897432141
5022.08 25.3527033875042 12.688459498927 7.36092299536267
5055.24 6.39212795810158 3.18685280998648 6.13239756595249
5129.33 12.9116942834128 6.06985163528676 6.7764309144186
5251.64 63.018947906245 21.4513254665805 9.23521194378372
5279.55 9.91182274693485 3.40157330519427 11.9474998224114
5467.83 18.1565629456162 12.8223853316728 7.4244928470107
5582.29 15.2948934839484 10.0694275951161 8.12826524482898
5773.06 5.11464951690558 5.35447840993229 7.86619687992334
6002.71 73.5538521958216 22.9756617018987 9.27563116077181
6114.53 71.7767075042275 13.0196925898932 9.31032042238621
6334.71 84.4629631104311 25.3581475581264 10.1508635341106
6567.59 27.866500329741 21.2207575176582 10.1011414249069
6658.7 5.88024272428487 3.42559950938552 8.30255414155999
6792.5 35.2673775207095 19.7111560403191 11.237327286698
7112.34 28.2981671699648 11.49729560645 10.9116543542314
7176.94 72.711100456617 20.1225125050626 12.3344104459638
7598.2 5.32947736593682 4.14794554398787 14.6383609956511
7738.7 47.2906065094031 27.5927662855574 11.9533666116613
7837.23 11.5826330500261 6.20100893844852 11.6165775912577
7922.16 8.80660358048429 5.05871170776394 11.5162910594863
8019.13 9.09706993916567 6.44408798665326 11.6003740993565
8081.78 4.31474740845886 3.68159986582765 10.518811513949
8286.33 13.5430331058764 16.0670153742675 14.0641534549613
8785.35 15.8887459096806 11.3701316049427 14.7653746485976
8819.51 15.1663408474361 9.07986290692129 15.2571671126061
8901.75 21.8771922513138 10.2539280760931 14.2041260021106
9027.65 22.0611669931694 9.65380248458168 14.8343455845461
9133.85 18.5713777051922 9.67119552574567 14.3519173006844
9461.12 38.196491774793 15.4900871754339 16.2171073464997
9856.98 3.33710998608236 3.82642554515296 16.5573503944488
9895.67 5.82219617090579 6.19386714644467 16.661096168109
10095.25 13.7377563609422 11.4214368730267 17.6624906196939
10238.94 14.5734566439519 13.3188911936351 17.8684139069883
10449.36 8.37481890480869 10.7001260204778 15.9019909653034
10515.54 2.22009435684582 3.11556929632162 16.7121125481954
10584.7 1.87448716301179 3.08128569688449 19.567689279882
10922.26 2.71722274765158 10.3983068380515 14.7906552856493
10935.45 1.0050721623068 3.88508641254728 2.28499254719463
11106.96 8.12744062857873 29.0706411700449 18.9848847767498
11332.85 6.24658729436013 16.1233441551243 21.3269607887396
11697.36 2.07721630319197 6.2118874133278 28.2084096236831
