4195.55 100 43.0562275635617 7.12790249884165
4234.69 8.68712917057481 3.18263329964982 8.13116699570946
4340.45 12.5904467107537 7.2848212864157 6.61354430753272
4351.92 10.3105499301203 6.46063935590942 7.17770342021413
4459.27 3.9086426467535 5.38437620808945 5.96487118858386
4624.43 9.4143081038597 6.52145932307378 6.63569826992534
4675.6 6.9495397351173 4.75062672227523 8.27720401618899
4827.04 2.60372064246347 3.18211027962485 4.81867814265661
4846.49 4.09218625742631 5.49056627285743 3.6852409744024
4944.91 5.20415235130724 6.44753873620375 9.31552608452057
5022.74 5.0819254970033 5.92248661943696 4.91986846677628
5251.23 55.0166738752513 35.4308986219347 7.50823233248684
5279.69 6.04758511491368 3.89799907459992 14.288505199971
5468.38 3.57064899205073 5.15794598584807 6.13435414161995
5579.8 1.97057157222757 3.22710033950057 2.64341973497721
5606.98 1.81570569776413 3.11506217274034 1.0747799104829
5687.36 1.4461019119323 3.17725778398726 1.6409211454511
5805.89 1.33345137547415 4.42522548428576 3.54047826061924
5810.83 0.957219051707954 3.14043653817034 2.29377192523316
5823.97 1.22283584418118 3.38642211393479 0.790402054602964
6002.13 67.8309890039374 31.3167996793891 7.73525088224324
6100.08 17.2343825465435 5.36929665257979 8.57232166906215
6114.67 59.2357464344424 19.2502326537959 8.07729040264439
6334.42 38.3341580946007 31.2178142542466 8.65760084585781
6373.7 3.24057733307445 3.30488690073175 9.36567832676337
6551.76 2.18353090688891 3.31882527732409 6.58579367997118
6566.84 19.3359208984324 28.4139867718838 8.05920864472591
6660.5 3.26051959335168 3.09128593170908 7.78505695673721
6763.85 4.87710896439755 3.67679734278372 11.6217362164434
6793.56 24.1316929755417 19.6279229530861 8.34331248966919
7112.19 7.63753896509931 9.66107773375326 9.31904712928372
7177.09 11.0971718364083 12.1997148209971 8.60871255937855
7192.19 8.54714955469342 9.50270299663922 10.3966104054025
7463.47 1.02335953567818 3.03603871215418 1.38975315099833
7739.18 29.8918900959087 32.9052633303267 9.03266575435646
7777.23 3.30115769929497 3.40359208648431 9.79266583921708
7835.77 6.31676179906891 6.49200817333534 8.8133309543673
7891.91 2.88458929261646 3.06111415904718 7.75654930429391
7922.16 2.77858103497434 3.21863761642499 6.62430222934654
8019.46 2.37738546022349 3.87052376947482 9.10917023957973
8081.45 2.36431659541601 5.1480176088066 5.39907007691363
8287 1.35221055359946 4.33474419980191 8.47682529620943
8300.13 1.3115771655304 4.19241967140272 2.45086327776153
8305.12 1.63060733265567 5.22299738206262 5.97650380473169
8566.46 0.704445307917106 3.35802091489033 1.94007402938041
8785.18 4.69755732582349 12.1335343511463 8.69582769503904
8819 1.81682683114023 4.00192711134591 6.01137721013401
8826.52 1.53555223489186 3.26129227935342 2.63911248655495
8903.98 13.5857723444518 25.4693081698665 9.93839266789837
8939.04 1.92164961025144 3.3771079982747 9.35436834171196
9134.2 5.42148795207953 11.7527536086322 10.2948359849452
9460.41 13.1707280767121 26.5661283015793 10.0559910238553
9857.34 2.33024393252996 8.13580447919925 11.7067271357737
9896.21 4.17195558564524 14.4353779740071 10.3577459224034
10219.56 1.3724849313549 4.79601668097287 6.55780865386623
10238.94 2.56469000484705 9.10129432838369 11.8653503630394
10448.8 1.55201575806705 6.62049732954342 12.0271026810187
10513.69 0.800382399798642 3.68356393136697 1.46294929547912
10866.01 0.410674203323164 3.0190277221415 1.20218680109974
10893.28 0.417387562986044 3.08354402166124 1.84868841376374
10926.41 0.56229074190869 4.18549181263707 2.60233098016579
11108.67 1.5175628120001 10.0019925045347 12.6030115736503
11124.24 0.469624260817822 3.02714299291167 2.88851563855496
11130.69 0.548089425178719 3.53221296207813 1.99410839142183
11138.86 0.492288461232299 3.16615374651139 1.23033296368703
11332.09 0.689713368589057 4.53138533400849 2.15894189471874
11530.09 0.427367805964675 3.28550701619537 0.91903822040149
11728.45 0.306059088645708 3.05719237537936 1.37682338088962
11742.27 0.326690232921916 3.33570148490373 1.56296600834503
11763.29 0.290248462895795 3.06245751194649 0.278788349831302
11899.16 0.27857799841182 3.44916973863211 2.0304826048523
11905.62 0.262251701900027 3.26438560759927 0.28847522457545
11971.48 0.293063167887698 3.8606813590155 0.904436291113598
11981.89 0.268633972693513 3.57165202389361 0.627792000868794
