4026.37 9.71020839045037 5.57446491719961 6.86271255121937
4195.18 100 27.3450527680013 8.26201510382361
4280.62 13.9578509230918 3.36786479544755 7.39086529891392
4339.46 19.7834057089684 5.1194768328634 6.69847458727418
4402.4 13.0582342669607 4.38012799123561 6.78554839377102
4457.4 11.4537177082731 5.42325902246714 6.58372656151369
4634.59 31.9278419036035 7.04517373361428 10.8125832037076
4677 26.3906755019545 6.14380240789403 9.19063718307643
4845.32 6.37937179668782 4.14539264100328 3.86493355668972
4948.45 17.4221856945733 10.3114806057287 8.43948501924024
5022.6 16.9190309783378 8.98339057915651 8.0611921530608
5128.8 10.5999946384325 5.15436211445186 7.61159781759397
5251.5 50.3632292741324 18.1111132688747 10.2189994391165
5281.72 8.55986941030293 3.13054620882534 11.5933596539307
5467.97 13.8058648888523 10.294773390647 8.96517716955259
5581.74 10.4510327676425 7.98212647201523 9.92468277343505
5770.24 3.10595734391698 3.95013822471518 5.65404800137549
5812.67 2.12473990056511 3.04342808899815 2.55975093133384
6001.56 57.7221910904093 17.9873693743064 10.2365210544294
6113.37 60.7363370764188 12.125779619142 10.0959619426185
6333.83 64.557041126874 23.2721522507081 10.93646502302
6566.99 24.1968782829091 18.5567288390564 10.5171539496359
6790.98 33.5338963415348 16.3701513318646 11.7417617578039
7112.03 18.3385153358102 6.34247499178605 11.502662929588
7192.04 51.3102009894249 14.735609140765 27.3315300552476
7597.72 3.95956096361341 3.95202194130958 8.34744311226132
7737.89 40.3872598776406 24.3215102183677 12.6627008788546
7833.83 9.44877338996039 5.36298318795299 11.7003909524137
7920.7 7.82670609994346 5.04603004032564 10.4318601128361
8017.99 6.94844618547735 5.83914955530707 11.8192171846795
8082.76 3.93976470990635 4.02100619486001 10.563005908758
8288.16 7.809778330987 9.75565298766772 13.9190152789306
8306.78 5.43664874217342 6.72628229302329 15.361706625923
8783.99 12.8836423863293 10.4287688616847 14.7831171293983
8817.63 10.6959538391322 7.3697915391734 15.4957431972962
8901.92 17.7431182665603 9.74075939360568 15.0495674259273
9027.48 13.6771532358754 7.09176007996015 14.3328280381338
9133.85 13.0757791302493 8.1219944521031 13.6690250012362
9459.53 26.5021558574436 14.8814434756863 15.5936396188772
9857.52 3.13209744796609 4.52777234534374 13.9220049193354
9896.03 5.17475611138986 6.64112123610812 15.5087792341474
10092.34 12.9412744432226 11.3050498053718 16.2952890309534
10239.31 10.8490784612009 9.66284439885412 17.0474630739755
10448.8 6.77938156254278 8.10441585554638 16.5719191093085
10580.99 3.12727343538646 4.92548960569337 12.6207453913557
10921.7 1.81623300763004 5.53316646839577 17.0448133714162
11106.77 6.60493198817978 18.9209734449255 18.7134436868382
11328.83 4.80315981845096 12.5472601208743 19.9055784233442
11693.67 1.39969527866849 5.51888507590522 13.8342901577471
11715.62 0.827885434890226 3.42239787378641 4.37245475324016
11882.92 0.54974865307428 3.86826542607499 2.04602546376555
11925.01 0.400286955636157 3.17185553136084 0.288793337196694
