4026.49 5.1031867169284 5.41031191036976 6.75989907186658
4195.3 92.592461098988 30.2382161819607 7.62860195256326
4279.76 16.5551616043177 4.53875239758685 6.36628432059388
4339.95 21.0592770321758 6.99671401637308 6.96211505810879
4402.15 6.02130205282383 3.00189724817733 6.85908357873905
4457.27 10.4662365183107 8.20415685900847 5.89835743934691
4630.4 24.4155591970891 5.84539415334784 17.0173174369211
4673.43 23.2122828272869 5.68760662589544 9.49180752366829
4847.26 4.21223133132513 5.5577069196761 4.28912690892503
4949.63 8.03767089417888 9.16167835418522 7.69066681002823
5021.55 13.7569987608121 12.0103018001228 7.48418545631921
5056.17 3.77816049955521 3.10762604219591 6.37357540326957
5129.86 7.77427420780337 5.17771068114102 8.02661672938393
5250.97 65.0057976079845 26.475995406935 8.67617137868365
5279.28 9.74681837878361 3.94103971386882 13.8486411020731
5466.59 9.5831097933221 10.8205143942281 7.90019054711138
5579.8 7.13047814602932 9.55672300554151 7.6994031832337
5600.04 2.30361460223415 3.11081550132237 5.10127080244365
5769.96 1.58406687529351 3.61255393365554 6.28561972414718
5809 2.15990648286255 5.80520814889464 6.8545189578208
6001.7 65.0544163351025 23.9075341307328 9.17021273145201
6114.09 61.3521102788265 13.4484757782454 9.44660589772411
6215.5 17.5076791940337 4.12163666656571 8.67800984002497
6334.12 100 37.2671149864437 10.2606438248977
6568.34 34.6846256369585 27.5332935664201 9.94095991591894
6792.35 47.6609682529233 29.0810913480858 10.3670933440262
7113.43 16.5089582321423 8.08311097510544 11.1100427138363
7176.47 40.16633957541 15.250613291701 10.9171794047952
7191.41 38.2285590681162 14.6354881695348 12.3751136318097
7597.4 3.71875775004747 3.89728557793168 10.7985731744084
7738.54 65.717170673085 32.9371694109314 11.3482363755675
7837.55 14.5168243088214 6.91785752068445 11.3548501156838
8020.28 9.63354421468818 7.8087795729226 11.2786519457759
8082.11 5.03630330409941 5.4270517248822 12.6208835003381
8287.99 5.46490530440917 9.9370286089711 12.1756019861023
8306.28 4.08846955526207 7.48044588710732 13.9975701856765
8423.27 1.55504792324657 3.45045136303213 4.67828105297849
8464 1.46353469507235 3.66293916973338 9.226919727922
8571.69 1.10311160274633 3.67169662021978 3.88734960181318
8577.09 1.0721370787854 3.62445619336559 3.63785259473843
8785.52 18.8082827163854 18.7965475778156 13.1345388337413
8817.98 9.80491043425078 8.1089576530395 14.6496980338597
8903.12 24.3318149721698 15.8625374222578 12.6006832323401
9027.65 7.55740080804551 4.72975637045942 13.0442719168168
9134.2 14.1834295495727 11.7938734507938 13.3959344821415
9460.59 25.8471299238637 17.532039406686 14.8897519772854
9857.52 2.54513535287751 5.98123681600397 15.6682976561551
9897.11 5.10916790467452 10.1632892597246 15.1613429133322
10097.8 8.73405369321506 9.66622511959829 16.5942001629082
10239.67 11.3207130399793 11.7675084507385 16.1761941070472
10449.36 6.55532925336235 9.99563261614781 15.6896462678142
10922.83 1.0216469193069 5.86926491490726 11.2652547016933
11108.48 6.21945387110367 25.6716372227883 17.4744955582592
11334 4.05206711013592 14.2874980884968 17.4049313817304
11706.3 0.84836427415216 5.5630155487263 14.7311221273412
11887.62 0.319711079590344 3.37767611780276 1.31760008015954
11899.95 0.298602284970471 3.21793116987839 1.4803283849451
11931.87 0.318019690073352 3.61808712630004 1.39018965710784
