4027.68 10.1974858121121 3.54738380683035 6.28472076011394
4195.67 100 23.3408598888095 8.25282342097489
4339.21 15.2783529458447 3.6553507864238 7.47597146144835
4351.92 15.302309753391 3.74400085851049 7.02898515256311
4403.39 10.8086841285636 3.29717783503357 5.58406227950309
4459.52 12.6628697494815 5.35887408743105 6.62919164950381
4625.44 23.3102983670877 7.81538930865727 7.84533151557298
4675.34 10.7463518095406 3.52017353439869 4.83799017740785
4947.8 17.5535868284472 8.26485024096537 8.08489117807585
5021.94 14.8778100105058 7.01344379858726 5.86726541251119
5129.46 8.24922321721723 3.77943178637329 5.51004140328678
5252.04 52.6912748847235 16.1715533611034 9.39916383330547
5278.34 11.8638626946446 3.53280701721189 10.3446015984546
5467.69 13.548358960556 6.7118364179735 6.06325104027019
5580.9 9.90455558706534 5.15059642105908 8.9619429732802
5771.51 4.42082344841857 3.14390776240982 2.28086638826971
5831.6 4.44629547583171 3.1236593738616 5.63182682242677
6002.71 66.986404781003 16.0177938255401 9.4265044182157
6114.96 69.2905630685664 10.7920535114922 10.0557513655322
6334.56 84.4149796928245 23.4403362962306 10.5164931712452
6569.38 31.0719697212452 16.6204707882605 10.946245923863
6792.35 45.6015613597216 16.4276881381525 10.5558941219151
7111.72 18.4946131702424 5.06218847814241 11.1457231295562
7177.56 47.8554512067496 9.94032305826097 11.1010166045626
7192.66 65.4121744583891 13.8794365601549 12.3085067931634
7599.15 5.4888046757345 4.22101353864098 5.8570827300764
7738.7 39.8257643153971 19.7019292666927 11.7642888166256
7836.9 12.6798863487144 5.83475896784801 10.3701090444847
8022.57 7.91210695081899 4.90404613188888 11.605145408279
8080.96 5.29727595387677 3.78032103601143 9.75502193601733
8286.5 9.95350594557233 9.26473548859926 10.2764570344862
8305.95 6.36757041776407 5.95135886234205 10.4176023820255
8318.6 3.63049051991309 3.34224347314074 4.04328326873656
8786.89 11.3635094098218 8.13583135831773 13.0856284914098
8819.86 11.6477235377213 7.21288734377299 16.7713331449486
8904.15 17.1076007230782 8.49415934277283 12.2877002542937
9025.23 14.6479442807758 6.58806812263578 13.7034301725525
9135.06 15.0282773721426 7.61254712527834 13.5669272516334
9461.47 32.1315815615756 13.4821960303474 16.2439955597674
9854.64 2.87906868328535 3.04029158313639 14.1752195134886
9896.21 5.70706405318009 5.4879945091846 10.0198985569277
10095.8 17.5032566558396 11.828476464374 16.9843521606581
10240.4 10.4526041078792 7.42777763443434 15.6703549433623
10450.1 7.30794030717124 7.20957196816909 14.255756143617
10579.69 2.86402702553145 3.44335421505387 10.2338511740236
10920 2.17471517516655 3.96330605243631 3.10856462693118
11107.91 7.10535016166863 12.5639044078545 19.2153277618563
11134.87 1.87180517302221 3.21441636467465 9.31304537518372
11333.43 5.18493514119087 8.89108008839822 17.4718847195782
11681.83 1.3446616722353 3.07507608073504 1.43523123803971
11689.79 1.48510798793532 3.48649056532723 2.51774558915713
11698.91 1.96618017186382 4.78359074992185 5.12503632532389
11776.34 1.02086278756463 3.05684541553471 0.668424007431895
11887.81 0.89640919854781 3.71428216353865 1.3238891614219
11921.48 0.673645099678741 3.05112856862272 1.65981866761285
11931.08 0.673818137194634 3.14194726365726 1.91374740598985
11988.37 0.847834332295835 4.79767111410034 1.41767170676758
