4026.25 5.09336489460996 4.76110665054254 4.03842914878533
4194.33 100 35.0127294788155 7.30603192583021
4278.54 10.2574727981664 3.143631497152 5.87491246566424
4338.84 15.1499258736172 5.36418503577644 6.78398429606477
4349.94 13.0080543936491 4.76511296479658 7.54355733857119
4403.76 7.64520862476527 3.59216184917391 5.71256471765537
4457.9 7.59830423028297 4.87815654751823 6.16201772553813
4461.64 4.82509166500457 3.14835350686305 1.5508625089351
4622.78 14.886211908602 8.25325223327081 7.89340802522929
4674.7 5.90017460034365 3.29820055674357 6.64296702658066
4846.61 4.36040729413434 4.44446100314079 5.0811620985769
4946.09 9.2534330647725 8.24310793357965 8.99403970357616
5021.15 12.1835754350585 9.86947494222742 6.71850392079887
5053.65 3.73655420691924 3.02360821763404 4.64320544168186
5128.13 6.92307197908767 4.74276509781554 6.44064424189673
5250.56 63.4883293348408 27.9694665361074 8.51908824123439
5280.5 8.82412569812723 3.88260293357322 14.3904191941174
5466.05 8.62825745322156 7.32273248048278 7.11657677125004
5580.21 6.16966783382688 5.64924752108983 6.33253855923158
5769.26 2.58168401526037 4.1669546729752 2.03187116072968
5777.14 2.12352082765364 3.53273521183999 1.35783170209743
5806.6 2.45471073203957 4.65378942296291 7.73373347791585
6000.56 72.837606137437 30.4427766737075 9.02032495384628
6099.36 18.5650264542161 4.90488480217192 9.37262131481839
6113.52 58.3563538608045 15.7039291143425 9.11084990002018
6214.48 9.95236493676344 3.04012430953491 8.27347844061387
6333.39 57.7269184293206 30.3238196277475 9.71396037649356
6565.95 24.0765487505383 24.9615121683867 9.28479472200979
6791.13 28.6985283170613 23.5221864262832 10.410833353887
7112.34 14.0633559589794 10.309775183324 9.62515924752006
7175.85 27.8248145994167 15.8275954202994 10.2318279302681
7190.95 28.6709188844227 16.3771707936486 11.9488096069235
7596.6 2.47187157523573 3.60094635773126 6.37064062922764
7737.89 34.8168108535678 29.5795866997441 11.2103446902101
7835.28 9.05461681618638 7.16534768017768 9.28211474778982
7890.61 4.5759249699706 3.71737560148573 8.0358336311856
7921.84 3.60395736706591 3.10720823333722 10.4991832541382
8017 5.34384908012707 6.058975296922 10.0187382557488
8081.12 3.54038911204859 4.83331507433598 9.45960773540264
8286.17 4.19634520871553 8.40007809827918 11.2114875572424
8303.46 3.46807740061799 7.09247048818254 12.702907949164
8321.59 1.70964031310345 3.5071949642658 4.44808745398041
8573.88 0.918840129424841 3.24294702242949 2.80894933248965
8784.67 10.0301282450677 13.2154057406357 12.0135688317332
8816.61 5.97334618392686 6.73723272623725 12.2017587882565
8900.72 14.5526758085291 13.1336437569071 11.4542942156259
9024.71 7.72936611758733 6.4849528418646 11.4404098281339
9133.5 9.69890911873265 10.1367553190439 11.8761169270274
9457.23 19.8638796505175 20.1871976477149 12.5292796042304
9856.08 3.49926795524667 7.54353899374785 12.637936641022
9893.15 4.66775085925869 9.54073750483038 12.0775403426796
10096.71 6.87738486347394 10.9734252018328 13.9994701438118
10235.83 7.93427462429046 12.7544014468967 13.5590565780767
10447.33 5.06121264639293 10.663330530908 11.6627268024858
10918.31 1.21872185126614 5.21557665642622 5.4876027713326
10926.59 0.773410137347341 3.3120548542328 3.35407343481165
11105.06 4.50871232652718 17.6436683790978 15.0691949939301
11131.64 0.82877853618472 3.1225109721391 3.04841665697313
11329.6 2.74839875790666 9.82795693156369 15.3263217336062
11681.83 0.705796237785063 3.56104331757503 2.64519615147947
11700.66 1.0482325312248 5.52404096715733 8.12785734497083
11718.15 0.584703163630274 3.18011603117486 1.37416441668211
11771.08 0.547871888917282 3.37356905097474 1.45033806784886
11870.6 0.451810158608662 3.44701848807174 1.26145890174485
11890.36 0.393624394829958 3.10958163727367 0.734003608726198
11901.51 0.446828228594977 3.60463953031744 0.926918830848081
11920.31 0.36698532376325 3.06575820864833 0.707626316609094
