4026.73 11.2080892884129 3.31482602017308 8.87138573028096
4195.55 66.4469848997287 13.6873457005227 7.89256178565574
4211.09 100 18.6037562472151 8.40998917822526
4282.45 64.8848736854919 10.5728825377414 8.28797041932376
4368.34 25.4206646444248 5.10013460154076 6.6891961145966
4420.65 16.2987593299055 4.34519854391722 6.47482055185264
4456.65 13.6573933887097 4.95714832945843 6.71277575559907
4587.68 27.1640062699662 6.6446890001412 7.75246612473529
4634.08 43.5968446791689 7.15713049952924 10.2301555341664
4675.47 39.9632974709081 6.54358347854965 9.05660091594564
4945.83 13.5035234588734 5.22942275858475 8.14054422793834
4978.63 10.891022904581 3.37096632389284 6.68847964501492
5055.24 90.4478240900389 21.432318794695 8.79083253688168
5075.64 43.9234711296986 9.81685940399799 9.24275198227497
5250.97 45.102756042033 8.77654577941326 9.51890774039384
5282.26 62.9670714663419 12.6407766121919 10.0027953882327
5614.48 18.4395183986884 7.04323999200155 11.0588335556577
5764.19 5.67642071114123 4.66073046293762 7.65779213882979
5837.4 3.33020434510802 3.17710061550721 5.6363253240188
5929.11 44.4966094024694 18.4734748375849 9.74809143459879
6001.27 41.6244618527158 8.72059639618954 9.90680391049773
6114.24 42.855813683652 5.43826789928445 9.75701562131508
6142.74 66.4916851780856 8.45227686681404 10.5854515523051
6157.96 69.6945065207992 8.83907015365695 11.719364677755
6237.51 20.7744268889665 3.07721115045442 9.80005376482859
6274.32 48.1916351277456 8.61365512694752 10.5582340548444
6335.15 41.1459497814584 10.4011964370793 11.3364703379848
6535.81 6.33006231021733 3.79794810536463 7.17056923978271
6568.93 46.4190410379306 26.5020213042988 11.6294142724737
6724.39 11.873637833864 4.2456718177798 11.4133801187181
6757.95 10.9001656498109 3.73944153269062 14.5063177430857
6789.16 8.47782598654906 3.10379675992736 18.3646475936148
6808.89 8.35888940514586 3.21406497642464 13.6511591076815
7106.61 38.0796364670544 3.69807457511108 14.3883447034668
7148.49 45.3017168319968 3.84004997581946 13.7862188393065
7176.31 52.4034581988837 4.10518584797329 12.8675535402299
7249.3 34.5001859211869 3.22008174795185 13.4543355885789
7268.38 36.0011435381336 3.57947583544142 12.893561040587
7503.28 8.16160672768344 3.4358036819201 13.8952520908042
7598.36 41.2301041581419 18.9998336663717 12.8987317368947
7738.05 15.3868511866962 6.32747512814589 12.8208978563298
7816.99 19.450661252962 7.11051528566585 14.628405463387
8021.1 11.3116136708564 4.44124598607784 13.0158519680836
8285.33 11.6233261103643 7.46810036395294 13.6148673686839
8424.27 7.21373706169851 6.32578830986029 11.0821156478978
8521.47 4.65236460417403 4.84606947392116 15.483899525223
8704.46 8.46263231330305 4.01713621476986 12.6320112151479
8816.78 21.3750993007558 5.13628838818513 17.1053179465689
9059.99 24.2279216935616 3.7310833072198 17.2226507256073
9132.46 17.9456413841237 3.02089007323765 18.1662457485509
9386.24 28.4497004553085 6.13002447772693 16.2340666975051
9459.88 22.8027534330014 5.05324296965552 35.4876123786653
9909.18 6.91881006469638 4.46598096735646 29.2717631641917
10094.71 6.43679413654784 3.07148072101032 17.8553892331984
10152.58 8.52217456351802 3.89729730419247 17.9541101307022
10210.06 6.64442364016085 3.12483095042843 21.9672178968249
10237.66 6.79544297788249 3.30633933422511 20.7141184176253
10575.23 4.81410698438663 4.47190404859455 19.4473457599379
10873.91 3.17978342606592 4.15759658951857 20.8013721904808
11112.85 3.93138336305296 4.37364172020563 38.1451293240843
11688.43 3.67438286470334 3.88861836921106 28.0165130809164
