4197.61 42.0296923151996 9.52931701325187 8.49253431391753
4212.54 76.5933363850488 15.8099872479603 8.36436533311735
4284.78 100 18.1675692062393 8.28744229350468
4369.45 15.3438756317369 3.28314915748718 6.8656078995391
4457.4 13.2812583575471 5.52693645900665 6.93372761565479
4589.96 18.6367396242242 5.08697598455464 8.45908553331537
4634.97 35.819904967439 6.8230085363012 9.27920153211835
4677 39.9304667799679 7.44347160159535 8.55782966042625
4842.46 8.6358039256675 3.72765271655385 9.19513803172322
4856.09 9.86484324592621 4.46065379970993 7.86423542268585
4947.8 9.94431131826098 4.07144934976363 8.67374311886579
4979.94 12.4265430607498 4.35880932582209 6.46661137649062
5057.49 64.1774953160915 18.0743832314305 9.32673237508425
5078.02 58.475295063271 15.9319690075909 9.65696146156097
5254.74 21.2376748531917 5.98886919739394 10.741926880577
5284.01 37.8131052583191 11.1690512589369 9.73285818818749
5616.7 31.5721413528089 15.4081590164558 10.0851342377655
5767.71 4.76384090399115 4.12745653572722 11.1427698213502
5838.95 3.45793143851648 3.16606420071767 7.97881439833145
5931.96 64.6764996989208 32.856046371629 9.79484246429274
6003.71 29.0392313863361 8.83089311309281 10.0308214205988
6116.7 26.1845695514297 4.77283064622381 10.4974628628488
6145.2 42.809799202937 7.40487977482164 10.8149002964137
6159.84 48.4199168777867 8.14214289109031 11.886779371006
6239.26 40.4038962943581 7.1574967476828 10.3493493686756
6275.63 33.0276516582692 6.26408818461243 11.2496442470065
6336.91 24.3476931493207 6.10978679230242 12.8478710484251
6572.22 62.2117253236283 29.7177855244681 11.4066495843599
6725.29 9.11904213058218 3.38557412400955 12.2311367601897
6812.69 11.039928818963 4.43215256063096 11.7270951427063
7108.62 46.8178212475039 7.97409414494498 12.3996220902918
7152.06 22.9569228136479 3.12994443713955 24.118012152594
7251.17 21.2643413590671 3.17186784704831 13.3769291453309
7504.87 17.4513668575124 5.96145546317893 16.3487206067339
7601.23 27.9456995376076 9.97861031988536 12.9548660919718
7741.76 11.0325380612085 4.75308850124875 12.8881086551664
7837.07 15.360050813224 7.13808696820898 16.6358177734519
8023.39 6.99206681789402 3.91743952352023 13.3068084920142
8052.89 6.89320533271013 4.0877726367078 12.4134277361718
8087.69 5.65710217172674 3.56967813298882 14.8927586801674
8287.83 3.98341896843151 3.8567241073732 14.995470459191
8358.93 2.92187849209939 3.11342657513108 10.9554094425293
8426.28 2.74047988076047 3.1927797476904 11.5211375537456
8708.37 11.9580123091078 7.50421092867701 13.673003103695
8796.62 12.2333703681403 4.98955860172899 15.9901939817701
9011.42 16.7068636756936 4.31084005216271 17.3551124733476
9063.62 11.6196157655775 3.16565192426578 17.1520550872101
9134.02 15.0860054107859 4.66028726439931 17.8672349732078
9392.04 13.8925261435084 5.44962644847372 16.1461816551164
9465.88 9.01382866599831 3.74424654780434 34.1187406632926
9913.69 8.78166433131474 7.69663718934264 23.0339553962967
10156.23 8.91693395800742 6.69574276604076 18.0121103442325
10217.91 3.92603208415788 3.01822360217735 46.0050102198275
10579.13 2.6321014501333 4.10807981247444 19.9766809905068
10878.61 4.74153871748883 8.12622478269842 19.381001533282
10964.86 1.89478196435219 3.10274370460715 18.1669381778338
11398.43 5.56554251503421 5.30403998932033 25.4729096631454
11691.92 2.74719860709646 4.06747829415837 27.5381401058203
11835.24 1.58210805437085 3.65450638096512 17.8635054960141
