4196.64 70.5321784374688 11.4731018998006 8.3710341841479
4212.54 100 14.8045713234696 8.65075252802308
4284.05 77.0817416269384 10.8154683579975 8.20058192274792
4370.07 19.3384837122099 3.61583585885367 6.80555758710307
4423.39 14.0399284671429 3.62445142012062 5.25161075474534
4458.89 14.8283041069579 5.13588320237741 5.94344170226395
4493.03 6.39443872283687 3.21043037178356 3.92949414651412
4589.2 26.7907906177209 5.35933666841891 6.85185998766519
4634.21 41.9788825375244 5.77954721468421 10.6453976931725
4677.13 46.9686012347411 6.4090190678287 8.550560968637
4947.8 14.4075935555532 4.12518837376511 7.00239197448627
5057.23 89.8887220478278 19.0817341048857 9.36681874858641
5077.89 42.3497162755958 8.74971018587681 10.0074173909316
5254.33 36.6055854275379 8.29975798445256 9.35128615786289
5283.74 47.0806324417971 10.7622339414922 9.81391066623837
5615.04 27.6158062934147 9.40048386751879 10.930122373311
5768.13 7.35282761745736 4.33983323965671 4.47980867936894
5774.6 5.01648298248146 3.00365101142624 2.95515314732347
5931.25 51.0803220371387 18.3853359987804 9.96828119067231
6003.56 43.2388572316357 8.83459835646819 10.990429286634
6116.12 40.8197706906441 5.09099296652442 10.0954022754113
6158.97 57.4909901882698 6.80144371569777 12.315574053946
6239.11 36.0046722892857 4.63129393003154 11.068868934899
6277.1 44.4643216719739 6.35120215104997 10.7396783876948
6336.62 42.0019070981118 7.71546732619555 11.6094336908036
6571.77 56.5536696186752 21.9638741198798 12.0974036289563
6724.69 12.7191381265791 3.51575454742021 10.315036646638
6795.38 11.9643546774005 3.35645035356963 9.41569249049189
6810.56 11.8779903806435 3.41121326798566 11.5544484576585
7108.32 45.3824812664638 6.51041354705065 12.8131300861041
7149.58 32.7916011950614 3.62258405781607 14.4065318619632
7178.96 38.6941870926352 3.75238659699919 28.7364408236681
7252.58 29.4727189899933 3.04116842822373 14.4503521045199
7504.71 15.4113913611627 3.2554835450465 16.9772231631296
7601.87 42.4611534805145 9.23427131864341 14.2567360339781
7742.24 17.1452088669427 4.40180494524399 13.7484967962828
7818.29 18.0780659394207 5.07845485209654 13.5931264727242
8021.75 11.5027200526288 4.24044159420506 13.087396937075
8288.66 5.7007527148192 3.31310863849216 8.9270192321892
8426.12 5.68817440707379 3.96426590751147 10.898074212113
8525.17 4.54835145962543 3.43250070618299 12.8053946764412
8709.56 8.63827144428264 4.17871420343228 13.5093545760792
8796.79 11.181229023326 3.42359575834565 19.1155037096323
8820.03 14.8970357183533 4.11813976531931 17.5176949346387
9064.31 17.3901364573822 3.17796498705973 18.952183367579
9134.02 17.2064662193631 3.34990817813375 19.7648104955679
9391.69 22.1525106983744 5.06761783735052 16.3011758503235
9464.29 17.6044662791077 4.18247963749974 30.9729810870558
9910.81 7.92795098348825 4.85920634258077 24.1878183796198
10155.68 5.64383201988992 3.21682520263998 13.1988067561761
10583.22 4.08214429721122 3.71883111925494 15.0623632275638
10878.98 4.26222101798493 4.13891847371092 9.91714159951516
11396.32 4.81304056117399 3.6460725921067 21.0615342939709
11705.71 3.27040392146316 3.84325506383127 25.0300599677539
