4196.64 65.278596557248 12.9078189397275 7.95432297525349
4211.57 100 18.5830900901912 8.74159611525647
4283.68 62.1229664250797 10.3792798244624 7.96621443902404
4368.71 30.290342627662 5.88418117714829 5.86487371769817
4421.77 20.1216774612753 5.18665806179361 6.23610508949332
4458.27 12.8067272718595 4.37599381871784 5.16487363562283
4589.58 30.4359565315852 4.66765997621303 8.1237801520565
4632.43 49.7150693520313 5.17202108451339 11.3163490364213
4676.49 46.016521787978 4.80233082620862 10.0242141797571
4945.83 15.3156942705775 5.15294734573055 9.0870321677221
5056.3 95.0155971009297 22.283127916866 9.02418827732436
5076.3 39.6798089180166 8.93277597711716 10.2687657045162
5252.58 45.06151977949 8.52963846078669 10.0776151352829
5282.26 62.3838014865287 11.9299628401993 10.2363421004102
5613.51 15.6537993399869 4.79190416004642 11.9527580782642
5764.05 6.61169968881526 4.21503374701294 8.60119128194947
5838.11 4.7768339060407 3.49588452998071 3.640834242442
5930.25 41.4687910098283 14.7460998555298 10.090754156854
6001.99 43.995347497119 8.3660399111174 9.82122034986423
6114.82 41.2765986457146 4.87437016491142 9.8422680652875
6143.03 66.0033869628487 7.82189973264525 10.6551630112999
6158.1 68.3042357429896 8.07944453944923 11.6571179438633
6274.17 47.8383816804723 7.89864169092102 10.9595876869907
6335.44 42.4590749546133 9.50199152725139 11.3089625417424
6541.32 6.76109788114709 3.1189310275832 10.5004160288927
6570.88 45.5367970939704 20.2391333949603 12.4399809460692
6726.05 13.5301027515761 4.17879357096838 11.3445668769455
6757.04 14.6856342892237 4.39066552192345 13.4362884708917
6790.22 11.36061239804 3.67281589510058 15.3401020438469
6809.5 9.89802420350623 3.36173983866523 12.3793483303252
7108.01 37.9731522603337 3.0622487158386 15.1671668659001
7148.8 55.8575012131232 3.92558108180471 13.5843865913403
7176.94 69.2337000888954 4.46682350330552 27.0215146308319
7269.01 45.2763283610977 3.71184162809214 12.4625673236669
7599.15 41.7507153115923 18.3464939543306 13.3715261658481
7738.37 13.830488849235 4.98999442428165 12.1686240389026
7817.96 19.7097051157187 6.15594780813316 13.3040070256766
8021.75 11.6317064158835 3.58004876810626 11.8548425061945
8288.49 12.4576662895313 6.95786001677841 11.3704288123699
8425.78 8.17383657585733 6.43235302954557 11.5328448400232
8521.47 6.22458073822451 5.77914429395378 11.7610510291233
8705.82 8.02552748309777 3.95017542721493 11.3811630290202
8819.51 20.9228707688871 5.28416334014463 17.1227625006686
8957.8 19.4234650480444 3.15560874746607 14.3953305849627
9061.2 27.7087363560324 4.35142602943913 18.1520956991953
9133.15 19.0646695415489 3.13192664044317 17.0041745493781
9387.29 33.0679488842209 6.68208825965769 16.1379364004661
9462 23.6760998570475 4.97202506160336 35.4949841205271
9909.18 6.22805192121865 4.07968685838989 33.1868326279855
10093.44 6.34025523555965 3.37521764106848 16.309700189302
10153.86 6.93977841261726 3.5632276787923 13.7080415815308
10209.87 6.71744043609464 3.58105439762973 20.3815544074296
10240.77 6.2312846723361 3.4045912449827 23.4420779423581
10578.2 5.01805379039312 4.16967726003958 20.9333395960912
10874.66 3.29072377912524 3.42734041761519 12.9080230261534
11119.68 3.51857594413092 3.35945820577397 36.1576259674639
11389.6 4.42456128119588 3.26362176310482 19.9224951850938
11690.17 4.15135591894991 4.77624515756681 27.1085761966187
