4195.42 52.6093492509887 8.51302780781245 7.99091778930051
4211.57 98.7684743642815 14.6713717245162 8.14300030094091
4283.56 99.3847369774962 13.728680936166 7.97649100539184
4368.59 25.4066103783251 4.10390707875243 6.97970383819393
4394.96 17.2401985155616 3.08364584548062 6.62623951759451
4419.91 18.2827119513055 3.73851988684934 6.89998737786482
4456.4 20.2607153592941 5.7196050772485 7.02642761471907
4588.95 23.3059621707701 5.29345454253923 7.87142180020783
4634.08 42.641708689945 6.70037452193073 8.90333727989037
4677 37.7691635235888 5.88980813991536 9.23135070966964
4838.96 10.2351438169671 3.28417389685976 5.90015875701829
4855.7 10.9679915212954 3.71828140659494 8.47692081888363
4947.01 13.7699057935955 3.94712207881873 8.40054076338311
4978.89 14.837287128481 3.63100818526816 5.99930776755264
5056.43 100 19.9573463316506 9.00047742992956
5076.17 66.2717447798092 12.7474733283017 9.51006635307931
5251.64 35.847983252384 6.46194036703936 10.1848208212896
5281.85 60.1641829047092 11.1226699226698 9.78973764428883
5615.04 45.7798453307757 13.2900614234789 9.90480280944212
5766.44 8.39184623534677 4.25806707748378 11.7838315162498
5930.4 81.0730662764326 26.8335808148746 9.72473288445053
6001.99 33.0081501732464 6.46177414751235 9.29674037194764
6114.09 35.0392231625234 4.08073599638539 9.4334540605505
6143.46 69.6642323520032 7.72100944775677 11.2329716858276
6157.67 73.3805239667789 7.89982126089363 11.9512027820647
6237.51 51.9919010200265 5.81298245919186 10.1940267167693
6273.29 57.0029006401936 6.82229099714868 11.2817139047011
6334.42 36.7334737379055 5.74036698044478 11.5778303872939
6571.03 75.9200212056772 26.3960342031232 11.5226953273213
6725.75 15.1824995238503 3.46578433267927 10.200619431972
6811.02 17.4640464156956 3.83056109771954 12.9575055860405
7106.46 66.340396315374 5.29930459457114 13.1629518355485
7148.33 46.5396462317326 3.11292278560519 15.8144893484978
7175.69 52.6547354110845 3.2302561046504 28.6651946544989
7269.32 46.5612683833798 3.4763531936473 13.4631069553225
7501.37 24.3497663814447 4.34866792110323 16.8548172855062
7597.56 49.3692057003345 9.68225419925512 12.9474601455577
7738.86 12.8627903088688 3.0890701760986 13.0264667147485
7833.5 20.5469879190899 5.1464531685507 32.292194834522
8020.11 12.1746531087878 3.22332359144826 13.5287840301844
8287.49 10.4228240124302 4.65601783354903 15.1007122013216
8423.44 7.17300473586698 4.42183460946137 10.8473176262905
8521.64 5.46409467509954 4.24623727944059 17.0037898775863
8703.78 12.5219563446599 5.63894087244827 13.233075261327
8817.12 18.9379397580457 4.2544915840642 19.4765762133775
9010.03 29.8666128659245 3.80546069491534 30.9221327326741
9059.81 28.3403242076637 3.74177748378913 21.502450535776
9130.9 26.536484057743 3.6985101706971 19.9022519195878
9387.47 30.1270363533121 5.27174256896414 17.051954394301
9460.06 22.7805691180513 4.18892110183138 36.0412898324048
9908.64 11.3030928611285 5.61195910443408 21.8142751446467
10153.31 14.0470956988251 4.49466265942739 18.1197060306622
10578.76 6.57495557255827 4.40747359334595 20.4222398548609
10876.54 6.01547993246015 5.10724634202946 19.303722765233
11120.63 4.29183775603035 3.69094038589907 39.0690514879461
11394.59 6.43289815606343 3.43514201578787 27.2917001023816
11693.67 5.36159440022411 4.10541506298434 31.8360317845436
