4195.91 73.2899874484597 11.8153039719898 8.30430710125438
4210.96 100 14.8042999042754 8.66496889341397
4283.07 72.8241029703093 11.2941767919709 8.34259364059562
4456.27 8.73196283405976 5.1735254116853 7.64352223016431
4488.65 4.97355296036948 4.26986350873236 3.13106712490207
4588.06 14.5758297195445 4.45981562321283 7.81957778143533
4633.19 27.2776561367152 5.8401181969391 9.44951626138845
4675.72 28.5873613977495 6.1291277573744 9.15409372953218
4838.05 6.67146765208029 3.03051066368805 11.6309990600139
4946.22 17.4784737023377 7.74053626776984 8.97935579475052
5056.03 84.8010040694834 22.5638057710788 9.09805322124066
5075.37 38.0404747596847 9.58906780094462 9.99214309827403
5251.64 35.0221880064708 9.39762477187559 10.5000957892389
5281.99 44.0582637185426 12.1345382239746 11.0764976641331
5615.17 34.4608416083717 18.1944804615231 10.5196560492859
5928.97 55.9796870641192 22.8921004011064 10.2319959123424
6002.13 42.193009888183 9.69036917903579 10.8283394325699
6114.82 40.1265554920585 5.53997623109605 10.4313315020627
6158.97 53.3627973684472 6.92408307032073 13.361648029404
6237.07 39.6990598301358 5.77832369286457 10.2679920515375
6273.73 36.024893871416 5.80719460451826 11.0147546429544
6335 34.0130041618851 7.53100247415087 11.7875853504565
6569.98 53.8172713461418 25.6477955703757 12.0093321453878
6726.2 11.7233449389288 4.42592103110525 10.2371946338726
6794.17 8.66939027150511 3.43123421268044 12.8238613096228
6810.26 11.6895447509498 4.84086776748656 13.3884725492971
7107.54 24.0084740689691 5.48275663234944 13.3335806602436
7250.08 28.0990897405583 5.15141169199515 13.137315451715
7501.85 12.858193149735 5.01231567648569 14.7771329722091
7597.72 39.5369103994396 14.6455541867627 13.1350455182464
7737.25 16.5512770315585 6.22676338409683 12.9801699662021
7815.7 17.1121458241617 7.03621479640274 32.272531709169
8021.1 9.27918712931096 5.15255678724089 10.6068734877999
8086.71 5.9424185742627 3.66351653437169 13.5411444630199
8188.89 4.35927251838706 3.40025945647963 9.29450325584912
8356.92 3.2361367769004 3.34838333940723 12.9123887133974
8420.76 2.76376426578023 3.00215425595026 9.91235473691631
8703.95 6.61252259335714 4.83309451071778 13.0736474343903
8794.06 8.84163619813581 4.07214415355869 15.812966120413
8815.24 8.88643265783354 3.69691324618197 18.1383392620592
9059.99 9.09039922205925 3.02743815638623 14.6381470179876
9132.29 11.5718620287329 4.59479553523652 18.5162405473839
9387.12 13.6206563594933 5.75848051770923 15.3292124758791
9459.7 11.5432044298941 4.89114558802999 24.5469086220528
9906.66 5.84676606798655 5.1763308944061 35.8079389266913
10149.67 3.79896120596065 3.16300006584745 14.3430505757897
10450.28 2.47128459445498 3.09828671914332 15.7364539797236
10873.91 2.82221449081466 5.39129116451902 13.9204442584742
10961.66 2.14436595065781 3.89509297541353 12.9245052057686
11112.47 2.05385019762553 3.47345773682114 19.2367883611169
11395.16 3.72489450686581 5.72399727728173 21.3572149390056
11696.19 1.48140460623807 3.25518461629915 3.1499324099932
11850.28 1.0100175810725 3.33259616616584 3.22750220111084
11860.05 0.957918142992198 3.21953488480082 5.17227030008871
