4070.51 5.88598882932485 3.1545776550108 6.83545126558511
4211.09 100 30.2305550016002 8.27883368880248
4283.43 41.4277407096345 9.83069716470546 8.60845114441599
4366.98 14.4764395127498 3.44842045396028 7.85403254234279
4420.65 13.2814018437765 3.99380063979691 6.08008033400347
4586.67 12.60146140662 6.92450590244207 11.1246822395051
4633.19 9.79451679310651 4.55897271886091 7.63354476539826
4675.85 9.9786196858637 4.60481321212369 8.62623969716333
4719.59 6.95365201732482 3.28767670834982 7.19773420925503
4979.55 24.1618082908202 11.5139739436277 8.92139240303459
5055.5 56.0916491050655 24.8122800282243 9.47086732561729
5076.3 20.4844622469748 9.13487730139659 11.9526253956637
5251.37 15.7874843862293 9.32482452967234 9.91434268797639
5282.53 22.5928588509933 12.7628709197143 11.0733845404411
5613.79 15.2285138466179 13.8976177697263 10.7763875708961
5765.74 3.82157575785226 4.89147210547448 4.36658196110602
5929.54 27.6351048079541 31.0285833412636 10.6319558198547
6142.31 47.9593657368256 11.9818094883556 12.7391475407667
6219 26.9595881841797 5.72737416459621 12.2373250544861
6274.02 25.7482782044728 5.66886797168293 13.5176171578269
6350.14 12.9565241375226 4.12092313249234 11.4012896503973
6571.03 23.7121960557651 18.8795933003027 12.7300407798357
6723.33 10.4634881099954 7.10502171894941 12.7808136518861
6754.62 6.53187522868024 4.34871206970943 12.4883213385092
6812.54 5.78244529115334 4.00531220022555 12.6922005281767
7104.75 17.172938780583 4.8609378582451 13.8659546474937
7147.87 20.3884555059858 5.06844178096357 14.9594381090246
7249.14 15.4931108963455 4.28861066473588 15.142395732666
7268.54 12.7690963375588 3.74178629046622 15.9308785272915
7500.9 7.12247666526896 4.25895596450067 30.6470426260385
7598.52 25.5393661044555 13.4329740207575 15.3187864099646
7625.69 14.8712953086072 7.49909839691904 18.3154638386632
7725.82 8.15062632679077 4.42331994259144 16.2345428906983
7816.34 10.3765317592094 6.87292472912273 25.0437821366613
7972.21 3.80339240500615 3.02948473726158 16.1315806475022
8021.91 5.58860411620399 4.49328564523245 15.0993350312656
8423.27 2.77683792820127 4.25482992910965 15.213538478165
8496.91 3.67618450876573 6.40684841180767 17.602005101844
8519.62 1.85558121972385 3.29354380966005 18.6086401387402
8707.69 4.02820232662566 4.60079825306889 18.8006181570327
8813.36 8.52720167486716 5.28576975442939 20.9194378647553
9060.51 16.4814632826779 6.54424849783372 18.8409167482205
9385.36 17.5546635338092 8.18394930796696 26.4580945942671
9908.64 2.67432644300432 3.96443677288671 21.4986485514946
10152.76 3.51559991356181 4.19767714250203 20.3747881295003
10875.41 2.15303873089329 6.0587698308249 21.5801325796019
11135.44 1.20982735047492 3.13690100340648 27.2570809536646
11397.66 2.271057277895 5.98095173666409 25.8273121247657
11691.73 1.30917607679015 5.10759836313419 22.2831355819071
