4013.65 9.83245753070697 3.34025010429413 3.97444453109256
4210.11 100 20.1591282101552 8.29807690321559
4282.45 41.7346679012623 7.50195870071834 7.79781804862614
4366.61 17.4057877750774 3.72981408426633 7.43996333290033
4421.03 13.3332111563427 3.5137530131342 5.70302919117057
4586.92 9.16099303421858 3.47196583459099 14.038511845808
4632.43 11.6172715404016 4.09130018132374 6.52426775476215
4676.74 10.6567805800599 3.78537729915292 8.42809640857286
4977.97 25.1132967673845 7.11267220442469 8.8304731969356
5055.24 65.5480752458823 16.8077315718465 9.16757380613126
5075.9 32.2395883411073 8.22265286397268 9.80857351036229
5249.89 22.8249842253973 8.45912997779285 8.95779754668365
5281.18 30.6128226552737 11.4040389831982 10.5314309014284
5613.92 25.989910601203 12.1353117909495 10.8837851709532
5928.69 30.7999851664305 20.4528968709141 8.97213415058377
5947.51 4.68899202604187 3.06074532193073 4.24948663161831
6142.31 55.5915994930782 8.93557047230256 9.82453850130696
6217.69 31.3018120434197 4.29243809077012 10.404469772453
6235.47 26.7653118166229 3.67636320341988 11.4945067445124
6272.27 29.8505733804354 4.3489686322832 11.0803381630949
6349.7 14.6339610619554 3.14601467249134 9.96164099759335
6570.73 23.5851495703099 13.948812834563 11.1732971058736
6723.48 12.9041669378661 6.39668630765368 13.0117098740384
6757.65 7.55813031506097 3.70076075968724 11.3519985950206
6810.71 7.81460193924805 4.21290095302819 10.2779030333022
7105.37 25.9695259161838 4.49346844820852 14.0979712632616
7146.16 27.3983264497838 4.4609008486051 14.0438321922229
7248.2 19.8499995865926 3.74095716150324 12.2590470331897
7269.16 15.7213361480021 3.13668283129164 12.7453120978598
7483.6 6.44842212049391 3.48113265443992 13.3763424949993
7502.33 8.29650315181795 4.60739651067678 13.5691594273103
7597.72 29.4539348369713 11.2728783112715 12.4971755030156
7622.17 20.0058214800099 6.97845053484128 16.6745238741896
7814.73 8.87956423176697 3.57484030779316 12.705159841239
8020.44 8.00436145332883 3.69358460190787 15.0599458060897
8490.86 5.77064532085575 5.02521307406155 12.6964203755761
8520.96 3.38183853485874 3.00231775456646 8.04349920627283
8703.95 4.14196335609073 3.54653076935054 8.21283067850709
8813.53 8.97228239796131 5.15786198767083 15.2195866952152
9058.95 18.124145991244 6.71738047037862 16.8209648729171
9384.83 19.2328383689051 5.88104872902949 25.8435915048976
9908.82 3.74446397156504 3.71834730681573 9.14412284121317
10151.67 5.64013929331608 4.64062831546178 12.4002909170977
10872.97 2.44225717912803 3.72438051619166 10.5072148992549
11394.97 2.69121969370522 3.99774068300583 14.0878750187476
11685.71 2.00310697791478 4.44542206426713 2.12005072090687
11921.88 0.83139858932861 3.25524273399288 1.15182510289742
