4210.11 100 22.0929340345757 8.15542734482915
4281.6 27.5463749428663 5.98016444209196 8.55622712476634
4366.24 17.3123706652166 4.70153710094059 6.66212726366484
4420.41 13.6880523398624 4.67984594627121 4.62927036970086
4488.77 6.89196919529423 3.42631374489735 5.68287140569009
4586.92 10.4584763677759 4.04524268382295 9.4118758434015
4632.3 10.4150252200772 3.20995433185364 5.11617441116596
4673.81 11.2445104315369 3.36755466996636 6.26563752841139
4718.31 10.5378583977779 3.21067765326308 5.87494172389052
4979.02 25.7370311394011 7.61818722409792 8.04053295445192
5054.84 60.4414522463473 14.892821903652 8.92716469679181
5075.9 23.1779351040652 5.51844991033443 9.32112229715221
5250.29 24.649847430094 7.70449548320276 7.99795772577363
5280.09 28.3406639191786 9.18732225730915 9.77691445677829
5612.54 21.6874435753818 10.2554100169162 9.84926825870207
5764.19 5.62281028785621 3.17130853132241 3.60066762866882
5928.83 28.0904518532493 16.8145822080114 10.4278600333282
5948.36 5.93766464950305 3.49275084278189 5.9086660115936
6141.15 59.2939634807895 8.77224554993094 9.95669178016669
6216.96 31.2461781894388 3.86976160657562 10.9840531559121
6236.78 27.9049814872173 3.46668106097219 12.4780915832616
6272.27 29.2575607970971 3.82916947182329 11.4486108368556
6350.14 16.8034512051457 3.3073358044688 10.3928889809886
6570.13 17.709128620225 9.34183170034714 11.3683430530546
6722.88 13.5181345788279 5.59829364282604 11.2349911806868
6757.95 9.27381631289381 3.71324300924124 12.6532455416818
7103.67 20.4699697174614 3.50563827252299 12.605228077301
7147.4 31.1797224416686 4.97611517502544 12.8719900164733
7173.51 21.5612287181007 3.16513003796935 13.7414502795882
7246.8 20.7944836388314 3.57009256532697 11.8658710351056
7266.35 17.4879168325401 3.12290893433574 14.6785205467895
7483.44 8.41469757220798 3.91220979574523 9.54325697824424
7500.58 8.01699648480857 3.82947209215495 9.84229750628401
7595.96 29.769365138329 10.0034568330951 12.8078186905132
7622.81 21.7409621672866 6.60732318826967 13.6675605084629
7814.73 11.5651955810679 4.03228953865493 13.7453364212588
8132.45 7.29183076788312 3.26647598014842 10.306775447275
8494.9 7.53806714401345 6.04235151577039 15.8373627005894
8515.58 3.80933747293313 3.06029826564911 16.4369583755233
8815.24 9.09463714189662 5.16757010632282 16.4142704360074
9058.78 24.6259991664864 8.82090590372247 15.6706797682727
9381.84 23.7207885294054 7.2677181625751 24.2111010829649
10151.67 4.07075547719943 3.54672503868262 8.91643521885271
10214.44 4.35966612988052 3.94197620710689 22.9526477033469
11158.63 2.45760506467552 3.01173359951256 4.08207876457163
11391.32 2.78141657923249 3.72674734094329 4.2993265765399
11402.84 2.59974074576715 3.47355311849658 2.64719962658455
11684.74 1.73507005572674 3.40441856926009 7.17822376160439
11691.73 1.93918095379935 3.93261719549951 2.28242514737576
11704.16 1.6159231091192 3.31622611077927 1.79000589043426
