4210.96 100 19.1861443165036 9.19792502769178
4284.78 25.5091052204694 4.43689091974851 9.62518064501637
4366.98 21.1695745524673 4.15290005527085 7.23103187124616
4422.27 21.1214633114882 4.87998878969213 6.91710083168073
4586.42 17.7186612001644 5.91132596704167 10.9725666297682
4630.78 11.7093897807218 3.30477754573381 7.09117560027698
4720.74 10.8363031392446 3.24483640137552 7.76460183095151
4977.71 28.030432763864 7.53515147353347 9.11554236910069
5054.84 62.0178066669448 15.2777418200909 11.0309951701911
5077.1 22.4848826958474 5.55240471438787 11.3806736021979
5250.16 23.2971135138615 6.69532925820397 10.3574970343279
5281.99 30.7662405650291 8.70680636530452 11.8437126269164
5602.82 7.24147126953796 3.2298512908828 5.17436910473862
5613.92 17.3577709329524 8.15524062591931 12.4032713290553
5931.39 27.195860038303 19.6457340308482 11.1282471282875
5944.51 4.95048960315593 3.51599429310916 2.07344589509012
5969.64 4.52709927668113 3.13938416602656 4.4740102521273
6141.58 66.4337209431509 9.38986574843129 24.3137032556406
6217.4 34.7255011605525 3.97365719814921 12.2666440798785
6274.9 34.0896339133041 4.04948981635278 14.3341895902231
6349.7 17.6878071313835 3.04617182361171 11.6899481961018
6570.28 20.4806989644577 10.6420676792601 11.7093104053702
6726.5 11.3523183477156 5.11870110569152 12.974144712105
6752.96 9.97551813663781 4.60039081703688 14.1767362371666
6810.87 6.48496377270061 3.49295745347728 10.8688309177351
7146.16 37.3954565921765 3.83398568092337 14.0818870683952
7247.27 26.1323559912382 3.34199615376046 14.7440232285699
7502.8 7.5883312306966 3.49665648765327 17.793659289975
7598.2 35.5735831968915 10.7849821387095 16.6422528581015
7816.51 13.6496527278009 4.49704174283151 18.2334582500862
8017.66 8.38730132006256 3.38243399335763 14.2560546171335
8419.59 4.63652427799694 3.36379609915851 5.96856439711337
8494.56 6.61082954803368 5.69614467648424 17.8880233020172
8515.58 3.59088114574122 3.22916906574399 8.96635215985225
8524.16 3.45237212278402 3.1664451932846 15.2549000125782
8812.85 12.8389693698665 6.65159366548811 16.8549726446763
9058.08 33.4926030310709 9.1330099197919 20.4910139228705
9383.25 28.8669946002007 6.95210596548131 30.4489615390557
10152.22 5.43335017921536 3.65147816039048 16.1782557491024
10217.73 4.84734264654804 3.16056151545588 23.5717810852511
11129.17 2.87137564192107 3.23707841940487 3.03030137160749
11389.98 2.78994798584608 3.64592512313504 9.49339564148249
11402.46 2.70592390726469 3.58146832433272 6.51880954438457
11674.45 1.566049480052 3.15749852893654 2.24311398664213
11681.24 1.89904937364334 3.94135807320681 4.76308990850339
11689.79 1.9387965946914 4.11591462069926 6.44767160496667
11699.5 1.68735151184329 3.64544513136341 2.18688909782031
11853.21 1.02886113916414 3.4038629286384 8.55298445706285
11952.26 1.02162203326215 4.38408059218681 6.17009771179983
