4210.6 100 33.2425453696645 8.25420386916176
4282.58 50.719293851201 13.6567570486744 8.20373084522907
4365.87 15.6201099679827 4.27589455089228 6.71839609992367
4419.66 11.8845498425783 4.05873328200218 6.35747154160708
4586.16 11.7316800020024 5.95140256903773 9.96418759361768
4633.32 14.7569224831431 5.44737474528099 8.02782371595549
4675.21 19.2769220845224 6.76111301701647 8.76439563940312
4718.05 14.5354053857999 5.04691425007931 8.21954739030116
4761.84 9.10516043814836 3.47714145510229 8.11424888465717
4977.84 21.4879373237299 10.2970367525919 9.12834988960367
5054.71 54.4352154284368 22.7451236219568 9.30501323333647
5075.24 29.4202164534988 12.2145856872322 10.0413997456653
5250.16 16.0287994810695 8.62667596336224 10.512826524272
5281.04 26.2849963065496 13.2589972899325 10.3271269865672
5614.06 15.8473653095345 13.7481436543557 9.8635177107426
5765.04 2.9949772306268 3.79088070849099 9.00481161410335
5928.83 28.548898095652 32.6344128488998 10.0275725706379
6141.44 47.3771524709817 11.2483043480673 11.4291479913454
6217.1 24.3429725574385 4.84353950345549 11.342378173611
6235.03 21.0284104086149 4.17422045305523 12.3307334073615
6272.12 26.2446902925765 5.44309843872258 12.8204536847516
6350.44 10.2396200934227 3.19593233480098 11.8161166568971
6569.83 24.7409878397954 21.9653664812413 10.4976496104809
6721.67 8.71287410043886 6.76607803604121 12.7924105047468
6754.92 5.92162688180534 4.67173946444002 11.5715532104068
6807.68 5.41365151641342 4.64144478648797 11.0476976878426
7104.44 25.7066754723533 5.9714492891557 12.8948758843499
7146.31 21.4937826542614 4.76071006988402 15.0058868704873
7247.42 16.8891309162994 4.80656809454006 12.877170968035
7498.67 6.67285675948282 5.00331709944545 17.989392968896
7596.92 25.7977064461406 16.5384731179922 14.18250066982
7621.05 12.3551294790715 7.56474474299292 15.5098680608953
7722.11 5.9077593182116 3.77156702961304 16.4819759730308
7815.05 10.768641777088 8.06015514400741 14.7618332201309
8018.64 5.90540143715583 4.6668044017544 12.2501074573893
8049.44 3.95385679728606 3.00721561266667 15.3502303445284
8421.43 2.8010533260324 4.44897929483775 6.31850337461219
8492.71 2.53608963574121 4.57964149584766 13.687134919026
8519.11 1.80892107263419 3.22596130295223 11.6109850552293
8704.29 6.54470193378029 6.28158210149268 14.0697591728258
8811.14 8.83569212994696 4.97546785999041 18.696481327459
9058.78 14.6422861463412 6.61257669757407 17.2624115806339
9126.9 6.90650831310092 3.57393923122652 15.180742753344
9384.13 15.9217664695474 8.7891521384629 25.0560918520205
9880.19 2.25477196240432 3.32276866643161 17.6506502579214
9907.56 3.64906963575658 5.25829381796935 17.7610831035945
10151.31 4.6443435458376 5.52463954195236 18.5087291052678
10571.52 1.57622353822991 3.36240210491248 16.4950901625889
10872.4 2.78658518129743 7.49959958053587 20.644672580418
11392.28 3.22250274974966 7.15507794516798 20.3608482388299
11688.04 1.50345241442203 5.16821648765438 18.5596766233757
11819.23 0.689032642193334 3.44049626903895 5.14853257427785
11831.33 0.601988355500697 3.06794599093393 8.31333440228991
11860.24 0.763120974791345 4.11098895133022 2.79179464713889
11945.98 0.597462058287647 3.81306340197481 1.63791946921629
