4145.83 11.6656109167499 4.44896858536107 6.09709028332145
4209.75 100 33.0895104534098 7.48822089705118
4282.7 27.1746512471914 7.27933498718316 7.2013521117733
4365.38 17.7562654248855 4.30450520181522 6.25766534015565
4419.91 21.7774274818031 6.39456601656075 5.85007104744636
4585.28 16.2387518814526 6.52580564206646 11.1752528663928
4630.91 11.6845938305434 4.02085833702701 8.29349810116219
4674.19 12.2371585935412 4.40450675843163 7.2848461620888
4717.28 9.49449953440151 3.65464355180378 7.11932539045847
4978.1 23.508708061904 8.68789993167741 7.77476033207404
5054.58 63.42334144119 22.0748289420087 8.40188520515949
5074.98 21.0360594050683 7.27291406617291 9.10398316414194
5249.35 23.5070786786477 9.92220538191991 9.02054233838953
5279.96 33.3660488713417 14.4842002049829 8.94924017267476
5595.88 5.64975982197892 3.35063387700883 8.96009378792041
5612.67 14.1799577064434 8.99602521651742 10.6278231565093
5764.9 4.19251918253723 3.63204583320768 7.22617428117064
5928.69 25.8885631704141 24.2809491493045 9.02621351684411
6141.29 55.058401545053 14.3556067206348 9.80244799250522
6216.38 30.3029754764983 6.63875882341081 10.2312833155256
6234.88 18.376128335938 3.95173465916006 12.4270983006709
6271.54 32.7999297102524 7.37254153862214 10.9352200031881
6349.7 16.1108785940571 5.0010417347755 10.6401700510351
6538.04 5.33996716562649 3.45422580783758 8.81218808123231
6568.34 19.8722386920641 13.4201241591034 10.2623169622721
6721.22 11.0754520361242 7.53788006604264 11.1520388588324
6752.05 9.30403093949979 6.48596709937607 10.957095746925
6807.22 5.57077668248484 4.22394844167149 10.505577571852
7102.74 21.8483534942423 5.80743364693014 11.4301144153296
7146.16 43.4335677318102 10.2330508908279 11.6908212255466
7173.36 21.2011247135432 4.51027918652145 11.5051046443923
7248.36 19.6834281237498 4.84587624967557 11.8955806206422
7267.28 17.5759090704023 4.52212456144151 13.2337786574299
7499.15 8.02164835210627 4.39631257313764 12.0362385961735
7595.8 34.7467587784285 17.2033961677862 11.9667251050869
7622.17 18.2085761870003 8.65964899726709 13.3362913905094
7724.85 8.95711430006371 4.70516134196221 11.5287182697448
7815.7 11.6829189030666 7.4505190629309 12.0240491727773
7969.11 5.50074193427563 3.81701353805028 8.7933498153734
8017.33 7.8615441447073 5.33382781925985 12.1095204838211
8283.51 4.34397085130171 3.58912138320773 12.3446722296776
8420.76 4.43794645937477 4.72369322474999 13.5304026025751
8495.23 4.40009993976345 5.20207864769052 13.0561584168172
8520.12 4.66289814737934 5.69927032761455 13.2241623461196
8702.93 3.92678829140236 3.87219367312895 10.5810736350686
8813.7 12.0490564224036 6.81059145847643 16.8888687290237
8956.94 10.2236670523577 3.8510729016624 15.1214356799173
9005.03 10.1021546536166 3.51591615383231 19.9118961864951
9057.91 29.5334619386931 11.5859745813756 14.0912239906665
9382.9 25.5268413987296 10.9754575801536 22.9866995297343
9908.64 3.22998638946316 3.94967643626863 10.9878903794943
10148.57 2.95639389035224 3.11408725185735 13.6557010538691
10219.38 4.20020846209964 4.70067622075431 26.1821722672703
10313.88 2.63288050363892 3.03289703805327 18.8192743153559
10573.01 2.04723394632845 3.24900571018557 14.5931387616529
10876.54 2.02677148893422 3.94237640448393 13.9362211892712
11386.91 2.3959233355871 4.27086212908266 18.7700325652113
11686.48 2.25092069332146 6.5073443852846 13.6112041812212
11837.38 0.761859134295249 3.17661380355052 2.2706468271881
11860.24 0.813552016517708 3.56609412966412 2.55762239869182
11954.22 0.773787099704236 4.23291942591338 3.41248062078557
