4146.43 9.09316997726513 4.00920557063847 6.918032745647
4211.09 100 39.6027531916736 8.73703278208086
4282.94 37.7924354069489 11.9095692342592 9.28500201897896
4366.36 17.3724308598777 4.78409520200735 8.20914183534478
4421.03 10.7930181212407 3.64011072724703 5.97321366225697
4490.15 6.09138850432335 3.47820190639662 7.52395828004501
4588.69 15.7730868285895 6.23353060861715 10.4703973900132
4634.46 15.4888762822517 4.73749570912855 9.72287281180252
4677.25 17.9127052857501 5.81299069270883 9.27935053114652
5056.3 96.4756829639429 38.3595154460798 10.6034162957358
5249.35 6.13515432168272 3.08400518379353 9.27364631419186
5281.72 37.1892002895583 19.0483655773881 10.8125478661495
5611.84 7.65636524143311 5.60990256753604 14.6470335817339
5930.68 31.6426759438581 35.4650454997579 11.9005936867679
6157.52 53.5299211065249 10.3797208556129 26.9637944587621
6237.22 17.9975777217306 3.19455188160978 12.8824900187819
6273.44 35.421093734257 6.72605059108515 13.5897119242527
6538.64 4.869432340987 3.33320622326801 11.8084400566149
6571.17 25.7050504151721 17.4866885761509 12.8799984313828
6724.54 15.80366790411 9.47929385128973 14.430570429121
6754.92 6.82380278196447 4.10663994029171 11.2061644487876
6810.26 6.58662039428099 4.59311885279863 12.7953934932839
7105.84 14.0755184969094 3.79788962311932 14.6393257125665
7148.64 15.8681278665741 3.71529481480408 15.489009372599
7248.05 23.2655503496215 5.99272368034686 31.5180582305838
7596.6 36.5332810676192 18.9937691972193 25.3426071878357
7815.53 14.5902408894638 9.30553564707704 23.4983014305499
7970.42 5.56633101170412 3.42261789855567 17.9257852886076
8019.46 5.27693579220344 3.37064389934384 15.9686139179266
8187.89 3.80435836686004 3.53884248613261 15.2911887911878
8421.6 3.9004984593136 6.63028414873834 15.8491363194189
8520.46 2.380189743955 4.27689933666792 7.95287542239566
8704.46 3.7461150296975 4.01427366781777 15.3792627770399
8811.82 7.47190407626937 4.60871006610445 20.5929526134878
8955.56 9.32339458621352 4.12578637855527 17.6862870113255
9060.16 13.5409963591046 6.23177668632233 20.0961541774232
9385.89 20.2218634431607 13.2485446389188 24.2941206292708
9909.54 2.51627235582745 3.40750959883442 19.0002090731723
10148.75 3.11935249297896 3.48925799175682 22.3411364940221
10207.86 3.05608882085512 3.57037671985601 17.5031079787059
10321.04 2.42656182670094 3.20813480886688 38.8944090673958
10574.31 2.2741623206003 5.01299523883373 19.9105853260462
10875.79 1.87640446161508 5.23714021014993 22.1241288224701
11123.29 1.39362369373857 3.33317400174062 23.482211545981
11395.93 2.04221366263466 4.04849750251928 27.8491068417043
11692.12 1.09566638292192 3.12307942472127 27.380102372892
11860.83 0.784745187722153 3.29586908678342 11.2654097072973
