4070.75 6.36738946473329 3.17780269421124 3.93525146668526
4146.43 7.66292900081054 3.18743656487546 5.59854674067265
4209.38 100 30.0434328637929 7.05167016461201
4281.96 25.0500917182945 6.53953113525503 6.95604244151764
4366.36 18.2149935924998 5.55162814697138 6.41219976285538
4419.66 11.8816820813017 4.55730793465564 4.91074656394994
4490.15 5.38156228012603 3.16913248507925 5.17556745986803
4585.91 11.6294290523983 6.36882498647434 6.97156387576979
4630.78 10.0367648193398 4.74709131931775 7.43542680934934
4674.32 10.2481506176582 5.07964563978305 7.4450236836592
5054.18 67.0076418417347 25.3133910175406 9.104465587302
5074.71 19.0951185789991 6.80784139123364 9.21045135038457
5248.27 11.7087068248588 4.662768824687 7.81583153950851
5280.23 30.4035941765319 13.1742322286956 9.0884342336285
5611.98 8.35401414836157 5.70582298329821 9.62023137516644
5629.49 4.64230949497714 3.0737171456627 3.1314355723307
5765.04 3.66318163449946 3.20997468555261 3.21972915828974
5927.12 16.9153815402712 16.364670874337 9.31187327744647
6140.71 34.046509260167 7.8508919009614 8.7956958175464
6156.8 35.9164883555865 7.55872981095416 10.3755231415616
6175.95 16.6127949762225 3.14985537270548 23.1564726684692
6234.3 17.2655776465248 3.3827570655688 9.94481643267682
6271.39 48.5134577769442 10.4975931294389 9.58636636062238
6535.06 5.9032952633169 3.73268323312679 8.04812715954176
6569.38 13.9410596867222 9.1639148057993 9.90023587339965
6722.58 12.2541192247159 7.87735120270969 10.0761089574471
6752.35 9.1465353070575 5.92128535482227 10.9732403400358
6808.89 5.46247258049307 3.91637877157748 9.27281803406004
7102.74 11.5948280880509 3.38717232487918 8.96249970259942
7144.92 23.6586420699693 5.76778090516774 12.1265529124121
7174.76 17.5649790596579 3.72539958177021 13.1887423574626
7247.11 21.8461446544103 5.02625648765595 10.8464081793227
7266.35 24.4804665131898 5.79972814466308 11.651980854811
7596.12 42.9971475328013 18.4590562857027 23.9155656983403
7649.22 8.16165824559751 3.36792451306081 16.0653992466259
7814.4 12.9878141344825 6.80388442919175 11.6716938484788
7969.27 6.82710030500025 4.48886108365243 10.3600538194032
8016.68 6.82853194631067 4.69236444500216 9.99787911568637
8284.5 4.01762493715023 3.75221391921194 9.26736929372964
8420.42 5.08402611581333 6.10612068436765 11.5667983808107
8519.62 3.33354670386191 4.70705965842254 5.47162261796802
8791.16 4.40604112636941 3.35812064157409 13.4480942842074
8810.97 8.7872700160967 6.27164357032781 15.2717479623898
8954.87 10.3620526723162 4.95432070824089 13.7743576480279
9006.93 7.4050757085402 3.16311778625628 11.9080323722119
9057.22 16.2793390418125 7.48989652161378 14.2416040242824
9383.07 18.6161384934159 8.33753983494506 17.5910149484516
10147.84 3.74399746022175 3.52650161660095 17.1951071637741
10206.04 4.97433803061066 4.59829823909571 13.2429444096451
10574.68 2.80536047467707 3.74226574884393 14.4198237276396
11389.21 1.96757361179211 3.34135244999289 14.1666237690297
11679.69 2.40277386714881 5.45157617185499 14.4982288623542
