4146.67 10.7650512897454 3.92778858244366 8.09355242714264
4211.09 100 38.1219609153497 9.37064839452796
4282.94 25.7788825463115 9.42027170423205 8.85241063628291
4366.86 18.7765369830474 6.77205635763826 9.44087226956708
4490.02 6.86324897079352 4.33328141986644 8.97777862957264
4587.3 7.79616298809046 5.25654483398261 10.9336847512541
5056.03 98.248561375719 37.4624790226507 11.5291421705624
5250.83 7.58207292033975 3.10063974775866 11.1130812251331
5281.85 39.4929652073845 17.1385989228556 11.715604830174
5612.54 9.67662503726286 9.0877122101079 12.0735961464306
5929.4 22.9118783695559 29.1575767095617 12.3417719028103
6157.96 52.8096787051192 7.84717237825172 27.4957850956007
6274.17 43.8834131418009 6.51442065734015 14.4213966154975
6537.3 4.46713086549141 3.29885265582632 12.4825688005812
6570.43 18.3881096859209 14.7200061845038 13.2294785861905
6725.75 14.0069131703803 10.63160076447 14.112790384268
6755.07 4.54190785565955 3.29558924165709 13.2060049567881
6808.44 5.15625653446903 4.13593399012625 13.9166804825563
7250.08 26.0156297940633 9.37603944731073 28.1736055771562
7597.08 55.8029988341702 19.47268645376 25.7564294314016
7817.31 15.2119323920007 7.05280036540888 25.9618111339232
8020.61 5.10897351050958 3.55106017803108 22.0733778444646
8426.12 3.00683576696294 4.9888500788771 17.0220832891318
8812.34 4.91892488823696 3.79653536429562 35.8509310786794
8918.07 5.66585715958902 3.39069315803653 22.2513523523594
8955.9 6.70662326805042 3.92497220010901 23.0014042650491
9060.68 7.93702589845964 5.15329468470247 19.2372032463136
9388.88 14.4009022637989 12.4785668078809 26.1211343008999
10085.62 2.65115461413505 3.57118007364388 29.1862493785484
10341.06 2.17900544119609 3.6997684518044 37.7816328247791
10576.53 1.73486512236974 4.92576174530506 22.005677325853
10873.16 1.38465896763896 4.63888561129498 22.6410194294422
10965.62 1.5305294953597 4.81904898039398 24.9596925448514
11124.43 1.22305824180959 3.62521376993915 28.0268610830317
11396.32 1.4369336769915 4.59632149034269 26.580940056394
11863.37 0.625001435295206 4.01847859966627 21.7747325606761
11876.27 0.496761698236644 3.25684151051009 4.04864734709554
