4013.65 6.04231802981286 3.2096884211242 8.6868516224954
4145.22 7.61359527780358 3.62614176003679 6.41640194116553
4209.63 100 40.4811655355499 8.08582488266347
4281.84 18.6633166426115 6.44949545407939 8.45314565269564
4365.99 15.2144979646149 5.23366137595953 8.27556967489181
4419.54 8.08429879638087 3.51976789194953 6.27054264808976
4488.52 5.40285701768309 3.48995007497502 7.57758796907547
4585.91 11.3409051951343 7.29457748971931 9.13051555142465
4631.16 7.52505567889288 4.44048855010513 8.51346397871657
4673.81 8.08618433773137 5.18537942565066 8.52622481908656
5054.05 85.5609512077551 41.0839765169284 9.60728807702253
5249.62 7.55354693988958 3.87043370697824 8.81855763230487
5280.23 32.4265443142542 16.93970679558 10.2291420307147
5612.81 6.74799996462188 6.93587655929728 11.0968821769311
5927.97 16.7938142607559 25.2678793106779 10.6832010154158
6155.93 41.9770497915001 7.84656104873866 12.7716399514984
6271.39 42.2154019880478 7.67939662398298 11.6085244049855
6534.47 4.43214340353395 3.35073329163086 9.83848926440623
6567.89 12.6795649019314 10.4624698232672 11.5014353959441
6722.27 13.2393672465779 11.1719116981363 11.9271718578848
6753.71 5.38812002151089 4.52912804049129 12.4879706907359
6808.44 4.34732451968014 4.0913506011522 11.1065482080694
7144.76 10.620169375647 3.74468107083994 15.4426292780263
7247.74 20.6000323850876 7.11355925208411 13.5037001409655
7595.16 44.3784079587026 20.4110807624272 23.7983830186304
7814.08 13.7445676127276 8.31154223191758 26.4111810350005
7967.64 4.65220746360813 3.36134798587657 14.207148725066
8016.68 5.02029959627695 3.88783895985945 14.8493415881567
8420.42 3.15980644663694 6.98385534625395 12.8101232411082
8515.75 1.44114513041155 3.49020208663434 13.163581942943
8812.68 6.03094213538401 5.4899992408429 18.3664272178048
8914.63 5.2145747932187 3.44907101666878 15.3519351093637
8954.7 6.5122056730749 4.15295908843923 17.8360998097451
9057.22 10.6320146265933 7.20152200386109 18.9002816906868
9385.89 15.9397344408432 12.6620408009405 22.7547076488099
10083.08 2.06695373660654 3.07476328959866 18.1140409701657
10148.57 2.39025086997905 3.336966463922 23.4208793055532
10205.67 2.21155655824243 3.10692201401582 23.7291934422537
10320.49 2.4297851137423 3.73647463206759 36.556077692896
10572.45 1.72875003521601 4.06305896947151 19.8291036661212
10869.58 1.16929541441369 3.72586586292668 17.2929442557961
11120.06 1.45325745277984 4.33534250118124 27.2633148758287
11684.16 1.09509941438886 3.94771226725001 29.7013535804836
