4015.08 4.9872422521724 3.5898514173165 8.96375965385869
4146.31 6.85269576058512 3.24489294329376 6.87819014174784
4210.11 100 41.5336316792326 7.86929612660242
4282.94 25.151887698381 9.31869311286914 7.95830097095404
4366.98 17.1599882535223 6.53109822223474 7.63184222345171
4420.41 7.56545170308802 3.79923145581227 6.77262871886614
4489.52 4.99128226933473 3.90203843200221 6.04229489858881
4587.43 11.9660772906722 7.53951066584755 8.70514265880684
4632.94 9.94241606280738 5.29350473746095 8.03747503409704
4675.85 12.1912254968657 6.61159141055881 8.47859527648325
5055.24 98.9445816322535 48.0138374754813 9.19789548841436
5281.18 33.5607252410493 18.4995472009139 9.70854039849382
5612.12 6.53388042361888 5.83164519153269 12.2790239692358
5630.47 3.74895951735843 3.43392226849221 11.6663225824259
5929.26 25.337408332031 32.8725334797128 9.8226546341175
6142.16 46.9338298977571 9.94523108626698 11.0081204111139
6157.09 53.9838872332808 10.4732358597689 11.5429374844089
6273.44 44.3082983584612 8.19934533334708 11.4539155521279
6536.85 5.12038585727068 3.57019241120665 9.65297867863319
6569.83 20.1781365835782 14.9392294342329 10.6001270237093
6723.93 15.1203637683996 11.3054138162885 11.306318826666
6752.96 5.58307034114898 4.14956134195568 10.4399978723604
6808.59 5.26185384973921 4.48491969125686 13.2993824599189
7104.91 8.19394621558582 3.44430559009078 11.0844113527864
7148.02 10.9926933708727 3.87127779796022 13.9915630156047
7176.31 10.2888639451777 3.25650814756267 13.5135970550082
7248.67 24.2542992228552 8.50293754380136 12.5054237338818
7596.76 42.7304528731122 23.3146663239814 23.8286105751349
7815.53 14.1721145991151 9.64044011186017 15.7568654453962
7969.76 3.97688581345629 3.08135437058904 15.9582460840547
8018.31 6.21467234489712 5.2163637742667 12.385367772481
8187.4 3.16392532122629 3.95689805776073 13.4542194031683
8425.45 3.46833550674887 8.13930414661049 14.6202622872388
8519.45 1.56250544108239 3.86349430617623 13.1213614839107
8703.27 2.35028975441574 3.91758868090675 13.2852810733475
8812.85 5.49587151748312 4.90700744592579 19.2943267770152
8916.52 5.24469274649018 3.31107999073669 15.4291638165996
8957.45 7.66605390329575 4.60284375220357 16.3544748667409
9060.33 12.597484291352 7.69900100820669 16.9020327051076
9388.52 19.247117698136 14.3525846104651 20.5511707626174
10084.53 2.69720659372526 4.32479174083897 15.4349609055207
10152.95 2.2379346770886 3.49083388359565 19.0826814831107
10210.06 2.03146392155816 3.35452733058083 17.2129052952041
10331.32 1.56861449411797 3.06134036650873 38.586808948834
10574.31 2.02567093103093 5.94013004356509 18.3307471699063
10872.22 1.6057958524546 5.54955836800456 18.994131703801
10963.35 0.909985412754026 3.12347713957272 17.3221605735962
11122.53 1.20263639791578 4.01503035031879 19.5132855100564
11394.97 1.55710033535178 4.50240135791116 21.3528994231019
11691.53 0.915526590540655 3.72288925473988 23.4154844824607
11860.83 0.679232768523799 3.94397158501429 6.54027291401508
