4013.77 7.26576837811947 3.24885665436238 7.31488413195666
4069.91 7.14706077583916 3.23140118266214 6.43172610797455
4143.41 9.47674660108248 4.02016630055495 6.64165499590126
4209.14 100 37.3302007337911 8.05093788937484
4281.47 22.7954286905004 7.16632604439991 7.98899147658449
4364.88 19.3221704867234 6.08743387446183 7.70016350038168
4418.79 7.97505730716594 3.2819385537713 5.32028748325592
4487.14 7.07568041872762 4.25424816070387 7.65653497776839
4585.66 12.0225311519633 6.34613117630458 10.8402490389781
4631.03 10.4200123391213 5.01121673950121 7.62181577512638
4673.55 10.9366423619305 5.67341494484486 7.31579231535852
5053.65 93.2452357457008 36.1545116660413 9.74422032890106
5247.73 13.3234549685685 6.13102878399786 8.86465400645648
5279.42 39.4459624861939 18.8276972444213 9.83023491311724
5612.12 6.82656479395059 5.12463396241014 10.3842397880562
5926.83 21.1892904728337 22.8110398751286 10.3185920747146
6139.84 39.8874212782646 7.86632817689605 11.0289619758687
6154.77 44.1214502180081 7.96047282172196 12.5243923473909
6184.08 19.0302710673865 3.0811433694595 22.7298670998816
6271.54 45.7736949165286 8.30553924444062 11.4490881266347
6535.21 5.94825072235271 4.01359935543805 10.2308602966905
6567.74 16.4033488982706 11.8980253139937 10.2821610605197
6720.61 14.4656420432197 11.2834759220151 11.5668252202968
6753.41 6.21429642809093 4.89572740696519 11.30615323439
6808.13 4.99247234129838 4.44811315052622 10.2984555617841
7145.23 13.2868047416036 4.44557235797067 12.9740352362514
7173.51 10.1621232207355 3.01636531293921 12.9436755469551
7246.8 24.4464552660326 7.8749631954146 12.4539812576186
7594.2 48.5051374329734 22.856151651257 24.7109702321595
7648.42 8.5034665203157 3.81350190339994 18.4806085131877
7812.3 13.2325896152744 7.94700144982242 13.6151462349089
7966.01 4.69730396883028 3.73978310149329 11.6229259235806
8013.89 5.59081463679284 4.83654292302318 12.8891818689399
8184.42 3.52985059430446 4.19638135429096 9.70347943784054
8418.92 3.74860024792191 6.9276223057459 10.7717232056239
8520.96 2.08299672180149 3.78472720798619 11.7859226847613
8557.69 1.70228030469083 3.06700471437231 3.71407918267869
8701.57 2.56360924477372 3.72298638835719 10.873555025084
8812.85 6.25120412271905 5.89986476792285 16.2261793681591
8913.08 5.30587191966403 3.86319835417919 14.9936722906987
8952.98 7.69946749819883 5.41330925756385 14.9413005937786
9056.7 9.81898278123051 6.98104322127303 15.241502584011
9384.48 15.9897702363416 12.3983173055133 23.1144470955824
9907.2 1.78102070945797 3.15335578248891 12.0534280461761
10082.35 2.69566433941739 4.45545464442209 14.1574358940452
10148.21 2.24888139207629 3.61079918308992 17.5749153487559
10206.58 2.62259798650517 4.42947647695243 13.6781433772885
10316.08 2.27069069002999 4.19583763977531 37.6449311659417
10571.34 1.77049696570596 4.39685116579509 15.1550958626576
10868.08 1.51748852975054 4.35371304105166 16.1680049891856
11117.21 1.1737168220246 3.42989805901138 21.8966627065784
11388.45 1.25799912833754 3.66659331537196 16.4758332023957
11689.4 0.839239245395924 3.55093864823692 19.00672053378
11852.62 0.519325809228094 3.41968253710362 4.56352796759529
11860.63 0.596684667288259 4.01364569810544 2.49384217047918
