4151.02 58.3253352564691 5.66074701902501 9.50164140071956
4197.61 60.1248023201204 5.91715489955401 8.91605227807577
4212.3 55.8437289968265 5.63078484436421 8.63231441341759
4422.89 18.5714567471099 3.5618419650042 5.61239380708957
4494.78 14.083697579936 4.04952025876008 8.99449262516191
4583.51 17.1016049697894 3.1167339007333 5.66974057901461
4633.57 32.5758064996813 4.5379625449856 11.3172459430562
4676.36 41.6190637336439 5.94969448915849 12.4367248850431
4897.87 18.6911781852318 4.20874746180316 7.93114429339494
4948.19 22.1746677681351 4.82619382599391 7.59168452130689
4980.73 41.9808344985531 9.01954397621155 8.0323155930555
5079.35 15.7115558142492 3.5731792848086 9.18937813674347
5174.32 23.6515106421611 4.17832847729979 8.82103546779763
5252.85 83.0715941168456 12.2494702852754 9.40584756413955
5381.28 44.5545566068093 8.92710802269212 10.6433240876422
5616.29 12.0151131720873 4.49179312189489 8.52451307722094
5767.29 8.0384993769767 3.13247361367589 5.759948489419
5814.64 13.6289790140564 5.1865517300867 10.6220708313413
5929.68 16.2046294077946 4.40078186522273 8.98270619218238
6005 51.6450554558168 9.51944433849745 10.3101814269394
6115.83 52.370204046501 5.12246826262632 9.5937468582606
6143.75 47.63743217788 4.11178992876575 10.5969750649338
6218.71 64.0130693937001 4.7701704465963 11.7151112555084
6335.89 50.3325555491948 4.60418449088035 11.6376448610717
6571.32 29.4783470669247 7.97670187832148 11.3212829258991
6744.18 29.5918787394003 4.13908474648614 15.6827738656457
6789.01 100 13.9878196040685 12.8112787186628
7193.28 60.8199408270935 5.14517291580437 28.5576128704106
7478.68 14.9662794952531 5.51871194194057 19.165835460838
7626.17 32.1217960428882 12.0237675403193 12.7569135237973
7740.63 18.188165180643 5.66830656061387 16.8081883865025
7838.2 11.0911230470459 3.04854307070616 10.6170068686906
8008.33 13.060647143442 3.15502841109516 25.1625836529092
8288.16 8.85354136731074 3.74487209729098 13.5114355263431
8496.58 10.0016835167859 7.37930903068399 14.1962473134881
8817.29 23.0189082277396 5.66926184248652 19.3888099326032
9063.62 32.0787950963634 3.58219594990151 17.3869491563728
9379.03 26.6589872651446 3.52374442377717 15.9054569623149
9460.76 24.1113307316987 3.2218550840158 22.1739507123966
9553.45 30.6545584896248 4.63462924923992 18.588178007989
10031.36 8.50647916089822 4.19194321545032 15.5831389412142
10098.16 7.86455397542174 3.43998792752653 15.393291132279
10231.08 7.7469456462288 3.05753907660304 33.0430072614708
11107.34 4.59423849453154 4.8268181829466 14.5283701488097
11142.85 3.73241664503964 3.77257011893554 10.7269636517958
11691.34 3.13575011621763 5.20268876583448 19.4918454537965
11717.18 1.77358247897651 3.04696302718818 3.19123025811859
11788.81 1.40816213744193 3.21495353441656 1.72939316680277
