4152.58 58.8363708699354 6.78479956081389 9.01423568545488
4196.52 68.3429416009469 8.27174038780242 7.53054237845481
4212.3 48.1061032224228 6.01865558749394 7.96638663481644
4285.64 23.2044984451788 3.5725051600901 8.32013196996741
4297.41 20.9558404967387 3.33595342505887 7.84773903864789
4493.53 12.4350664413411 3.21219008666876 4.36983851718469
4634.84 33.7109102791379 4.38333593747458 10.2884680366878
4676.11 46.7534128849061 6.34468261309569 12.5697081436492
4723.3 23.4890100317159 3.37129891520143 8.74255261414874
4897.34 16.5698400437255 3.42679433585054 7.22942282563508
4947.53 23.3361904608849 4.76406251522789 8.3031738406662
4982.44 31.018708199173 6.42834271676636 9.1875426608367
5077.63 14.6853550983051 3.44001788151958 10.0344978032508
5174.45 21.9694477045003 4.38434788997762 7.72425469530299
5253.25 85.9093517996935 14.6922099030903 9.69502018118055
5382.5 45.5645059114439 9.79980871028947 9.92847733894632
5471.67 11.3215041650145 3.09753298232309 6.30057855115865
5616.84 14.6345938880825 5.1601358767082 5.87696715319544
5817.61 12.2893035065003 4.75437384527337 8.44041496459613
5932.25 17.3887162094038 5.18520168785338 8.37471739557805
6004.28 54.0491257535701 11.6490747044135 9.63879914255813
6116.12 54.2239254063359 6.20316046726081 9.47018003353969
6143.46 36.1046951864337 3.62141753559836 9.9767245667299
6219.87 56.7847333163274 4.89482651121154 10.6491713726873
6336.77 50.6415536045821 5.43536636853597 11.5508314582057
6447.55 16.9555482126986 3.16251433877574 10.8148061604979
6570.28 31.2351289482894 8.37559469661021 11.3649839713071
6747.96 29.5237726466409 4.66041450450424 16.1882641835737
6789.31 100 15.7523271146311 13.0313248445746
7194.22 48.2709010083193 5.26396859348011 28.1322197859427
7479.48 13.3551805555288 5.73430513339845 21.1791429661489
7505.98 6.50211389254662 3.01470261512757 5.35957026489359
7626.65 26.0166123818936 11.85848492769 11.7765715298956
7739.18 22.9229725742729 8.9560340491025 14.5023211010885
7836.9 12.2280324954583 4.104024136458 9.98567862753862
8022.08 12.5670409893975 3.63219996823514 23.5608295216789
8498.09 7.50775658970941 6.00105284885405 13.8246601177671
8788.42 8.61838364008932 3.13848147061184 17.3266230986574
8818.15 20.7915194949144 6.68490831643623 16.4616220178232
9064.14 18.9655051139331 3.54433297693688 15.1379480629475
9134.37 16.9750463344003 3.27547891533525 17.0769606131744
9379.91 19.9274585410724 3.96318625840488 15.0110595531169
9463.59 21.0826960172852 4.12163096789585 19.5733110198071
9554.34 29.4701337443435 6.4023572897117 18.6906333885927
9902.88 7.44076511605629 4.11167158547613 19.2415844084062
10033 8.0004318547924 4.22742745480068 13.8154373322486
10239.49 7.62369099140804 3.7240636382055 26.0827811765394
11112.47 4.09399396807699 4.47303989683959 12.2234131313216
11462.25 3.09493580062102 3.48036534401898 6.10272051747779
11469.37 2.71739961883675 3.03874928590372 4.1257146194439
11682.41 2.00789229367132 3.37452312153696 2.3538643117372
11691.34 2.69727844060136 4.72939750632925 4.02962762650895
11701.44 2.57091683695622 4.64494673348378 9.61291619046096
11815.33 1.37923810144151 3.82292332112147 0.952255853509996
11841.88 1.3225083202002 3.97499206066513 2.15212946525571
11909.34 1.04387181825697 3.8337647290421 0.658206181027708
11950.88 0.862791056031517 3.67043961541512 0.560618846833677
11957.95 1.15077011404382 5.05423852833387 0.50599438651625
11976.59 0.776243361753161 3.66354958418773 0.374832456225704
