4151.86 63.7983608494712 7.94333654378289 7.965197229968
4196.52 68.0405235608283 8.78452007215069 7.72381691382543
4212.54 53.5266368366058 7.1165026291324 7.71532441081035
4283.68 28.7921404530893 4.25827418393426 7.73692845043388
4352.66 19.8315430013253 3.08451762537918 7.22922841433501
4422.4 18.4378794039415 3.61822609791309 4.59305816805227
4459.02 14.0391149125119 3.26559572429838 5.89641831822973
4492.78 13.5304933269133 3.82765021564901 8.71924078720804
4583.38 14.5752374120218 3.58810020567789 6.89335171141374
4635.23 21.0650196131722 4.53185311269986 14.582017958759
4672.66 39.2391980563265 9.2779514006824 8.64811815626399
4896.56 20.4749861727223 5.15781427977724 6.78896424283175
4916.14 13.7324278190298 3.26827870133794 5.50835167012701
4948.58 33.7419136317861 8.0267329995545 8.22892157222941
4981.65 38.6147148708053 9.19057012961621 8.69876570800898
5077.76 21.063295650784 5.94264935409941 8.78614271231891
5173.38 15.8645291570119 3.88422657963031 6.80209811348141
5253.25 96.1049229066705 19.2265922290169 8.92382399703456
5381.68 46.0540341594943 11.0450117936912 8.59447515898228
5602.4 8.00193648100398 3.2847689919748 7.34429919250124
5615.17 11.133534882882 4.83796256400003 8.23580177305394
5756.88 6.79647223532631 3.91071685466799 6.29437320722718
5768.69 6.75380378120467 3.91488196257079 5.65587220993439
5817.19 11.6291111810113 6.80879039269255 9.96605603697208
5932.96 16.1100138818217 6.14727634953582 9.45737602850568
6003.99 64.1552174237047 16.0535357961583 9.44250436300717
6116.26 57.202622203951 6.78363886206236 9.04413971722079
6144.19 40.4978411691313 4.13740084492432 9.93595113635001
6219.43 65.9975712407981 5.77198928450353 10.0871988442532
6336.91 56.1380551831859 6.37973988346029 10.6584309370728
6447.11 15.8007972892013 3.37465070377974 8.31283501158396
6510.64 10.8340537325728 3.05770591285436 10.8333079948661
6571.47 36.07272246414 12.3200757375491 10.130792441284
6747.21 35.6000787637667 8.15447077069727 13.3384008184039
6789.77 100 22.710729433934 11.2678228158184
7150.66 38.9798094282432 3.38732032282348 13.4590848364896
7179.43 70.1014200920161 6.23075684915706 26.4144805549677
7480.11 11.7332558128825 5.22599056725629 19.7322219328498
7626.49 34.8481480140698 19.5798936913558 11.6496756300639
7741.6 19.9938145453305 10.1154523937583 13.8226430366531
7838.85 12.3832113345618 4.65355874474832 11.361494963684
8007.35 18.7918926462237 4.63685687270416 23.3300976252658
8287.83 7.46345032474074 3.96259826166312 11.749591463049
8497.58 6.83317676952558 7.58373998456116 15.6084514521135
8818.66 25.6085995712977 7.61136519941417 17.5026510153693
9064.31 28.396294219193 4.24315426227458 16.2727279442624
9136.11 20.8004995481232 3.18484230678935 17.7247918988814
9380.08 25.2548132349484 4.14657076703053 15.4057677395376
9461.47 26.8147323981017 4.40700623696082 18.6001284742833
9554.87 44.1934685065713 8.39565714801151 15.9787317096725
9902.88 7.4977659649313 4.41829044414273 25.7062235061403
10034.26 11.8028311668035 5.99731102647502 16.1015944752016
10238.03 7.31860917116104 3.0363025553171 31.5113914450958
10414.31 7.05736657623609 3.35129106675519 17.0289099509992
10881.05 2.56219448315079 3.41011278470273 12.7226944114973
10926.03 2.18736691384694 3.01244620874999 14.3963793937146
11109.05 4.15621196909651 5.31430115643925 17.0698339857863
11332.47 2.91238423046637 3.19105025108544 13.0148559780137
11459.55 2.96929657815914 3.49894293707735 16.5296419241004
11692.7 3.32592322807981 6.34974536193037 19.5353288504175
11954.02 1.03647055621611 4.32028420862975 2.75899945225137
11963.63 0.854033332484226 3.66340820129523 3.21672269677947
