4152.1 58.0562712563341 6.74294364935665 8.7900055536893
4197.61 64.0626474325241 7.79494332463542 8.80882368901621
4211.94 55.191518923933 6.96391895503145 9.01094199709496
4285.27 19.1311123154833 3.01624367552084 8.49801546858362
4354.38 18.0038236916269 3.34141038009733 7.92331451675636
4368.84 16.7566598000019 3.25815462678457 8.56518801055063
4422.77 13.632541633877 3.36273498742742 5.51376291950146
4491.9 12.3481600940322 4.71202935636883 10.6964223809164
4582.37 13.9031880738956 3.48233172549691 5.4046618846578
4634.59 22.6453440198285 4.18336971956479 12.4165058740682
4676.23 34.1848014509278 6.63493561787817 12.465311125472
4896.17 17.5832435670053 4.7848252094468 8.12832513859848
4949.76 21.4137879464957 5.491085418979 8.44442310053273
4981.26 37.9099608019984 9.69219863623768 9.6344756206945
5078.95 13.9542576620347 3.80046869323551 8.79215292446224
5172.31 15.9114339556023 3.48541465493342 9.09833512017758
5253.52 90.2874007992667 16.5746158109933 10.7396161636125
5382.23 45.9502097012123 11.6716449918901 10.5080435194859
5605.59 6.86891832705171 3.23224564177338 9.36661746107802
5616.15 10.5931339444098 5.37373981932719 9.5496319217018
5759.55 5.99520321166097 3.79905950455115 7.44675223391278
5764.76 5.28022765033387 3.32257591768574 8.79535399915676
5816.48 11.1008339916243 6.88755574675655 9.71993751738773
5934.24 14.5030731673264 5.32316766952486 11.0058634902662
6004.42 59.4257002821145 13.5206616117566 11.2840173478917
6117.27 51.4067103027698 5.35611423942187 11.346981348428
6144.48 41.3748136657087 3.74624553300719 11.8883938464724
6221.62 62.378459962201 4.92723307106091 12.4637600137285
6337.35 50.5374699262768 5.28558908175575 14.0382144384976
6571.47 32.7007935836789 10.3273120373219 12.6211204893307
6746.9 27.5358692900148 5.83433867398853 23.7532753382138
6790.53 100 20.6722772274869 14.1751898228194
7194.06 52.0705393267399 4.33261493096402 29.6054720944876
7483.28 12.8207273924878 6.00698025667693 25.2404674542495
7627.45 32.4967560020816 17.5102317517983 14.7439160715876
7741.11 21.2500900000653 9.70236558714418 18.7399945028064
7840.31 11.6387529764114 3.75195701944793 14.5629777724644
8288.33 6.36789709293747 3.33104102167663 14.2623437048805
8496.07 6.59716783790252 8.26757526263895 14.8015657482902
8817.98 22.7995840106376 7.65910147585806 19.3608405684754
9062.41 24.3880373300665 3.80038208321704 19.6141544334059
9378.85 22.7296522310335 3.63114301311292 19.2669603903723
9460.94 21.4320360676874 3.37631575001893 24.1330414245604
9557 31.8736727845399 5.74612108909583 22.7437110244864
9902.52 6.91057232706455 3.83793066192226 23.7569544329726
10034.45 7.88053868855562 3.916114358069 21.2818917616532
11110.76 3.195973170511 4.57098788087246 22.6395034084308
11698.52 2.50542000924383 5.95315267839773 26.7507393234719
11952.45 0.555342479568324 3.33298521095663 1.40984626378486
11963.24 0.579346854234569 3.63858226782249 2.23979887193673
