4026.49 15.5590270744144 3.78633507821575 5.5770094749796
4150.77 49.422694885004 7.77807715251104 8.52605566663533
4195.42 57.1239421961317 8.37820312881258 7.53779791813395
4210.11 61.8997090809887 9.01529093242335 7.91672324126466
4282.09 27.1365279162463 4.1092619276404 7.00840501854782
4420.53 24.0798461990316 5.79859947915716 5.6754524854241
4456.15 13.1536142235809 4.08712929516979 6.48547478979071
4490.65 10.2048764485917 4.59490697102291 7.67808059993331
4581.49 20.1539496960161 4.41305465803062 5.55659224573901
4633.32 36.0576605291954 5.05922827982952 10.0307968147617
4674.45 41.5237934897091 5.85488519508994 12.0271442810417
4718.82 23.7761502532946 3.45229562063462 7.5585001043446
4893.56 17.0107600398614 4.43136397665825 8.72857597051916
4947.01 23.9447532315241 6.10775620501798 8.5267337893365
4979.15 45.1403998965721 11.5556228726658 7.85597350924036
5014.95 13.1531357903653 3.52797683414197 12.8560980915308
5075.51 20.5736864112681 6.22705370490718 6.69977134408236
5171.65 22.8309057255069 5.19475781611744 8.71474483778275
5250.83 100 17.6931319204662 8.68592086598801
5378.69 37.5546340363499 8.49634087237861 9.08863950923387
5613.51 8.98261816888301 3.88354483285318 6.01409071278431
5753.23 7.13271820846137 3.91816692670036 5.06813571132625
5763.91 8.13560686206447 4.50944547517898 13.6740967039332
5813.37 12.1000851846493 6.77830195070947 11.4055771806188
5930.11 19.5769789124996 6.50213685444791 10.1728058277522
6001.27 46.0477923586599 9.72574517437299 10.252343075289
6113.52 50.0109893829087 5.14095432725066 9.77187600498019
6142.02 61.143129998192 5.45798604191735 9.95031548665702
6217.25 72.9896351749093 5.50477510908784 10.34729768944
6334.56 51.6813641651412 4.80488893542383 11.3224010335689
6349.26 41.7617305407656 4.12375097408584 13.0624528079461
6567.14 24.1173508616988 6.79610386305753 12.1017342794621
6742.22 31.7651726823133 4.89363137356006 15.2661467909511
6786.43 91.1568813758815 13.4929231602811 12.4909892469359
7176 84.4049566819136 4.76188953139997 27.9005956999581
7479.79 16.9568152332545 5.88573389791893 20.457838070648
7623.45 31.9866847862169 12.8427048822708 12.7428149324232
7734.67 14.3555999817132 6.1501779744547 24.8185615449593
7835.93 8.32501581693301 3.16095464897262 10.7739043770907
8005.22 15.3684792921175 4.1963749662626 25.1519392981218
8286.83 14.3056154262028 6.2506658102806 13.8512894182932
8493.22 15.3628322818859 13.2797111709779 14.5456114796179
8814.73 30.4485593084308 5.84387925200806 18.7538629036262
9059.99 47.8096554245205 4.38037490230901 17.9047256832237
9375.16 39.5193679500157 4.09164649874344 17.3592994945484
9456.88 33.5043808034219 3.43379830502069 23.1631295298776
9550.26 32.9666443781268 3.77738916992882 20.3697150361349
10028.65 8.59496573148441 3.25868106562493 13.8359097413486
10095.98 10.1206423228407 3.46280358515465 18.2142582448978
10236.2 11.3306693333282 3.68199145669237 31.8271977090044
10908.71 2.43420867301865 3.08265622328781 2.66128227853915
10919.06 2.74054517603335 3.56992368452598 19.4772805224238
11106.39 6.90378559547953 8.46478974933011 17.8567721113031
11258.09 3.25007165522937 3.07087479436496 14.1838411825047
11328.83 3.80959874448723 3.51887223628882 21.5952096626934
11686.48 4.68117678619684 7.668320617184 23.6408084205013
11955.59 0.854911984222229 3.13542922079697 1.95264675921317
