4151.26 51.6840671044033 6.53227291775963 9.60143107860858
4196.15 55.5655567109823 7.48604270886352 8.57921108086066
4212.42 43.9510971815924 6.20108002398777 8.9091330458732
4284.05 18.944925384747 3.07184217482326 8.71405143512766
4458.89 12.2890952272594 3.08812595524954 5.47733478510781
4491.53 12.7610644694492 3.98993909176308 9.53167447924898
4582.75 13.9028449026225 3.19474345764582 11.699187510234
4634.84 24.1930699669293 4.40900667681273 16.259020326258
4672.66 41.3219439298306 8.11861129075753 11.8818541484434
4719.97 15.1287951397553 3.10466194142092 9.25148033007008
4894.61 16.9079075557409 4.04597629481691 8.8215836379386
4948.97 17.0239484727183 3.92714209995316 8.33959713847344
4980.86 31.2888045191263 7.48254745133086 9.56792880224566
5077.89 14.3332470151119 4.18772095091807 9.95311435061558
5252.18 80.7836877737944 17.7923873145005 10.3076310458509
5380.6 46.7336481963402 11.5653522643128 10.2604567010731
5602.54 7.71320619834413 3.42024184817419 7.71190178061806
5613.65 12.1573767162238 5.76914523142257 10.3685021804204
5757.3 6.93941926788091 3.93915616696239 9.98053033767155
5767.29 5.44607880927857 3.0510536046593 6.78942720697614
5814.78 11.35813528245 6.29230149554012 9.49471976740097
5930.97 15.2541577881081 5.71640358514727 10.4925778011238
6003.28 57.1410315702548 13.7173100052153 10.9189931194787
6115.97 53.7336737405515 5.75553950916185 10.8505515916941
6143.32 33.9155131152628 3.11373765625905 10.9899788055254
6219.29 53.6776095432494 4.17953848778367 12.0096620651766
6335.89 45.8820261890108 4.69881099370577 12.398266764978
6445.63 15.4996494626372 3.12619228153861 11.3491405852083
6571.62 27.1415944571884 9.08618836967347 12.3390988858118
6745.85 30.8139511494414 6.38566612162516 16.2638882319425
6788.55 100 20.8797887575074 13.3620933097127
7149.58 28.1188033674476 3.81670194508393 15.391574585703
7178.96 47.2293277380613 6.47859869237554 28.2840702638578
7476.46 11.3709308392326 4.9174135038916 23.2538238899651
7625.21 29.948831781709 15.5083451691814 13.7196988367014
7738.21 19.6937180510938 8.8015530946482 16.5313362459246
7835.77 10.9502595928879 3.69134379711975 12.2920460701434
8006.37 15.2612000757864 3.65403501874616 24.9451339187253
8497.75 5.04541757548079 6.03990245703041 13.8144696161507
8816.27 21.1631728330288 7.63947402313312 19.9708304492651
9061.89 18.2563943017161 3.28493793309146 19.7035060037924
9376.57 17.6818505557047 3.46797313733596 17.9824454560312
9461.82 21.4915270881873 4.22608535292618 20.6299393455847
9554.16 35.4555471672518 8.03685643186777 20.2698280518707
9897.65 7.30702270723045 4.08700991368067 28.7401321404614
10031.91 9.36764843928527 5.01546724166837 19.1842782318035
10413.57 5.81210131860003 3.37710180672347 22.5022613707715
10514.43 4.50003606361434 3.14518871494127 18.1776832364685
11110.19 2.62320194627341 3.83947855068742 20.9767719640149
11693.86 1.99216488107741 4.63297978374385 30.0651436690168
11952.85 0.702382300395098 4.17219953695028 1.65374911955041
11959.32 0.584105719459 3.54294641296591 2.98666285711988
