4149.93 100 60.7389465411612 8.13540249496145
4188.88 9.52441125032293 5.16924449673471 8.02218143245682
4293.12 30.6657267839093 17.5520601022229 6.76530502487367
4305.63 13.1068207611989 7.52856391710658 11.676354094403
4441.19 12.0890701344237 9.92308656960182 6.58868470302968
4493.53 7.14493447025266 7.90938469783923 9.58072569211254
4669.73 76.494829282466 48.0960140537859 7.09326172490273
4913.92 16.4930325532065 14.2736711383751 7.53057947114212
5107.9 3.58015697737604 4.78133144189856 7.13172050972662
5171.78 6.12763559711922 7.92785820190255 9.556633408587
5290.09 3.00857870785548 3.62424386341353 8.39961106333431
5378.69 25.251983135848 30.4616697215369 9.31878120723559
5417.84 2.93131913672044 3.73097534222992 10.7281178959474
5529.75 1.97454524938078 3.88662294512882 9.94816787691889
5646.2 5.75181417132138 11.0475058084822 7.80342106280114
5752.81 18.0843803047191 14.9137086887056 10.0165291446456
5812.95 36.1462985727886 22.8807049713404 10.1748345933856
5968.5 3.34692719065582 3.66391772718296 9.95526967738351
6242.18 59.2857763929908 23.365836967689 10.8780378920073
6312.98 65.9133046107469 22.4412775438842 11.0741297542545
6444.74 7.37235039593928 3.08128195679886 13.1327024720485
6506.18 26.6762675586638 15.3909516581745 11.0325441700379
6742.82 41.3230644778793 10.977274239975 12.3484609350908
6786.28 70.2354428055467 18.0808460298571 12.4415301346808
7070.56 6.4392340489407 6.853101877294 11.3336122115816
7474.56 4.82462990756633 8.32528385930347 13.9798797466901
7551.94 1.7892225533739 3.20882769718556 12.8553044748751
7595.8 2.48907186753849 4.85773273336473 15.1464166787082
8003.59 12.0015778546726 13.4358906446541 13.3611172087194
8063.55 19.5776765958269 20.2274240575672 14.4430563160086
8810.28 39.420222348823 48.7972686557031 16.1384639083772
9101.22 14.5404971414391 17.4559021100782 15.9474199983579
9550.08 91.9963963678373 22.2559633721865 20.3501461562573
10029.37 15.4707705911625 11.1744177609043 19.6516949585421
10407.3 3.50744706420749 6.25910036967722 19.8404803589128
11060.89 0.62823391073151 4.68982810565742 19.2639206643689
11457.63 4.49828613812913 19.6095254352126 22.5176658867695
11969.72 0.105077335038714 3.24713105881444 1.49503385844037
11994.65 0.0964228838632476 3.78456649904887 1.72605517577358
