4150.17 88.6062256974923 56.0348350800822 8.07008992019109
4293.73 32.248617022424 17.569704225093 6.43692105086939
4305.51 18.742149652722 10.0485933891828 9.91415142584628
4441.81 21.8265918812681 12.2089259445417 6.63702328360614
4492.65 7.03605868765817 4.62479239383951 9.50470537247384
4670.49 78.7915566635945 39.3614168128342 6.97984445960719
4719.59 6.74526644799222 3.05396487274876 8.47650012194117
4914.83 25.7950255905821 20.2658903800663 7.42178770250121
5109.9 10.4120826807312 9.61320903102234 7.19911908022641
5170.71 26.5023187652539 20.7186705001768 9.47430661149247
5378.69 22.0501851218335 24.5498670311352 9.33897019242977
5518.86 1.62530393219651 3.29215373975503 4.49315614095485
5531.13 2.73678196754482 5.84247824086385 8.5960284701232
5646.9 8.77531343676867 12.7885274299518 7.27156674938033
5753.37 17.6490513503599 14.4384219898164 9.6876346320123
5813.37 33.9537728753413 24.4262234378034 9.89666209290135
5967.64 4.72584211958026 5.80364533060727 9.46974970097654
6243.05 64.2028427610148 27.3109976655322 10.5339759454482
6313.42 74.0352502944848 26.7030252379019 10.6187585285579
6398.32 10.5158613368427 3.72165292699632 10.4744193927081
6443.85 7.80467639870195 3.11540002849771 12.2856839022425
6506.78 32.6657817925548 18.4773699765576 10.6669619285431
6743.28 66.7683114040684 19.7370828743252 12.9964413337684
6786.28 62.4823745073037 17.8897984247725 11.9501982768652
7071.18 12.6725055942416 9.07807103569158 12.2360890858226
7474.4 16.0756799924509 15.2444093676977 14.2598828770942
7597.72 3.1120890778896 3.14178854285647 13.9850807359535
8004.9 24.8921954155797 15.157724483719 14.3220306455532
8064.04 24.5228091335942 14.4974088151485 14.4559167013731
8538.31 1.2635038663418 4.08936455815476 16.3378579184537
8811.48 42.1468074663064 54.420482440841 15.6526457424534
9101.74 23.921059926705 23.0156608976981 15.8618835993402
9550.97 100 23.4018881449003 19.7247978200849
10029.73 22.758284904966 15.5286023001926 19.5935524483557
10408.41 8.01439552446935 11.2721502439987 21.7372996513677
11060.14 0.952837056808476 4.92308229668032 14.9713265250357
11458.78 5.57133516020281 13.865956456029 22.8222593415812
11960.5 0.195540724448374 3.4202764701986 1.99373593608834
11973.45 0.207778337665088 4.03671988574069 2.95516674588362
