4149.93 100 33.4065385799986 7.86950670267106
4188.63 15.3971083168714 4.89566314649371 6.84834148815389
4293.24 19.1841560036588 8.06868090838591 7.24558277479264
4305.26 15.9773293832288 6.91518510229178 9.40628755231683
4440.19 12.7671044527526 7.2176145894692 7.41262398953586
4493.65 7.18561403180547 4.39126574161048 7.72017758826951
4669.6 45.5184840556075 18.4377090506088 7.19963612524225
4688.49 10.6466174170548 3.98143359973962 12.1351249515865
4914.7 15.0302343248105 8.05923790000141 8.35086740912266
5108.17 8.38011347098166 4.38802045593828 6.70354641358517
5171.38 35.9680459894101 17.1593941876471 9.3813337730171
5379.37 17.3494310369125 12.7927211899945 8.45951890970537
5647.03 5.47209433633317 4.44484294098074 6.39564615329618
5751.82 12.5266550053802 7.11258982535486 8.62899413172363
5813.51 27.322659728464 13.9561194932985 8.74720467654151
5851.55 6.05711673351547 3.1187367575608 8.12369360079265
6242.47 51.2595572719576 16.8473615109948 9.99533593430988
6312.98 55.3219801828397 16.2712223362847 10.207826100238
6351.76 11.3543468631172 3.11897855586497 10.713951319427
6506.92 23.4876601894229 12.1343694718116 11.112999720166
6742.82 56.4772473820631 12.8000508672384 12.0091989679013
6785.67 48.5245476596033 10.6049717976081 11.2501425609507
7071.18 9.78308214039566 6.23435989243333 10.6468300169217
7473.93 19.8647727840231 16.0291568839176 11.9706360630998
8003.59 13.6762809336617 9.18538952339508 12.7626698340318
8063.06 15.9805168614368 10.3462110339655 12.3158121561773
8556.68 1.82146291233571 3.35184674843086 2.87207299613692
8811.65 23.9903939768084 28.0280009301794 14.2103180844206
8849.8 4.89874031351363 5.01998012584377 19.1332606201231
9100.7 13.8609295108096 13.9231043826361 13.862388716112
9137.5 3.32250980470618 3.44570977512859 13.0768425524893
9549.37 65.7382154066437 19.0756112783917 15.9691474625033
10027.92 13.2690936602403 8.42530196232833 17.9475418232869
10407.49 5.88838109374996 7.24337952640201 16.6925844657326
11456.47 4.25800801199722 9.44791834092163 19.4654655633603
11494.41 1.75720035070221 3.85773054289713 10.7184680793926
11507.13 1.45033857866897 3.19573550393158 9.67470963984852
11926.38 0.440540858960302 3.46727193847293 0.960043528129972
11955.2 0.461228587062819 4.14930719318049 0.515235113716699
11968.74 0.380597783000209 3.64620269462115 0.392484422767666
11975.61 0.329060393507461 3.25615240458011 0.615666323414189
11997.4 0.299526729022991 3.35191028637331 0.834097942077278
