4150.17 97.6880126347161 50.7680912756071 8.92213573658591
4189.85 6.86974162317062 3.24640449806079 9.16364424786752
4293.36 33.3665565224784 16.9614894737992 7.43145592499513
4440.07 13.263545333569 8.33752588463668 7.37133622255533
4494.28 7.13211390545901 5.56563268506062 14.4862405985559
4669.73 97.202862837856 40.2149515059632 7.78294222901332
4913.39 24.3046915985545 14.7599567038174 7.9448142944766
5108.97 4.26760106158004 4.43516687986703 7.01135353016798
5170.04 4.5844044466166 5.0956546054133 12.7226425063254
5289.15 3.33443140547239 3.51628584889576 8.87489460390316
5378.96 23.7959091237897 24.5913462141758 10.1768556372963
5645.08 5.88163898596056 8.51540502414004 8.71288212273885
5754.35 14.0483316377557 11.2873648054461 11.3827842116225
5813.23 26.0649089877271 17.7105623210174 11.537565507334
6242.32 42.7042096457518 19.1012329406271 11.995192461789
6313.86 55.421519716566 21.5178062826099 12.4962719678269
6447.26 6.23489640913809 3.05247949983717 13.1056481091
6506.48 28.1344892172108 18.7421904382689 12.7024308159343
6742.22 34.0671614582269 9.8399591068622 13.8833522560099
6786.73 63.0216672658226 17.5981367833812 13.839397459773
7070.25 5.82746485736291 6.31848781073276 13.4477167797695
7472.98 4.23243598213759 5.57587238880558 17.0375753379594
7596.76 2.63920158566759 3.7476235278975 17.4254891667952
8002.44 16.8999888759423 12.8414611762214 15.6058549443251
8063.22 21.6412690448528 15.2397899334212 17.0433636920043
8811.14 34.6839372251296 43.6589503716521 18.5433137227519
9100.87 13.4282714337449 15.4533024021272 17.3789256960808
9549.37 100 22.8130866443584 22.2864664622175
10027.01 19.2018436853058 11.1441233832275 21.5131092902793
10407.49 4.05862267903053 6.09013542608439 22.7096597085492
11055.4 1.18381216986811 5.77799533474921 16.5469340377149
11451.86 4.1272148098443 12.6277218943488 23.7969819605205
11964.03 0.207890965478855 3.50694252243495 1.64659426000981
