4150.65 88.6489623224608 50.4859732747934 8.08987724280541
4189.48 6.29714982450812 3.26710106691785 8.77481662984792
4293.85 33.4757201645333 17.4453654918047 6.59974318692002
4306.37 15.8425687277288 8.17451169740956 11.4470275332196
4442.06 19.9851807034092 12.3009503649344 6.79888131301686
4493.4 6.50756030630991 4.95063659202155 10.0222591635375
4670.75 83.1875624375709 39.5343885964951 7.01958125218607
4915.09 21.4056040422879 15.1997681744372 7.64143990076809
5108.97 9.78799276761162 8.55661111931769 7.32001290082371
5172.05 29.3546563323386 22.8334226303102 8.69191085283637
5379.1 20.6766735741089 21.2461945875092 9.3632371327767
5530.58 1.88613767513116 3.38979234937101 8.69704651134361
5646.62 8.25222448443405 11.4885603839166 7.41375137370687
5753.65 16.1878138460106 12.0349571656102 9.45185130650134
5813.94 31.8275107250543 20.2509753323342 9.91809954581549
5968.79 3.66308829503959 4.34576034667446 8.92726271081028
6243.49 52.6614705977915 20.5333116154357 10.3484574291733
6313.57 78.1330438716946 25.7895144385205 10.4059976068174
6445.04 8.08833555680334 3.17898616848527 12.4203847187428
6507.37 31.4945387718554 17.4921493222607 10.5740583251618
6743.73 64.6610695516174 15.6586234648082 12.8584864259346
6787.19 71.7755276962392 16.9486949026886 11.5799033753019
7070.56 13.4349770133963 10.2881506185167 11.5821357195127
7149.73 4.3940735510799 3.02634091297963 11.0803107036991
7475.83 21.7914389275165 19.7095361903763 13.2921609916375
7597.4 3.33547155220936 3.1320769499538 12.3956157449629
8005.22 19.6950750294585 14.1047519013364 13.1950641168778
8065.03 22.0712673307241 15.5297934759695 13.7519863607422
8539.82 1.14252437928561 3.44224103642102 15.0705431218812
8811.48 41.4553852389773 52.6678255103659 14.738218820954
9102.43 22.1540067920097 20.9583933872916 14.5569167211615
9550.79 100 24.98383416886 17.1991935771021
10030.1 18.9183232351521 11.9786982561984 17.9798572780564
10410.25 7.9289361887971 11.0610580942917 18.5181721358495
11059.19 0.879445659708607 4.36037131154485 12.3427572820201
11067.52 0.775464885171789 3.82232150980986 3.45240000691047
11457.24 5.59510384849235 15.6530745017065 20.9719342917251
11947.94 0.195684750868092 3.09934506993461 0.96522669868682
11963.63 0.289264600963638 5.12650130228956 3.47741273367319
11975.02 0.228185667612317 4.41794747790702 1.14962850156371
11986.21 0.195493126027602 4.16458010203557 1.17755790580486
