4151.14 100 65.2381032083057 8.98590740436248
4294.83 37.0124395182771 21.0700312997799 7.60576525806664
4442.18 21.2679337447325 12.3957295890989 7.73666949313338
4493.53 6.90925345346245 4.76469553850885 13.3704877862083
4670.87 81.228051492116 43.1750494704956 7.9107396603722
4915.35 23.3506714773436 17.4750155442617 8.45296203821636
5109.5 8.40522323419154 8.22872680793972 7.92979244176968
5170.84 10.0888862757906 9.75733047691711 11.7490917423474
5379.78 18.820799372051 29.2230875363376 10.3819161174433
5530.99 2.11408612436877 5.72756802973669 12.6038393239933
5647.73 9.7549136322937 15.5006313044783 8.55082076201052
5755.76 17.3201927496465 13.8402331693531 11.1947406289746
5814.78 36.1339721612839 24.7784830547277 11.3358400000607
5969.79 3.46483834107401 3.96455484956402 10.7035414824868
6244.37 64.9146097795609 26.3966087481833 12.5944474143662
6314.3 68.2835063828243 25.1962163373027 12.270859075893
6446.96 6.80164449962239 3.08133376929057 13.5063813043298
6507.67 25.5313550678435 16.5311119600279 12.2948868746098
6744.79 54.0521549575791 17.2769721366087 15.5687309037194
6787.49 63.5812818155656 20.0860032865087 13.4512901111502
7071.65 10.0713356627491 8.74982438409868 14.2286893113442
7474.09 7.99366491760673 9.85637154666869 19.9242415812023
7600.59 2.33760540571557 3.13100952432391 19.1967079128563
8004.9 18.6834680594358 16.9372740179168 16.213900220022
8065.03 20.0678522753007 17.4131518793713 15.9723243660428
8812.85 38.7538936317581 62.1366635414434 18.4557272881775
9102.78 20.1756531780391 23.092921736844 19.0785481238272
9551.5 87.0352168876125 26.6774984376496 21.6890127949682
10030.82 18.4164331898581 15.6175529363378 22.3104583095555
10408.96 5.92468257743941 10.371717102107 22.493838996661
11063.17 0.729050893378562 5.17207996966905 24.2210870108975
11458.01 5.68784201818759 17.2015787899696 26.8327590638091
11959.51 0.271186333177488 3.79562983725771 3.97521733217764
11969.13 0.231352948418818 3.36420814502289 10.1967337225324
11980.51 0.219238462792155 3.34380053197347 5.42014065240255
