4153.31 72.2962199878487 13.2248899692488 8.87652052915473
4214.49 68.4935973040527 12.1312138132351 7.94166310310993
4285.88 36.2217034094728 6.37356291709803 8.88739086236092
4397.07 16.2968057786243 3.05463873286427 9.36636661029843
4423.89 21.2733930429517 4.33319690463582 6.67037909724058
4444.8 14.0497460072 3.06230227510222 6.63412279815384
4495.16 11.1463478528192 3.06861738794345 8.87018309307132
4584.39 21.800896002536 6.91394936247448 6.27299400762877
4674.96 34.6678848643695 10.9347771900368 7.77335593020416
4897.87 21.0153480578975 6.13123990905522 8.51180976702835
4918.88 15.4876508258393 4.32742019957365 6.53362270610887
4982.7 39.294742502241 10.7716619401432 9.28629178089886
5080.01 23.2183346178259 6.14034267488536 9.60284775252876
5176.33 24.5446277042248 5.75080034396714 10.1881695768379
5254.74 44.1542951359873 9.92434061298706 10.0375487955998
5382.5 48.403414148046 13.3612771978068 9.95051518541641
5616.98 15.7612252996225 8.18469483830278 7.14718327899391
5758.57 9.96824975425368 4.91626940406487 6.17066168447218
5818.32 14.4427847168457 6.49928165560821 9.67547860213836
5932.53 26.3394727130886 12.2342920715017 11.1670953928269
6146.94 39.6644347387501 9.49962507501534 11.407101446589
6221.62 53.3846571306 9.58333038423042 12.1488166880463
6247.14 40.9719601448133 6.81948965211377 17.9532535440621
6317.97 29.4774338069749 5.02648141696556 10.7709514963062
6355.44 29.0642292902007 5.27192027374706 11.8368505761309
6449.04 16.4130408421352 4.10736964256212 9.173146196159
6511.54 10.9251624791573 3.26851734811425 8.72042855301515
6575.06 21.1587601052451 6.75192577813603 11.0209586028568
6749.02 35.6128458142589 5.67073316102448 18.4664501822817
6791.28 100 15.9778765316297 12.0574073544103
7151.75 40.0517991848582 3.91047344302187 15.5756094211647
7489.47 19.2405096888994 8.81272226893589 33.4380755299335
7628.73 27.7354418597355 12.9287117408558 13.935269979338
7729.52 12.5195669278475 6.65548329556019 13.8662078848874
8010.95 15.0085345185168 5.49301154557554 21.6434323218828
8069.3 11.747216476072 4.00342717556839 14.4266661373558
8499.1 8.74611062987288 8.06565515136523 15.6869495894316
8819.17 22.1166265841821 6.50581028681814 18.7542501692951
9066.05 28.9496445716633 3.8939444117152 20.0179008213581
9380.96 28.0751507749201 6.55702038870693 18.7388919065634
9557 32.139254080216 9.42488226441757 18.9546089427822
10035.53 9.02458045115432 5.50021585429957 18.4459877304744
10418.55 5.95732124338189 3.99523587559613 18.688463430035
10879.17 2.13947303556549 3.6792298445638 11.4916486932325
11401.88 2.62821430224974 3.44175133046085 17.9332427296977
11696.19 2.45199704477326 5.46787560774246 12.6302585730191
11709.6 1.66891529500637 3.81989194719549 2.77043684463752
11966.77 0.676419707000036 3.34119844589418 1.25265864472385
