4155 70.0333814418412 12.7280665849075 8.3425699328609
4215.7 59.4873526679767 11.3807634359701 7.69898801084491
4288.7 27.6042232309362 5.6250385964456 8.43433297783577
4446.55 12.6785085587771 3.10822598649414 5.68961014083652
4496.29 12.0078278464561 3.79100140414969 10.4862628794344
4586.42 13.9564238610536 5.22319364473675 5.69374354912452
4675.72 33.9407903000927 13.5091868103226 6.41742867655012
4899.17 18.6081532461941 6.6033828431857 8.32059819577717
4921.76 12.4894162666421 4.21419954844481 6.41968657636426
4984.54 38.4286466150704 13.1752438615753 8.31578482432633
5081.47 14.9613074729239 5.6421786700553 6.92559260478902
5257.43 38.9546787429218 13.149768436929 8.99520482552089
5384.55 50.303512663187 17.8906881657703 8.98624222694525
5619.07 14.9480126156779 8.18368711810234 8.06518143478206
5652.05 6.03340246064517 3.3317701274909 3.47662016317281
5760.26 7.36779673754779 4.32643685140795 8.23423955243015
5820.01 12.7758619156532 7.36323444487471 9.20352938844098
5935.39 21.841740425863 12.1821518027212 9.67909069236975
5957.79 6.57595610648314 3.60786200147613 5.63290097163645
6148.97 34.5227198879172 12.4087815976836 9.24121164751887
6224.97 49.417611739096 13.9337453477169 9.7025296107513
6247.72 31.750613828299 8.40997935044089 14.9259596853271
6320.61 25.6518899382905 6.89487888538152 10.7789715320187
6358.24 20.820765307169 5.81666986169877 11.4529240375323
6451.11 16.2596884562192 5.76216573778737 9.51919802503926
6513.47 8.85639024560344 3.47761871535367 9.2151083440358
6576.41 19.6185478745244 7.82374815426022 10.5000556325904
6749.78 24.6338056885269 5.61735821412465 13.2812653403053
6794.01 100 23.5494037345528 10.8777807936167
7112.19 18.0837928228358 3.44988195094738 15.1088291256392
7155.95 19.0584939595946 3.67434471180717 13.3561049896598
7488.99 7.91087963580386 5.19936162590856 19.8594416259484
7509.47 6.11362033641351 4.06255847126226 14.3015743394108
7631.61 29.2696049191412 19.1320308753059 11.3529067154559
7730.97 10.8778420349889 7.15197443455164 12.3640959297554
8013.89 9.48705124922101 4.72091003581431 9.89629975578191
8072.58 8.25254176042497 4.24719480069464 14.0062337670197
8502.29 4.80492667796453 6.28751664205427 14.6876809899495
8820.88 18.5234279894263 13.2591040996492 15.9421388974115
9012.45 8.02455352509464 3.27605459989178 17.9653499759388
9069.16 12.6642516708508 5.41912166998271 15.8719986431879
9110.07 8.45318392668269 3.68008262438015 16.4162589333046
9385.18 14.6309976761488 7.29533693129781 14.6530372386205
9561.96 28.1578341677599 15.4803937904053 15.7725331941965
10037.89 7.73839341799509 9.11239124785766 15.3407538016763
10162.61 2.94149164591338 3.08806516159537 9.49389096943196
10233.45 3.53808725078344 3.84307863594223 8.26242830549381
10418.92 4.54064170802151 5.74402248485975 16.4473612521433
10524.25 2.39603556956546 3.38391721187318 7.88895134868289
10889.51 1.74207279117788 3.61647886044739 2.56333041241851
11399.77 1.85578631642677 3.5855849387837 4.41818657795193
11418.98 1.86562775008066 3.61069276137697 3.98542740933772
11472.06 2.15147368381368 4.23593032817528 16.3015387888554
11706.1 1.04258301693144 3.09575855036402 4.36236447261035
11728.65 1.01843058904682 3.26308720087574 1.63155798622938
11812.79 0.817055937325035 3.67458335640109 1.19924892384915
11820.6 0.649973385317442 3.01436796853421 0.71175532905545
11842.85 0.727942395036605 3.59005804734094 0.87058167043142
11860.83 1.01472837367473 5.29084996971775 1.24191852468539
11962.26 1.11318074039965 8.06200176251618 2.65458259603474
11970.11 0.857730059436689 6.39085161716174 1.85378239774764
11977.18 0.827011047000739 6.33587718352056 1.80661707947183
11984.24 0.407940556833583 3.19513701926501 0.210605910040613
