4150.05 46.6146663542524 7.11329796938006 10.715297978476
4212.42 35.4379382468035 5.86964563027508 9.48346725690863
4494.16 13.8282255052966 4.37436097382964 10.882341273732
4674.06 20.860863798137 6.97930452234628 10.1934174192584
4896.43 17.8150028135084 5.67361337220018 8.53945934625517
4981.65 34.2808850759644 12.3601507154501 10.0194470704782
5080.28 8.68135760310686 3.48023937931033 10.7500507156637
5252.04 17.7744298501892 5.94036768877423 10.8370644646166
5382.91 50.5152253531771 15.5139280474553 10.8518496229581
5618.23 18.7030555032969 9.30080516157006 12.3896188090494
5814.78 9.1796244782978 4.06101738913266 9.69007943594988
5931.96 20.0829306173833 8.32526620958892 12.4477993103983
6144.77 29.9850937914671 9.2818019606055 12.0320830884284
6222.64 31.8885354545686 7.51985756256622 13.5883621724679
6315.92 29.0732119095922 6.30318537305822 13.4697416766021
6352.79 20.4807781698359 4.5207243317032 12.3145903439718
6447.41 16.7461229660332 4.39001612697247 10.4530211088768
6574.01 14.9413832262328 4.30738592780314 10.3772635892446
6790.07 100 18.3591517882663 14.4673107330591
7505.5 8.95735988929763 3.78706585583903 30.600854790373
7627.45 33.1067097217238 14.3505939924903 16.2802644268932
7728.39 8.93330004019529 3.9740164460164 15.5575077920366
8065.36 9.44680065749496 3.70432144784148 14.6077661315057
8494.73 5.73351020855539 4.02118218676584 22.3246395517399
8818.32 12.7573855000496 7.38300571762208 18.8019113737628
9062.93 9.86570963040354 3.87288298864838 23.3182355210538
9382.72 11.0726125860721 4.92453898538807 18.8748661490881
9558.77 21.1739693868192 10.5240308322747 23.3782381444762
10034.99 5.74553068529068 5.19189728174054 19.4745912648086
10411.73 3.31691013701691 3.01618069550612 3.75228222560872
10419.28 4.09921416383342 3.86494738979453 7.27994558207683
10964.3 2.30976482431557 3.14983310124178 8.93267952422138
11459.17 2.16838616764672 3.0255467990746 4.88908182921477
11705.71 1.6500049922354 3.50001997011815 1.84436972902768
11814.55 1.16623212132342 3.59792008536202 3.31663480213501
11967.75 0.671132673579739 3.22693024126096 1.9605627346682
