4154.64 64.8125807855682 9.86415158172911 11.5992548643362
4216.56 46.9852711276999 6.85339245233844 10.7437994364236
4288.95 28.6583621732106 4.08515582913504 19.2450690306896
4584.77 13.6461598112217 3.41081966296974 8.29237652697884
4676.74 37.7372375528552 8.29354053079691 13.9572173825081
4725.23 15.4369601639732 3.34653078532127 7.66925308770897
4900.47 21.048524347315 4.48271358615903 11.6700775966337
4984.54 33.3075290843037 6.99783923426713 11.6908193755326
5082.27 24.5811800347621 4.94054682283203 14.173733666833
5256.35 35.0687105937899 6.63814178620547 13.0032344302545
5385.36 53.2433121300673 10.5021451819532 13.7023461914041
5618.51 15.9627534588448 6.33014701577322 13.7467860091629
5821 11.4591463051525 4.64984238535724 13.3934861878324
5935.1 21.9630043719827 8.54342356930037 14.2857642048029
6148.25 29.605459166943 6.94435241816964 13.6361958130801
6224.97 43.1137255667247 6.61870607785441 39.0527949567559
6320.32 29.7958902624882 3.95128543716845 15.3298625060006
6577.75 18.8880473089206 4.94679174808515 14.9049868618185
6751.74 35.7319939324433 4.90852593033347 22.3879186843378
6793.86 100 13.6670334821158 18.0004101355607
7111.1 27.4767256738132 3.01734140313647 22.7917951005074
7155.17 32.6670769459491 3.56571035225426 21.0235365975504
7489.79 18.2301465997427 7.13762790382432 37.359377149196
7632.89 23.2297931979109 9.48464629703745 20.8376077898311
7734.35 8.6610294627123 4.16521421632922 15.7612507528238
8015.86 18.459979255623 5.18752223068998 28.3265556057931
8072.42 13.4177115275217 3.31359734582211 23.865289907546
8506.16 5.50681583244736 5.07530278710203 21.3335554170444
8714.15 4.57957503810731 3.0104426432912 15.827154770961
8822.76 19.5811340866835 6.56993268528294 27.8026571599548
9385.89 16.5404780456885 4.16694182811929 24.4254918464194
9562.85 38.8523148116697 11.8012671297697 32.5389668058287
10042.06 10.0570137021954 4.78735324108156 31.9551808052984
10422.23 6.85321064006631 3.92089873650639 34.6568619908212
10893.46 2.40185526525097 3.56760031895952 22.145796962046
11407.45 2.57850122655418 3.01548654446311 29.8566379181084
11869.43 0.763231790283117 3.24153417001722 3.09625979905104
