4151.98 70.742162327246 16.7034198202289 9.1153077959998
4212.54 26.5038564623152 6.41926307607703 8.34688749777433
4285.39 30.3954203623204 7.65857237328155 16.2430858785865
4444.05 13.6472383150826 4.14318842013598 7.64844867846568
4494.03 10.4870896079806 4.14677513803527 10.3905576501602
4673.17 35.1850669555225 14.1434501392203 9.5546752586888
4722.02 10.6828081807231 3.86498896360765 8.29290535289056
4896.69 20.9140282344691 6.85620920293977 8.79689925648108
4917.84 12.6833599489669 4.10635360448011 7.80901714895299
4981.39 21.844603620626 8.26551663508846 9.02422348717027
5078.02 24.3885755312158 9.34350682459959 10.5090135239543
5111.36 8.66656195149266 3.12784706457888 9.12082042370639
5172.45 20.2424789794198 6.90075946320171 9.83795117775026
5253.52 21.1162734899198 7.26608512365229 10.3323332361169
5382.09 51.8320939051482 19.1422428886614 10.2403389170977
5618.09 12.3491899597827 8.52129630169208 10.6033732998349
5757.3 7.82559311420613 5.52181445640494 12.517370734975
5816.2 12.7342473786872 8.27654555748411 10.7848688540853
5932.68 24.5877821428514 16.2214229546621 11.5869740835815
6144.91 17.5756648479427 7.82849311041224 11.2282298428436
6221.47 24.2566764651233 7.25672842716039 13.0548048938372
6245.24 34.970504524105 9.48930442838632 15.952581659275
6317.09 29.3608675672627 7.53309715452276 12.3619984813977
6448.74 15.9317500420926 5.39009467328938 12.3850500745702
6510.2 11.0385243164967 4.3686831594357 12.8880291289533
6571.92 18.8738474569657 7.74035005144387 13.2372783316023
6745.39 37.5771146790373 6.66536703630585 16.8699296284676
6789.46 100 17.6937373278853 13.7718570161978
7109.09 24.0083639896687 3.77426095003327 16.0643694938926
7479.32 17.5845121392178 10.2595312738519 24.6476452394791
7627.13 14.1411220590588 8.83731656101935 15.011874561329
7727.91 5.6676357884926 4.59447622239378 12.4445165810421
8009.31 15.8283517264537 7.14551582106196 18.5154751688542
8066.67 12.0088318938733 5.28994265803774 17.9379221451636
8497.58 2.70449646748049 3.73838431186978 18.2664993648505
8709.39 4.9877768942623 4.88807044490328 16.5110247056527
8814.56 17.7383711717679 10.6236399000609 20.9223423448493
9010.73 9.81272744454494 3.32338726758251 21.1779963688405
9062.24 8.64269075383228 3.02474715847367 21.8155144711927
9106.94 11.7894435047242 4.29936204930731 22.2654966294049
9379.91 8.57883149713483 4.66949106211814 18.8104930860063
9555.93 38.1204001989301 20.4409989267071 22.2786341110586
9913.87 4.33715973903821 3.49758455363591 19.6813555611243
10034.63 9.5585592530722 8.50869856609499 24.0026624660986
10159.14 4.30654336798213 3.59321455060617 22.2869181406622
10414.49 5.88278124113712 6.92914700538744 22.0293019776673
10884.81 2.42876566554602 6.09721718725357 23.6019486702116
10965.24 1.26994936520896 3.10478563495754 5.59348753743507
11396.51 2.13344041938984 3.64793606769249 32.1626908147664
11463.02 2.24979012917678 3.69826307118051 21.2555720237178
11687.46 1.31838770555019 3.4611779596519 19.4341357561152
11832.5 0.714770063934001 3.56938380703676 3.06433485217349
11841.68 0.800260412944363 4.1040151595716 5.23544164819032
