4152.1 43.4739275179902 10.3255688480678 9.47336403648569
4212.42 44.0336739041274 10.7636758876997 7.95346209608124
4286.74 16.8650586798721 4.31368857958079 9.07012232513171
4490.77 8.75459176117945 3.35013627616661 9.38301597706777
4582.5 9.76995360799745 4.53348008293084 7.28749797418914
4671.77 17.1293132500759 9.77267169286589 7.73050482786402
4897.34 14.3990074261346 6.49492635723728 9.71056496478468
4917.57 7.08263998278704 3.0013746711311 6.24407948433964
4981.91 30.7809811871982 14.5558157259639 9.58465501982027
5079.09 8.904073343785 4.97244569881537 9.49623701227756
5175.66 5.3428587915485 3.01491579914594 8.97633980511819
5253.52 17.1967672788985 9.10918706792347 9.07724553760727
5292.39 6.11706489409048 3.09601351655907 7.93405984919264
5381.41 50.5460163670679 25.0731726431459 9.9370030713917
5617.95 12.7681060055922 8.48180267320777 9.92862587769378
5756.32 5.94513375260967 4.55837026332622 9.81210944064696
5817.75 8.85970067759176 6.35341849104578 10.2371834426503
5931.54 21.1698492905053 14.0248328733841 10.4161927241448
5951.08 4.74004813501242 3.11350465717767 4.24020489768736
6145.35 29.7365853612643 13.0552362329349 10.2755324395657
6221.77 32.5283865388643 10.8975847147462 11.567175367064
6240.72 24.323372273945 7.71374174729103 17.1402046431213
6316.95 23.920720898035 7.50076798689025 11.0069159161139
6353.97 15.7557069152968 5.08102152296361 11.6600513065987
6447.85 13.4291549435081 5.54276400665174 10.5206736890259
6510.94 6.62777860682968 3.05468183629869 8.35871798819062
6572.97 16.5002434938559 7.80593195944756 11.5918088311
6748.87 12.3819508880759 3.10795852857097 18.3470470056873
6789.46 100 26.1015836728447 12.0757833552534
7153.15 13.798144304221 3.09843999440072 16.6490177020441
7487.88 8.3721030706666 6.61423516827404 17.6167494217489
7627.93 27.2899000436854 18.2679511386354 13.6955432700079
7728.71 9.98257615436123 6.81890190639393 13.1815468825362
8013.08 5.81321049480855 3.1991328442869 26.3453289751851
8069.95 7.55415557133285 4.37158747889618 16.0393325348377
8500.61 4.56843248973981 6.69622697034281 17.6323283536294
8817.29 9.59078453864601 9.28624318039339 18.0711034523047
9065.7 8.2954498230947 4.60081882801256 16.5201657575544
9380.61 10.4170656353297 5.89743692581895 19.1799799824585
9556.47 16.1426596435824 10.5097140286 21.4815284530905
9919.46 2.23564511866576 3.15682399576001 12.9161162047458
10034.99 4.2292158559182 6.1257097156282 20.9823426756102
10414.49 2.35882830772064 4.13483260723622 22.8921808105697
10521.65 1.8602854479831 3.74172417564688 11.5142846015988
10880.86 1.17768185525042 3.56196685062685 3.10229877612983
10970.9 1.40258044643857 4.47393627707178 6.57286868449773
11397.47 1.32137574035183 3.77074026557487 14.05604944689
11408.03 1.10036309525106 3.11811239143095 7.45678737525122
11457.82 1.06482061271828 3.04938484939421 2.91602033093113
11466.87 1.12473969237388 3.23893743935346 11.3569109961209
11693.48 0.852847205565772 3.80299440093778 5.40270639549453
11829.77 0.54075779116869 4.04724747838372 0.970396102538871
11847.35 0.512698633808651 4.01891991854511 3.00934539502123
11950.88 0.463239017466764 5.06489932581815 0.939697321828135
11959.32 0.420026352580275 4.7369326422716 2.77256776725153
11970.11 0.258191782641636 3.0127122872852 1.20897004148901
