4148 9.0823216586575 4.16561452903397 7.11837469077363
4212.54 100 42.5979089895457 8.82185334277256
4284.05 11.0037773817971 3.68366043618077 8.40620728361955
4368.84 19.8602133646137 6.16445535474469 7.70994472800885
4421.77 8.78931486519219 3.56927387030348 6.12901381244319
4491.65 6.44954941652253 4.5020004737875 10.8844962857002
4588.06 13.8474922274686 7.53325775341195 11.4350061550831
4635.23 11.8342763503873 5.48829061038557 8.34465401793022
4677.13 11.7264503728282 5.71077876280268 8.93373262963905
5057.23 81.2118663239934 35.8750554566899 10.9900501390821
5252.72 9.94942466210133 4.26707083326814 9.90011594971566
5283.34 47.671439631626 19.8293078973713 11.2219203516288
5603.65 5.02858311238834 3.19415418441042 17.0365683010868
5633.95 4.5425574892874 3.11216019496271 8.40760545904868
5932.39 6.80659193045628 9.64919335550662 11.8653833466324
6159.12 50.8845515339204 13.5138255840206 27.0338303482577
6274.61 39.4974184097639 9.79531940318804 12.5275776650515
6537.75 6.68754537241823 4.19204117745709 11.5792227008515
6572.22 6.85796064645556 4.38134317916028 13.6467524456493
6726.05 12.4815385540535 9.13537820576747 14.3442484216803
6756.28 8.17484883522723 6.21723559185081 11.8078037418236
7151.44 19.0226094349962 5.55320615616108 14.3610072436704
7178.8 13.5130471097273 3.51792981532257 16.2906394918855
7269.79 21.7024934539752 6.35486558705896 32.5339537276377
7598.2 35.3443685777356 20.6690198197083 26.147029376486
7817.15 11.3357133153951 7.81956852509704 17.5378327582594
7975.64 3.90145696086744 3.25974932684495 18.3749836509814
8022.24 4.29172746822748 3.67966350507501 14.514593806497
8192.52 3.49882153299171 3.70392925721216 14.35859007818
8427.12 4.08518956352834 6.98040550976472 14.1387822531051
8523.99 2.49299361264447 4.74765273268241 15.0181103878767
8565.79 1.59831112109307 3.12838241176817 7.8144004322603
8818.49 8.19726148780242 7.13662495691843 18.9264460657578
8919.78 6.18032297879084 4.28331220081558 16.4276293645034
8960.38 9.5162800120979 6.51139798954388 17.8423425855435
9064.14 10.1691006412992 7.39329828130503 16.1160858434232
9390.63 16.5316826850273 12.581094144727 24.7013708566828
10088.71 2.91724893307296 4.29925004802462 21.3491914075712
10215.17 3.31897739215691 4.52904865443621 22.2116452742939
10321.22 2.42147549189963 3.3684854693841 36.188956954984
10582.29 2.10781698769663 4.37823462066194 18.6919197129118
11128.6 1.30227495042152 3.95937640428524 17.6787442512432
11689.79 0.784401999486316 3.95900517619085 6.82372453382231
11701.44 0.592427002115852 3.09014000942913 3.3564655127575
11872.56 0.542838562062403 5.32477271137626 18.0554322879907
11963.05 0.310889622292164 4.10437282168806 1.28154276300666
