4148.24 9.95638740735298 3.7363116322709 6.93540093669162
4213.52 100 37.7396300865845 8.82837945481242
4285.88 11.9963995727965 3.85507115417591 8.68914669505193
4370.2 22.2686000175068 6.60066836455699 8.36157714263845
4422.15 11.6651557508783 4.23799205669373 7.2208452570485
4491.65 7.42973733136694 4.31546201220017 8.33257290902566
4589.33 16.6811951639895 9.92248592592696 7.90270379497542
4635.1 8.67497352901848 4.79885043709294 7.40001131217105
4676.74 5.20208670885596 3.00565913751955 7.41656549459549
5058.15 83.6033909133386 36.8887102074286 10.5785562432748
5253.52 7.28854634083248 3.41196236115794 10.2012584217182
5284.69 41.7661997156614 19.8915203625677 11.0894414804661
5615.73 5.59655724624129 4.81125680193355 25.6596387930804
5635.62 3.72302470973366 3.25669429731127 9.86828602480182
5767.85 2.73218452196873 3.61073589866864 8.85145487377213
5839.52 2.65488566396228 4.12756015666416 1.9757792692717
5931.39 8.8401233093463 14.180483535706 10.6847951122018
6160.28 52.6866105610534 13.5852524791451 14.0432209856754
6276.36 49.8915840260178 12.1049444653461 12.5445564302736
6540.58 6.03010738043291 4.32981733033772 11.2971018008766
6572.52 8.11206983627898 6.08222467034093 11.6760875887921
6727.86 14.5693732703412 11.3720585667588 12.4206778880898
6755.98 8.06386400794357 6.29490032217298 11.1339519223766
7151.28 17.3646308524216 5.22605553322655 13.7818979393578
7179.11 15.1753630366507 4.07749175527121 13.8887823251243
7270.41 26.5578057714264 7.87956082483727 15.0436325320725
7600.43 55.432826088748 27.1657091409369 23.9930498908279
7819.9 14.2942791569543 7.98828318864808 20.8558766500882
7975.48 5.44183054129084 3.49362489784534 18.718172499578
8022.08 5.88386848253498 4.00365864239427 16.1484819368816
8192.52 3.88787148581246 3.83667645394023 13.5524678916163
8289.16 2.37476296191323 3.06595205829791 12.9395718139403
8428.46 4.70760431454937 8.60934531818315 17.3095182792695
8523.32 2.64764973346196 5.56679664698274 14.0756188536434
8820.03 8.52057671505823 7.04091966621298 18.8171962392244
8919.44 6.64767154820934 4.03461882559325 15.141064217134
8960.72 11.4799648148526 6.62802271401467 16.3979917440993
9062.58 14.9333524754842 8.70914992106732 17.575240907865
9390.81 21.5748518519419 13.7968933036582 21.6882966018984
9480.36 4.897990141708 3.12774633594548 27.2856753269698
10089.98 2.88110201426644 4.1199150710694 19.8909930890732
10155.86 2.52051113866563 3.38655164716121 18.9410776516197
10214.81 3.93391640658573 5.57282934354046 18.1067827410207
10577.28 2.6276263601738 5.84773206743119 20.8062277310473
10877.67 1.15919076416536 3.63586818666269 14.7057841527931
11128.03 1.55573644759335 4.80212307785333 22.8601791965957
11688.04 1.39042635381739 5.62283640736147 14.8102988778355
11870.02 0.871293281515837 5.06081916281063 8.38795911161105
