4146.91 8.51393556971201 3.79368707859122 5.44332423641299
4211.94 100 38.6070519857325 8.14105263861074
4368.84 25.7461209838288 6.60608238841684 7.67079051803557
4421.77 18.001925455284 5.24861392390364 6.57736120233039
4587.81 20.5869212406019 7.385117767238 8.85299282838423
4633.83 21.4468700745205 6.4365420863426 9.12278693047665
4676.74 18.9949683826813 6.11983528942839 8.46529552560605
5009.81 9.01064148823397 3.47416949369088 5.99205214001631
5056.3 76.8117595182489 28.7363525133775 9.43188834772263
5251.77 13.4473711076185 5.19501654437082 8.44075739827531
5283.2 45.7638188592394 17.2275156349092 9.40953853089286
5601.98 7.53676309711074 4.05370824673399 13.0433850955624
5766.16 4.47110209495291 3.90188987721285 6.42176688435484
5838.53 2.95241184937016 3.10511657793252 3.95332740193953
5931.68 8.1174929436683 9.36762335244639 9.54296310544669
5983.66 3.22719780921305 3.11806422060883 5.93029344331262
6144.62 54.3263411589074 13.7446591098132 9.98944505051441
6158.39 57.5773013994074 13.5986937744419 11.4372568728077
6274.9 51.036622576924 11.9499658964936 10.6968751946642
6537.6 6.21541926555907 4.05526077372355 8.54353717794038
6569.98 6.80867344517443 4.55953885025855 10.0627487532884
6725.9 12.5476641897778 8.16392140024074 12.6316380571243
6756.59 11.0020636974981 7.31585323062942 10.3408666438554
7148.95 39.3828612925104 7.99064415846209 11.6737071959042
7177.4 25.5334134490231 4.54347256395209 11.7365753014865
7250.24 26.1516088360342 5.02590190847951 11.7610633780523
7270.88 37.789148913936 7.52207058800766 11.4661138569136
7598.83 36.2397165714192 14.7583456755371 24.6485272483133
7817.8 13.1389515236627 7.30990958353486 12.6618279583827
7970.74 6.84635616186197 4.40451009666716 14.6371602844556
8021.42 5.28054673355912 3.45982985914472 13.8400575653759
8189.22 5.03037377977964 3.92923647550983 10.4013785757106
8287.16 6.5705556148912 6.1743934643909 11.5819556070073
8423.6 5.8169617732424 7.37737770374264 11.3415623342571
8523.83 3.59432808944043 5.66463445353301 14.1714105519823
8566.46 2.04187436670109 3.45462918583827 2.141852128756
8771.19 5.84090974435357 3.99144329796214 11.740029330942
8817.46 12.539562898516 6.50433584020941 16.0546865769284
8918.58 9.36577536735505 3.34169634219917 13.0466288648859
8959.69 14.825093190302 4.92053377949571 14.1088294325818
9062.41 24.3050678976329 7.90615193063812 18.650150039819
9389.4 25.8031270889314 10.5692786659041 22.4672973021716
9479.66 9.72514579847154 4.2453453360343 27.3075638067094
10156.23 5.52050298791386 4.71033763472406 20.3120920629262
10212.8 7.04977057957517 6.16259715701873 17.0982913719163
10576.91 3.409512628882 3.94525864028382 18.1267987188148
11134.68 2.55461058405432 4.42164738661162 29.6983233079227
11371.56 2.38287209706766 3.6563779068457 12.9250496025725
11688.62 2.43892286349605 5.47505883278821 19.3632159010776
11864.74 0.963754855149663 3.28679570142339 3.03048540200507
