4148.96 10.4988634033913 4.17314596738227 6.88524049451189
4212.79 100 40.405493572583 8.66452904751077
4286.5 11.1415838371559 3.7681848165367 7.75724745656771
4369.7 22.7508185631019 7.30144411210038 7.91621387757277
4423.27 11.1587290116923 4.57365132055145 5.7773419571522
4492.53 7.13102138182799 4.58582524262194 7.38808406175303
4588.82 17.3495441172964 7.63200499720322 10.248023194722
4635.23 14.1171934457382 5.10004334279443 9.44031103885936
4678.4 16.0530121375011 6.05283520310696 8.55041213812365
5057.49 83.3294665583323 36.0025040647621 10.212136467555
5253.39 9.77629624060717 4.11188475363356 10.0606398066566
5284.28 48.1954338554735 19.9738343768918 11.4966900919017
5633.39 4.93141724193104 3.28432283824447 8.65291741509736
5931.11 8.54067236209474 12.0585622155936 11.3731849057767
6160.13 50.3667359223448 12.6018753718238 26.4741117165513
6275.19 50.3851212468196 11.5933913918311 13.1776182633776
6539.53 7.25493882840754 4.81413961727694 12.3903705875036
6573.42 6.70441312629005 4.5869645886505 11.8815219439539
6726.8 13.0398834831136 9.34680027263194 12.8846737289541
6757.95 8.91073760287042 6.42886490887161 13.5293384734105
7152.06 19.4193006760038 5.33996191826677 14.7125243593637
7179.74 15.2300644219901 3.74740140089088 15.7795303897046
7271.35 24.9530739686519 6.90324059097403 33.4667045348751
7600.91 51.8541147079256 24.1717310658819 25.3781119550995
7819.74 13.3151284120193 6.93187032254868 21.5806042952418
7975.15 5.28360166127005 3.39521619317503 19.3595573855673
8020.77 5.66163266327715 3.845217338642 19.9651422610159
8190.37 4.0581694031071 3.84386704953297 14.816922058928
8429.13 5.05748329761262 7.51994216168944 15.1766206684479
8524.67 3.02714270462289 4.8293477827566 19.3380196279577
8818.32 8.79753985687068 6.8261280911164 19.7314180464364
8920.81 6.82656718994063 4.07586544189842 16.7911015409445
8961.59 11.693050895605 6.79581670271038 20.1500637695044
9062.41 12.3524800133517 7.57045486023697 20.7403147226596
9391.51 20.1266171955659 12.6986999241371 25.2486987720804
10090.53 2.6287554377516 3.61166370768158 20.2930210578033
10215.72 3.68091351031109 4.9245186650751 20.9659647857661
10578.39 2.38727972259012 4.533388627741 22.2696091945509
11131.07 1.37278575441937 4.13712320821547 25.8654989028964
11159.77 1.03483337632586 3.00926806215329 6.9880542684532
11691.73 0.889091122655805 3.46521801524235 15.5296664807101
11777.89 0.679094652720148 3.28398202132119 2.18840632710635
11860.05 0.729545336260238 4.35882140280452 4.15932569355573
11874.51 0.62719399138676 3.86314354845019 9.53595503848919
