4148.96 14.0334043350013 4.51392751448578 7.90928201657334
4214.61 86.6641100810066 29.643679860332 9.02859762501703
4370.69 22.4881998676443 9.60636500336102 9.10891530450499
4493.28 9.10081649197951 6.69061673889031 10.4166047608251
4566.96 6.03726956710559 3.49762426964164 8.87040580591383
4635.86 6.98693654871404 3.78007158958926 9.27977510592609
4678.66 8.72424925976677 5.15061606667444 7.41571031686908
4875.07 4.76015075867016 3.27973150150249 10.9432892996192
5059.87 100 46.5888271384687 10.8664084491747
5286.58 29.8567665076935 13.9850684410033 11.9384002961833
5412.1 8.78664416803093 4.6641743867371 11.6489228567989
5602.12 4.27598039509386 3.00480138129522 17.6121871963733
5634.36 4.90217529610174 3.67142145634054 12.6911272922407
5934.24 8.70909831474737 14.0924432808785 10.7366384220522
6162.16 46.960482755365 15.4785676589711 27.4239906041921
6277.68 20.6474470887689 6.14822382965292 14.4530594492908
6512.28 4.50473893606958 3.24469615744314 15.0448749867655
6576.7 5.98780543132141 4.4527927150261 12.9897183691292
6729.52 19.4913715820553 17.9472274041016 14.2541909652455
7255.71 19.7963781291782 8.43113241158814 27.359505073885
7340.06 6.434635011571 3.03707089516511 14.8390082411979
7601.55 35.2098358625978 22.4817330115231 26.3829564111538
7820.39 6.26668452027122 5.37079910632161 16.7232533685674
7977.27 2.89002915280653 3.29849672022887 16.6630981059361
8026.99 3.82873167674453 4.71535551005349 14.6906390053155
8316.1 1.53343409899468 3.04186440545524 9.06730418717962
8325.09 1.53217419324448 3.11906781746365 5.43099737212106
8432.65 1.63710234754502 3.97374892707169 14.0022590305962
8776.31 2.19523923613581 3.48141705526347 10.7478945487583
8819.34 2.38045324450912 3.35398746942623 15.6378048833922
8921.33 3.21099335762017 4.13889308614746 16.0171891534701
8966.75 2.35168198923463 3.07900460024207 15.9966385525586
9069.16 3.33655847462282 5.12720916340294 18.1292752933368
9314.43 2.63843032384491 4.47461740937482 20.1283915084859
9392.92 4.78589759844901 8.00738646737213 22.0469915212852
10092.16 2.98313213416597 7.43772075614327 21.8060457317843
10328.75 1.29469413351498 3.02680960864574 45.9570536321135
10581.55 0.890867860587933 3.14692100084158 13.1022528421527
10968.45 0.845456458006344 4.42603346282453 18.9083630381156
10985.44 0.668704911940053 3.32037916384226 3.06654180208898
11128.22 0.754050730422342 3.70117815114236 12.4162621864143
11394.2 0.616499524610183 3.25771773264106 4.28889609456564
11771.47 0.308610286745131 3.10484745809252 1.53966850588404
11841.29 0.246010367956611 3.08571490424554 1.01228977361643
11862.98 0.368527733775219 4.95887467306853 1.44661060643557
11869.82 0.480168542048512 6.61890986571459 2.49986046476261
11879.6 0.452986699078594 6.38930994142501 2.02805565781819
11899.75 0.319470071218517 4.70511652823116 1.30812232209064
