4149.33 16.5460449268978 3.65949584186787 7.8918594545039
4213.4 100 24.192931146498 10.1368722772768
4370.2 30.0599412513329 6.04654833008532 9.77147187319315
4423.27 19.7721355351621 4.81214563053168 8.99271200734438
4494.53 11.242489375407 4.02947970378525 10.9686763182954
4589.33 24.1817518861008 6.40942418958928 11.7986871602379
4635.23 19.838408207547 4.5019254701889 9.91618161143015
4678.28 18.2977500158471 4.38179672868653 8.31817087198397
5058.95 98.0707502935653 28.7882980318168 12.3969378374486
5255.41 12.2209498458658 3.59855750943653 9.79114423271676
5284.42 45.4635307511226 13.3672233448452 12.9825060939647
5604.48 7.86272995033127 3.01406661843332 9.93248760730603
5619.9 8.48607018526123 3.38011182931119 15.426625930535
5933.1 7.8519232320885 6.32955411271981 12.2525175592473
6159.84 62.413486916168 11.4275102048729 28.2573007305218
6276.66 59.8284248076177 10.003051515509 17.5117788091802
6728.77 19.8083715380429 7.48778377036263 17.0137520428198
6758.4 13.9437753926029 5.29431704582464 14.7156246641171
7152.84 40.6161299335965 4.46355788433968 17.4405514322461
7179.74 33.8196276210586 3.26833434104703 19.7274693887166
7271.67 48.7572836314008 5.10691044822246 23.9845344868199
7599.95 76.8826410612653 21.2819544355529 28.0820271964712
7820.07 15.2528937239184 4.85333295980147 25.690511891813
7974.99 9.46893788538648 3.29108766727882 24.5617688476405
8192.52 6.24597326535468 3.06034781937047 15.0815294136946
8427.46 7.01459641893721 5.78302526720297 20.6271824627256
8527.02 4.17682350882643 3.91793872673378 18.3158886557903
8818.83 11.1099333663193 4.52392612932193 20.5514576429032
8962.79 14.2977396334661 4.13022749377801 19.8054384331535
9065.87 27.8480682541229 8.40863143178612 25.0410644399799
9395.21 33.435113198606 9.56614437133992 29.9169916342635
10219.19 5.33999348868369 3.47094706736004 22.6291026896033
10583.4 3.66679484815659 3.12861241994967 25.4572520653765
11133.16 2.79313026766268 4.42314827940469 26.6574811177434
11160.34 2.60655897605215 4.05397325224141 29.0230374196999
11693.09 1.76608726266602 3.65193175398812 19.8382906666502
