4028.5 8.23290536059793 3.24327527517976 10.0076446211247
4124.26 100 18.4673957044883 12.4889699063151
4281.87 34.9169090173927 5.19723367963542 11.8229607147614
4370.49 32.9028434775813 5.42388339545427 19.4621177687159
4583.84 18.6774285302748 3.30057902168566 17.0359883454439
4612.84 22.8767043895607 4.41198004143246 13.33778591604
4808.78 11.057195332493 8.57978125528856 14.2908005611989
4974.83 74.7644034592218 13.5773960518682 16.3665496116246
5004.17 68.9381434329006 11.1622372094397 24.1798245055043
5326.44 5.48753924501711 4.33160120368222 14.4957901547832
5475.2 15.4895934726494 7.82109211014338 14.4766621455019
5737.92 5.81101259886479 3.81346125834869 16.7619143418424
5976.55 65.6916784945967 15.1198149583726 20.7062726965405
6072.73 40.0297383957124 4.59822734051 17.0288381789296
6152.95 79.8569637264694 9.20978385353667 18.8620109250969
6349.8 48.1209840589422 13.7188246625721 18.8498846936291
6502.44 11.1540774476071 5.36381881919656 19.9294107282713
6648.33 14.2626662365034 9.9884135412972 20.2014258729496
6798.89 4.84656415638413 3.00633155671416 21.8322030853242
7026.49 46.0161266785511 4.15831943072322 50.6401804771185
7100.64 37.9199561916892 3.00126659309202 38.551409857062
7703.31 3.70874756002168 4.14572436808037 23.6596571760929
7858.01 7.94440129419262 4.0504972878979 30.9347016383617
8021.32 9.65455803033693 4.07548157504044 32.3811454092547
8289.92 8.74675819700105 8.35098956749774 30.718368278398
8680.51 13.0856067202213 10.1164177336339 33.5888980979744
8838.35 11.2989460195674 4.04114776794764 32.1600548609822
8979.2 35.0402618014101 7.57139840354713 46.2315167007455
9436.54 25.0350098465667 4.50887068657568 41.7999046463246
9823.74 9.62755401083349 9.02896288565119 39.608138335072
10229.68 22.003037699012 10.1518949158924 41.2482575269332
11125.2 8.97825140752982 6.10997975676397 42.7476644696399
11637.51 2.92294352055889 4.34973157977499 48.279652751
