4124.62 100 34.5678402023169 8.01663887411269
4225.82 17.9020793569946 6.67044346450319 7.69736914911027
4281.14 9.32489893749796 3.41167651828757 8.85456884394625
4297.93 9.61871014880212 3.43720080680748 13.321846400273
4369.37 28.2060501397458 7.80693312175426 8.26932706242678
4581.94 30.7254318378583 8.66302824544741 7.46321984131282
4611.83 20.5492101268737 6.37376686254291 13.1010820939919
4802.06 8.24527256833881 5.48453206950655 14.9975939112628
4974.83 32.0233754351116 6.56920572599005 8.29946232098791
5002.32 63.0553038926313 11.554266391937 10.0342492706768
5352.51 6.22458609381448 3.94789174600348 7.8103646380041
5402.22 7.1439478949 4.22509321657494 8.15523369423317
5475.75 16.8260936413725 10.0717476649971 10.5409426254273
5642.28 4.73021724098923 3.22789590661418 12.4504517260157
5738.34 9.2313857820291 6.98963173113876 7.1163803565023
5808.3 3.82218524631796 3.31413863851452 2.17456326568117
5976.55 41.7000490291746 14.5128109318487 11.108035101619
6071.58 52.3957303782981 11.0602007375395 10.5277222372879
6152.37 82.7978934776032 16.5702432638728 10.5063332292784
6349.07 57.5929468969846 18.7833298680114 10.7743356340598
6502.14 8.87328557540875 3.68888276011356 11.8150134682337
6649.08 7.56302981413792 4.58840848967284 11.6927905821349
6697.24 6.07921379728275 3.91945499234418 10.6863247732508
7023.41 35.0088400916681 6.96789144465175 13.0993462675915
7054.56 51.3600480384645 8.93075137888175 13.8686008462773
7085.01 22.8112422902677 3.78514116160175 30.6653595856105
7375.43 6.39715539820157 3.20894025155044 8.20076857504591
7701.22 3.23599051342325 3.11709476805792 14.7840403994342
7858.66 13.7139398035862 7.04217323547971 16.5090516884429
7956.59 6.82017864629884 3.22523672477533 15.8952468618927
8025.58 7.33166176441601 3.94708945497494 23.2931065461926
8293.58 4.91166718797549 6.22385365779956 30.7615634240574
8681.02 13.3932574744371 11.3409739961322 16.2165918584305
8831.16 6.89675151057502 3.22902311680921 27.4776342543119
8963.35 23.5985647541306 7.43921468956611 32.276508482988
9380.89 31.6431595587826 9.39951910022345 19.984689872841
9437.07 19.4512367085508 6.10040215726471 28.3782473424308
9820.87 6.49890853240716 5.78584587793202 32.2794066716087
10229.68 17.0292949418716 6.80270882236888 52.0057933599437
10984.3 4.47612303915922 5.93378529645837 23.7282450126531
11126.34 8.7836509381044 10.0886813876737 24.2363936171205
11455.39 2.70984411632362 3.96546722913166 26.7764564980625
11641 3.41103723618649 7.43410279983036 24.8431814179639
11789.32 0.935466394023734 3.00296076381389 3.98750271281278
