4029.69 8.94202058736261 3.30519901322479 11.5766197138296
4108.03 12.0516238774683 3.0602704162913 8.38489834738448
4124.5 100 25.5944233267509 10.3355679614397
4226.31 16.3779953270496 5.54201148839766 9.91414181133769
4299.53 10.5158331562349 3.97430911718335 13.0685060655451
4368.88 31.7905197538921 9.53467733503074 9.38164714935283
4582.32 29.9743943016322 6.34535103827701 9.0040372383346
4612.21 19.7139709572645 4.5290503183686 16.1745201424937
4800.51 12.8052495633302 7.56924607860522 16.3789435532235
4974.96 38.4217002788222 6.47242602108419 13.792544393611
5003.38 83.3433028412082 12.7582692356233 19.155563719446
5324.54 7.48826782602085 3.73606878569127 10.3476961857186
5353.73 11.8492992507562 5.5999012205434 10.9526674005192
5474.93 19.2496327641513 8.71542945417511 12.1184186213186
5643.4 6.00298537785352 3.36610357401097 14.5000907840868
5737.64 7.72768803424688 5.10816289153578 9.11930272549034
5975.97 29.2837843915824 10.1661989406976 16.8049530791241
6070.86 56.8474241434092 10.7580964992872 12.8612668718806
6151.94 71.8690390795678 12.9648150654698 13.4141042596339
6347.45 54.1262157429109 16.8288702074702 13.5844395268159
6500.21 7.43013159286512 3.04575970894031 16.362689138532
6646.98 7.09144065837207 4.37183732520109 14.048423376842
6696.18 5.8354810101451 3.89461850722751 11.7315547502885
7023.72 29.3453076719549 4.17156154092999 20.5943194535612
7053.64 56.7789576193864 6.99044297078073 17.6992394769341
7083.93 32.0036739769766 3.76060810060794 35.9685124171074
7705.4 3.43276478159175 3.00078963026526 15.435591424296
7857.52 13.8732971094516 6.29609845875945 21.0908796979011
8025.09 7.57681371241949 3.84468091772827 26.0040634042898
8291.42 9.42480023380627 10.9502888235782 33.0945436912261
8680.34 13.0757962985605 8.41777036092659 22.1319546503528
8828.94 9.0854421575394 3.54957305636503 32.8192715789028
8961.63 26.3711561088714 7.17920948443741 34.6188974645356
9379.66 31.0584524104381 5.12796700161582 28.7703499553336
9434.77 21.8396092049528 3.84507106786644 43.7687452510272
9817.99 10.6844241972544 7.30333089294356 38.835118871024
10229.13 20.6480286873137 7.674988827724 33.4479686448758
10982.98 3.86978727648843 3.66607110565313 30.0212589506627
11128.62 10.2329317260498 7.68254864758383 35.3847384464098
11459.04 3.46386926120742 3.30363249842803 34.4634824662862
11640.22 3.23352572685224 4.79528855728924 34.8743248435039
