4028.62 7.7417644266204 6.09376982800661 6.89292634973208
4124.14 100 45.6776394016763 8.24799669112963
4225.58 9.89855520491391 4.91382838499203 7.02105195412332
4280.16 7.52193151112895 3.86911882198181 7.79868435159005
4299.77 8.74859186685586 4.46975138313304 7.45484184997076
4370.36 22.3466472143352 9.64975932005042 7.53438447984445
4516.67 9.48594893324208 3.05183528198282 6.92237043070236
4581.94 21.5068986412852 7.17811522214001 7.77389349814439
4610.68 13.5688218794392 5.06861495592862 13.0441997183661
4807.49 9.84924820452795 9.94841425183983 14.4941942299329
4975.75 28.9683925500512 9.81376788732745 10.2553258335302
5003.64 55.5930078663225 17.2200947817797 10.7560458314347
5311.81 2.89201895952231 3.0054990187014 8.97203060788343
5325.9 3.71846696964542 3.78529328441909 8.32244268037357
5353.19 3.90326915394787 3.78558317821666 8.15266262103069
5401.54 4.77646248260355 4.3727335635082 7.84374015517278
5476.16 13.2956078753892 12.0153328134929 8.52745151596082
5557.07 4.61825727011814 4.0422816422021 8.87799575465669
5587.12 3.40279134466254 3.01402219818759 9.64100168476853
5644.65 5.13254466017992 4.78866577539477 10.7340209866907
5738.2 4.98481774152596 5.67046740129735 8.16637370028275
5975.97 20.6560873449389 14.4713421195264 11.3440078407821
6070.86 33.673498836431 13.1106449786369 11.4268898538512
6151.94 44.7312525933211 16.0656771772059 11.6903865961722
6348.48 35.1938244785081 19.3163349905762 12.2881521799445
6504.22 4.22572962930013 3.14229762048157 12.6255047476143
6646.68 5.03353220081779 6.47583126038297 12.0542762104578
6694.22 3.73845458183571 5.10693731012938 11.7155519067201
6790.4 2.91852729472922 3.91182668198671 8.93296122217725
7024.18 16.3908353217959 4.95981834183864 14.2112833610181
7054.41 30.9192314474789 8.14679211455174 14.6458685331399
7084.86 20.1456145319223 5.13808115082107 31.3409261420238
7702.99 2.83401741130543 4.44532936291211 18.8769263606737
7859.47 8.85627828706498 6.96890273535897 16.1569554909183
7910.65 4.02177554389842 3.01684363937726 16.5445581265667
8027.05 5.13886322275002 4.38135826219226 23.9715120565879
8288.59 7.46390667855939 14.1646110762041 31.3104308704278
8682.21 7.43783240903755 9.49630997230018 19.0578495060654
8830.65 6.03026898820814 5.11832043986525 29.3602855546451
8965.42 16.9828995756881 10.2767036005422 29.9787434338032
9381.42 19.5370529268908 6.75845285315495 22.8792125020609
9437.07 13.9684191033163 5.16009000975698 32.3023246749672
9817.63 8.02118862113995 10.4475930621698 33.3694096043964
10230.59 12.5365344915548 9.64033847998597 26.0180371234092
10814.56 1.17977976899478 3.10877809499296 13.2830883676306
10984.68 2.42675095389791 4.82976248703503 23.4519951076218
11126.34 6.51895354495108 10.3329371662574 27.7355180624418
11463.66 2.22162151387244 3.988160158748 34.021553355471
11638.48 1.76753276511666 4.9929021874822 23.2844910502499
