4028.5 7.17624147784066 5.86600535789724 6.94723641705741
4124.26 100 45.3467472376206 8.53253356145342
4225.7 14.2276469802721 6.20427008608367 7.90403456217882
4280.4 17.4445014273613 7.54377989905735 7.87189861654861
4298.54 8.67805262928029 3.67353579338621 15.363041978374
4368.51 28.5644259853282 10.1108960884826 8.15013789230761
4530.25 10.5643421576615 3.14528862259461 6.52091582144476
4581.31 16.3594816073402 5.16272402655665 7.29906162270254
4611.06 18.3393153870093 6.55551336690117 9.13291554995521
4807.36 9.99250535831307 10.1377590229957 12.776435064814
4975.1 53.9546839120069 14.4233354106154 10.4667683886983
5002.32 53.560713590112 12.7536527887347 10.6320812383865
5324.27 4.84976453796774 4.45495628340792 8.09077160820016
5474.93 15.0176115788544 11.914947539934 8.33993760616067
5584.76 4.94387003760769 3.97061201709617 10.1773859497962
5640.89 4.02784751558919 3.32936358788443 8.10479840434891
5735.68 5.96882329608092 5.76792954604108 9.52811420502803
5974.69 44.70694042913 26.3604924813428 11.6263196907712
6070 34.6590132592087 11.0817149598933 10.0460687301975
6151.5 64.7290241432706 19.1285237092944 10.8837063347682
6347.15 40.9256041531204 20.4960268263403 11.3311959619277
6501.4 5.71005739321857 3.70053239320669 12.3402818643235
6644.72 10.9860860737905 9.53779271749948 11.7562550851217
6790.4 3.3787243515304 3.12314340365577 12.2230094222869
7022.64 30.2293041404466 7.81732532351775 13.3357931381179
7053.02 31.4068859506428 7.02982398955345 12.2638939695944
7099.87 27.3466211527965 6.16316852570535 16.4045171838479
7699.61 3.80921771561657 6.15419398486409 10.8325204344446
7856.55 6.47614611961439 6.3944447337632 13.9193282161405
7905.93 3.67080556043375 3.29975642317284 9.93643734510988
7957.74 4.82722179740615 4.05868836982481 15.8598416438172
8009.53 6.40898086478871 5.63145759968906 24.4481481137464
8290.09 7.39878778774402 12.7229912249595 16.5940177667981
8680.34 11.2297532065031 14.8699079997877 15.2829482844136
8836.3 6.87064313306105 5.22664647247412 26.9956993373617
8960.94 24.1409468022431 12.5810039341079 31.9874068111403
9275.66 8.74055971962897 3.02533346319592 15.7813792067609
9378.08 17.0211356441489 6.37785565466978 18.7457759918507
9436.18 18.0272459384467 7.24743379059789 22.5104652363716
9820.51 7.81134267636412 11.0340291918904 26.670784060776
10226.2 17.5743037552145 12.9870633481608 19.71281618182
10978.82 2.1352630081431 5.24954921199121 18.171202336207
11124.25 7.36023818538169 13.3316332549277 21.5921466828786
11339.61 2.2336103701078 3.48852961117541 20.1392978846925
11454.62 1.89860512484283 3.2591894942525 23.6737803925553
11635.76 2.59877582418109 6.77304147644667 19.569893456277
