4028.62 8.12926566955494 4.86912021474936 10.6762511933725
4124.62 100 37.7402975767004 10.7020389840454
4226.19 14.9897188971475 6.2919634228756 10.2700606979633
4303.21 9.52049360389089 3.62026495791841 13.7629325338667
4367.89 26.7454283367245 8.00641610820011 17.1014886356152
4582.32 21.5944777188244 5.29960600610417 13.2335228424881
4610.18 20.1886337410452 5.45748869956198 14.0098631145593
4806.07 12.5196862974924 8.25355305607483 12.3765423204286
4976.15 39.1761820236353 6.87585085401331 13.2591434435153
5003.11 52.4573565004731 8.31931415519536 22.4865608893306
5322.1 4.89782133928561 3.60762473788321 12.0825425714183
5474.24 16.7688297592177 10.0729957105336 11.2672963575233
5734.41 7.11418078973658 4.62657921005231 14.8942654857728
5975.4 35.7121290265332 12.7877384832193 16.324179216861
6070.14 32.3192558727058 6.61579590286014 14.1298801427074
6151.79 59.9186288109996 11.9925145653837 14.8432754593559
6347.3 40.1642690985032 14.9422343764403 14.2382971593979
6646.83 9.06107902683261 6.25759293428579 14.5650200139908
6693.02 4.75146677317181 3.5157074928768 17.28534466155
6785.54 3.95918071567806 3.15979055125341 9.80563906702537
7022.02 31.5199621145099 4.75875154379102 17.5593990629804
7053.64 39.0714753494009 5.02060968260647 19.2076951245235
7097.39 26.7549867197241 3.4324667841713 35.8032773958794
7701.38 3.79453711838048 3.92917912409617 14.0873980031784
7857.85 9.22289689877822 4.90038932035023 23.0918505881673
8020.66 5.69786954054342 3.08396151435731 27.2029537903782
8288.1 7.56465265978238 10.7552034224866 26.0955032889033
8681.87 11.108411934905 8.85533238228277 22.7947899918054
8836.81 8.19362074830301 3.82568373329677 30.9124944861724
8959.73 21.880732012373 7.12436416712756 38.8313226599366
9381.25 20.8872700943417 4.93637348839821 30.0512807853665
9437.6 20.7254487416843 5.34929881608521 29.3718994822339
9820.51 8.39037615116346 8.04428866741065 32.9146731543606
10227.48 17.299758670351 8.48176917804248 33.5606426196136
10979.2 2.572320870947 3.74421471777386 28.7453890817706
11127.29 8.02121416456033 9.09725580392153 31.02978247996
11465.01 2.4000779856193 3.14483108451982 35.9673668103314
11634.41 2.93039080066489 5.83040875674976 30.46085934246
