4196.64 86.9645258915893 15.9922126737481 8.62895307052986
4212.06 32.9377919012455 6.0535951195736 10.0152410417368
4283.31 31.9719802653132 6.00124369286991 8.40841731952332
4350.93 15.9632301588117 3.37360917513213 10.0568791727164
4457.27 10.8922135337464 4.11303633307852 8.2426185895265
4490.15 7.20468870637142 3.28950684000666 7.54370353062677
4632.94 35.1529805088073 5.88005564808737 13.4294075987536
4676.62 28.641267442054 4.98501939491977 9.00238169730528
4847.65 9.13272246945569 3.50563777366612 5.29887237489675
4947.14 24.8021650492311 9.72314223061838 8.69765918381472
5022.21 8.52384938590993 3.28259499257372 6.34048980632542
5060 14.5499321332648 5.78009443190772 7.80394135113966
5078.42 18.0850515649634 7.19735023737987 10.0858898791867
5251.77 77.3041999527455 22.5489264537238 10.1899205701156
5466.46 7.31205171544195 3.03387792270599 9.76021965155542
5614.48 13.643078239497 6.84463659187361 11.9893112853188
5806.31 2.79623600132713 3.44788156328183 7.97610586903465
5815.07 2.6238548132781 3.16391646907467 3.35956085885391
5929.97 23.262470209558 12.7935687685766 10.3805689257506
6002.42 72.1232308307853 22.7183978819389 11.3567193083936
6113.66 74.228149547415 12.2689723210277 11.0643106243888
6335 100 15.9825929632845 12.1379378855745
6569.53 41.6965912907679 18.2569084460946 12.8035160487452
6760.83 9.41936683548109 3.41340724121465 15.8093545310967
6790.98 20.5243075402354 7.84664977213344 14.5650826364963
7111.41 23.2681904195738 4.70933964993683 15.2695743483519
7192.04 60.7949505984243 9.58256566947064 28.1982104064937
7585.58 47.6700972282938 20.3272602351081 14.0474326097783
7736.92 21.5774224013655 8.72253164048958 14.2492946940829
7835.12 16.0965241807533 6.13927653765036 14.54321641353
7921.84 10.437530463794 4.03531263028555 13.9841995736188
8083.75 7.30151786456952 3.52931882814171 17.6086970285323
8285.67 6.34515599274409 4.37797965850882 15.6380470468121
8788.25 11.0424601883495 6.72170797349823 26.6148579664532
8817.98 9.71900464377237 5.28414151680926 20.9832091972912
8902.26 12.3922472232788 5.29289887134286 20.2838862370118
9029.03 13.456449429899 4.6131076200808 29.910423938476
9135.06 17.4192357045672 5.87935423379911 21.5101197417989
9459 26.4367422367562 9.2053158418435 23.7110886851497
9893.69 8.40848930464853 6.10706356847834 31.4592747478418
10239.67 7.72551030496344 5.20961446568955 21.2464352326897
10447.33 4.32010836907317 3.80469660978914 22.563065048691
11109.43 5.16972045454802 7.75856233002281 22.8519313247562
11330.56 2.98583873560056 3.58490270453989 21.5699036360074
11692.89 1.69096992569411 3.38654161109379 9.10537918816772
11825.09 1.03483247847382 3.14198521283003 3.28254448526422
