4197.12 64.9389082978917 7.6955636375506 9.91471899075623
4282.45 26.6818889973769 3.83709340847171 7.94254950842969
4354.01 28.0543578585682 4.77322993347665 11.1298134464932
4491.9 15.7889594009035 4.26156037304658 10.4602087723288
4635.1 59.6547271035735 5.49637622723668 9.90812732578343
4677.89 47.8353657883191 4.48446140023446 10.5911558355056
4847.65 15.810249490697 3.30408646458755 14.222293692711
4947.8 22.5802165818688 5.32141797573294 9.30516475540753
5060.8 22.715692394672 6.78523291294752 9.51518306271737
5075.51 17.6163291494703 5.39888607178843 9.7849881805696
5251.91 72.1551088511349 18.2845071945829 10.4844850031168
5614.2 14.907217252491 6.3120946195582 12.9162537220054
5804.9 4.16662542653515 3.25633258674652 2.30258779566611
5816.9 6.14063640928225 4.79757879335687 5.7171766745796
5931.11 28.2955818896863 12.362465899085 13.1172450045297
6003.56 80.0686635820959 20.1029498686594 14.1356767830875
6115.97 100 12.2134069514274 13.2874249286997
6335.44 97.4473424332781 12.5287134550336 13.0382497907331
6571.92 61.1389273265057 19.8256794800562 15.623205968669
6794.01 27.0030632805199 9.15212982051216 19.3595602532687
7192.97 28.1888640335231 6.0915675966468 12.7164416234555
7587.02 82.3723487640297 21.8294089143245 17.5766166537742
7739.5 30.237151901002 7.18507801101229 16.1115558587908
7838.69 23.6097105489088 5.83466808857171 20.2866098926297
8087.04 12.0379113015072 4.92855221111911 20.5824208456534
8791.67 9.85596044878464 6.44906489898161 23.1624703575562
8906.21 16.4049833133938 9.54559945380194 17.4245707141981
9132.98 8.58709021437151 6.02788375291274 13.5499860420896
9462.53 14.331114670935 8.82456503830325 17.2333916746738
9898.01 11.7892140326157 8.69447860024608 27.6340559153887
10238.76 5.21809641361418 4.42892674736192 37.1150725216758
10448.43 4.72991598571983 4.79632766003081 15.6653301909737
10969.96 3.02077597490912 4.16147785035552 25.6607099765479
11107.15 4.68430811336765 6.39421665126714 21.7384236155685
11394.97 3.66580223667624 5.48506922566784 11.475831589938
11825.67 0.831166411047219 3.02411000725887 2.60527257114518
