4149.57 27.2025784906365 3.41978568341292 7.99830353468587
4197.61 45.2405738863085 6.03410977840591 10.6090183611923
4355.74 30.5120380047345 5.68414671455017 9.03117391672367
4369.83 20.8096644137272 4.00384539542967 9.24890555611091
4493.53 15.8198623508097 3.85367385478101 9.13657088238142
4636.5 19.3953223276349 3.50786507430167 12.6156531066254
4679.93 17.7447088285032 3.43795435237037 10.6144909167924
4850.64 13.3440352918692 3.55802541061342 14.374295384654
4950.94 13.9622523037773 4.03088567606692 10.1550461538927
5063.71 23.763497915263 8.23567832717342 10.4800084206727
5254.33 64.0283674774281 17.6733786470555 11.5570415620787
5618.23 12.2282831681524 4.91396449802331 11.1368195475125
5813.51 5.56935628834966 3.63266795890515 7.14586329571193
5934.53 23.72069282721 8.76649876903751 13.0230542720983
6005.71 91.8358165381196 21.9476748338449 11.7867913153359
6118.29 90.45524449705 12.0346220513837 12.4072748740427
6339.12 100 15.1616296965132 12.9102454452877
6572.82 62.3815933932616 28.6727713751428 13.7522518104906
6797.96 29.7472666611537 13.1454238112189 14.0087926575579
7109.09 9.832892768037 3.12255518240931 11.7161877973394
7194.37 23.5641484932002 5.70349392686152 20.8762644806175
7592.13 88.8198131436286 25.2375513480957 15.513742888149
7744.82 17.0041906981963 4.83052890387162 17.1703720740607
7844.03 25.1279422514751 7.73156640105385 16.8850713601823
8088.19 11.2920256962735 5.63930005518443 17.184920078138
8284.84 4.35132068179049 3.59524020157338 8.18615723345647
8322.26 3.97223208329189 3.50551152479895 7.70440098401377
8563.59 3.45829231717699 3.7680678309519 5.94616807046805
8569.16 3.36395849053352 3.66266746791673 5.51966314640777
8814.9 4.71593997710611 3.38226411957814 13.6139108934822
8911.37 8.21099247417822 4.87662370613639 17.4920973741428
9025.23 6.63805036432563 3.55110716511428 10.213492705976
9132.46 6.67664939923996 4.02707612050925 18.6719928506973
9458.11 9.61220589923563 7.51932406854309 35.2433903637193
9867.05 5.75987068807998 5.58389372061546 28.2454118929509
9905.94 9.51249896126371 9.27982874282537 24.1967392165607
10231.99 5.72212544978149 5.35809924243956 23.5157611368431
10451.02 3.58220344664807 3.59560735236394 20.0214667862783
10974.86 3.14330751989171 5.28257118267071 19.5380750761033
11114.17 3.39241070764754 5.56380321698638 27.7744952870125
11403.23 1.81117100923465 3.19818675310687 4.25033935816646
11684.16 1.3857310063085 3.49033512366344 3.5440178656263
11697.55 1.26853744788619 3.27209620456316 3.88919927794268
11706.49 1.16979909621126 3.05976677802569 3.80587509878023
