4149.08 19.0417127880737 3.03754918009871 7.91832554808934
4196.52 76.6228726665842 12.5898776273928 8.38534735567009
4211.21 31.8419457613442 5.28433676044706 9.81000982062869
4283.07 23.8803073456419 4.56404088330542 9.13226939960987
4340.2 15.6828817955452 3.56059243726265 7.91994919541594
4353.15 20.2953057840523 4.83357191640761 9.8362417991857
4368.09 15.2886907422413 3.89649853322053 10.957475936505
4491.9 9.56567404581982 3.92041151791212 9.95836530875749
4634.97 27.5265494788458 5.74910503769464 9.9785677267746
4676.87 24.5513720038427 5.63111738692415 9.21091511950453
4848.04 10.4823460727672 3.66367848967787 17.0062709834419
4946.75 31.3392498343983 9.6395388598805 8.9269070355067
5060.53 19.6737709486067 6.98097450961171 9.7932235662247
5076.43 15.6592490041185 5.69755364247202 10.0378420678444
5252.04 74.4500153570059 22.7540643512229 9.7670231402044
5470.57 7.32586891448386 3.16675939013566 8.17742142203588
5615.87 14.5189954588324 8.00349755311802 11.179805910625
5813.51 5.34378116553067 7.66553680806742 6.82899940774951
5931.11 26.9234082250933 17.790722771251 10.6224058657308
6002.71 94.1329527127136 31.0139123091719 11.1458506497775
6115.68 100 13.8303586777637 11.7767370869096
6335 89.3652975020196 12.7230734654964 12.2947118305146
6570.88 64.8126039214634 26.3996674350849 13.1084996906702
6794.32 27.2779806041171 11.2954427203034 14.4967897055112
7107.54 10.1162057977587 3.78978373342912 17.2819980723016
7192.97 30.5401528127929 9.00363406053263 14.8322301604403
7337.07 9.19536640310017 3.00898062899603 12.8194883160731
7587.18 91.3705331233812 21.9672352773741 16.0054344592527
7739.66 40.8747383513158 10.4598499721292 17.235189526411
7838.36 26.4428707146244 7.55946929828242 17.0362127495973
8085.56 11.890976397844 6.02701071461189 17.4934231109501
8567.3 3.21577895288774 3.5411576040903 11.6042948596587
8793.38 8.96988021330812 7.05497229148678 23.3943525184295
8905.35 15.3677575992548 9.84576958370279 18.3922492316306
9135.41 8.40086939604186 5.75590975926385 18.4975706534169
9460.23 13.7800822344357 11.4995832894058 20.197737835264
9861.29 5.98995788526958 6.16865878587241 24.6727174420794
9896.57 10.2414590568176 10.3537650769749 25.2661853960435
10236.38 5.69344175308097 5.77280693640961 34.8216949410998
10373.24 3.62083194540387 3.95859091866615 19.1373550491553
10449.17 3.91617016236605 4.77160589641015 20.5785693770285
10968.07 3.4513694545046 6.33141716235126 24.0454264019772
11108.1 3.97545948742286 7.44010669213911 23.809666871879
11391.52 2.62536592144282 5.25501207285999 21.5620237301409
11778.87 0.675720195707372 3.01586551094584 2.35180897720238
