4197.85 51.6165945969572 11.319231571703 11.1080852271616
4285.03 22.4354074291812 3.9258433333882 10.5824989384791
4353.15 30.2999541694493 4.90206166550043 13.1929241362377
4368.59 32.5351586410754 5.40474479115487 11.9435687856976
4635.86 35.0581002200973 3.9486017724917 14.687505850864
4680.32 25.4633909936972 3.06037414992467 12.5235026236896
4848.17 7.46807415057671 3.00845330303998 17.8162209500897
4948.45 31.6027796676439 10.4357564310167 12.5413124841061
5062.12 29.3890016864425 8.28627325568992 12.5998458402992
5253.39 100 21.0394382734016 14.2735480865258
5617.54 8.45817347877119 3.42455821368756 25.8499346757781
5813.51 3.54919337640364 4.79241710690841 13.5136307422435
5932.25 15.7304684522507 8.36638081451761 13.71140045833
6004.42 78.8054552892967 19.2744098410244 14.7531368366999
6116.55 83.9201522937619 8.34085909533001 14.5292992465675
6189.31 55.144898779085 3.98727679335668 23.425364756501
6337.65 95.2688727216599 9.30265734828116 16.678742691508
6572.97 41.9542284704193 16.2070307327412 16.6920140751063
6794.93 19.6397834085695 8.08035386901735 20.7389574283916
7111.1 15.6146709821625 3.04730732316023 23.7974769590173
7194.37 45.5362676677283 6.64170159711768 31.6513943981372
7588.93 97.1793565011037 21.6374569340452 20.1761999756045
7742.24 19.5471157021697 3.24659304341224 19.4382532135378
7841.12 16.6666414619701 3.20544685750976 20.318407382807
8317.93 5.11585772690326 3.67931152339777 28.2505065369842
8566.29 2.27098607388885 3.6223906570074 18.6913000808363
8797.13 11.4665515863941 5.9827334947412 43.9189292672854
8908.96 12.2795416939395 4.14327349043708 27.1220566316279
9139.06 12.6344947325853 4.05479015484471 25.1353061989194
9463.76 21.3451437454681 5.86124423795254 32.9952013055718
9901.44 9.24796995321935 7.3311065769579 36.9040959500344
10240.95 6.78599287683913 5.06193803891193 36.7433824420223
10456.56 5.04841020856268 4.50397405721474 28.7750395059247
10874.85 3.04852656471138 4.09303328610733 46.8758022356469
11112.66 4.51420915190277 6.47955495676876 32.8431845114701
