4195.79 100 15.3370600766254 9.52629102359788
4281.72 56.5739847760694 6.89771194492676 9.31958708243201
4456.4 15.4917294659983 4.93004129529578 6.88628133539351
4591.73 25.5151287207049 3.37749213045777 8.15110308784188
4634.46 60.2584383839383 5.96669767605222 10.4413035903699
4677.25 49.4114558484893 5.15257751811279 9.2692102780411
4946.22 42.844045936603 9.94444714984023 10.182091770539
5060.4 18.1398564638966 3.91617544704968 9.64318368286331
5075.11 37.611754531753 8.27167694200676 9.51080423468284
5251.91 90.2709103140541 18.9032800429622 10.6838668176961
5468.52 10.3805281097907 3.13420578456508 8.43008453560651
5613.09 15.3206153383961 4.78964784557485 12.6055439443189
5767.43 6.36396035097242 3.10483237436657 8.44183674343185
5930.4 32.9701671896963 9.61233752643595 10.3178929513351
6002.13 70.8479193943308 13.9213376727389 11.8952294719011
6114.24 72.3837788901336 9.00345091799299 11.9058893286438
6334.12 75.1875239736789 10.2241771948125 12.3541517811973
6568.63 48.5158427611595 15.6915137043258 13.5413072654455
6792.65 17.4508201348408 4.72349243715022 26.4979045006903
7108.16 34.0219445510982 4.49117144982861 16.9219498715984
7190.63 62.6740513368309 6.41433272189937 28.9700807112413
7583.83 49.7771118448674 16.8656190569581 14.1790257439798
7737.89 22.2727406859183 7.1505044854873 14.2945295594564
7836.09 15.1375620833209 5.03708468557032 14.9978580387587
8086.21 8.065062249938 3.31539069521745 14.8134677317457
8284.34 8.85636315652264 4.44484605128385 13.236891691402
8702.08 6.82824623417088 3.65284350644561 11.6414705494517
8792.86 14.9536028315552 5.33611248038378 24.059134707757
8817.63 13.0045981877753 4.15673159401785 15.3040667112946
8899.69 13.9044186542394 3.44233185931247 19.687243234619
9027.48 23.5084785321871 4.92313639759669 33.0199843775845
9131.59 23.2564068782741 4.94608577352948 18.3415417067245
9459 31.2404968231589 7.88539433199773 16.8411903277793
9905.76 10.0772862334463 4.77031898960286 31.3440378780797
10093.98 6.74374028612197 3.13617147550832 14.9103141884643
10239.49 9.35828728692804 4.97033465343609 19.8721497662245
10446.22 6.83083413437587 4.96721831763846 16.0335449114555
10875.04 3.46470665533751 3.74355350869253 19.1213644356139
11105.44 6.40517543382659 6.42704144747307 18.5350042414029
11328.07 4.10419791637904 3.21937538031712 19.7017315642734
11394.78 4.13967357348045 3.23420468463404 19.8728683382451
11697.55 3.69407263387286 4.25040401903262 28.278254898898
