4197.12 100 22.1716808665024 7.99506028787619
4284.54 40.9578013708954 7.85805146318921 8.5181148893671
4353.15 13.9847649187529 3.09601379413086 6.68780642651745
4457.77 15.6865128413485 5.58346998375353 7.08794611528265
4637.01 23.544721491466 4.78932221819226 17.2378813743171
4680.96 15.9520423017657 3.4943829691928 9.33991266582689
4846.87 8.77465672575982 3.0060085671987 6.84321296015332
4948.45 28.846536385245 9.57874565051418 8.47506885262828
5078.69 19.5082714828837 7.16440592892037 9.06483347501762
5253.12 62.7547201721823 16.9925133855055 10.468562637363
5616.56 36.7561102672683 16.4522191876114 11.004411490133
5811.68 4.00807813457725 3.32831275918926 4.53682270893842
5931.54 45.9793749039621 17.1898015648402 10.7520510208396
6003.99 83.7066739524981 18.4038135570387 11.0386820772292
6116.7 98.1418898671259 12.037853524018 11.3013532411269
6217.83 29.8497712458254 3.24035937272939 11.6180551010648
6238.38 49.1928251373248 5.5103470174339 13.5106650517755
6336.18 99.6813281654292 15.2690780564278 13.3410190618688
6571.92 66.71578667473 12.486909811906 13.5631015727076
6794.32 30.0137494444594 5.69471497865742 15.9443007158297
7108.93 33.5821523168347 6.17539824560642 17.8660965090312
7194.06 66.703975069791 9.27546088286438 28.4384112473335
7503.6 39.9975049173924 9.47209547063331 37.1815882369301
7739.98 48.7354780128706 15.8455888150577 16.1806469482035
7838.69 31.4604889226563 8.70666893144457 16.0954402268999
8083.42 10.5650831266014 3.77657987456077 16.5454257572947
8361.1 5.97230828942675 3.2253975426386 19.4072983558508
8789.79 11.4513063586781 5.07803580589875 20.0631320089378
8907.07 13.1944244250509 3.68734687919583 18.2579114020737
9029.9 17.872506744374 3.78749440687331 32.5306961246097
9135.59 23.3245804680698 4.54723133633045 19.8183736146584
9462.7 31.0731003141985 6.88353438476802 22.0662167623559
9902.7 10.8918534460241 4.49654325988488 31.182619939189
10240.22 7.0670949497286 3.21888399545345 30.9219352348464
10454.34 6.77451349804853 4.50534566691705 23.9683801982919
10964.49 4.93823705827147 4.03406019407114 25.8415444890288
11110.19 4.42415842380305 3.62805342176395 26.993130033492
11698.72 2.46051695519147 3.33730980098679 19.6456598256464
