4087.87 8.65346045051857 3.00807353480514 9.43182588662012
4195.91 100 26.3336967603381 9.53164074925189
4283.68 65.801856040564 11.1452929733027 9.61287126258139
4352.04 24.9010585531171 4.30053330805426 8.8234316636599
4458.15 18.6087877704874 5.99188099821882 7.72243988510036
4591.1 25.7342153881714 3.69356154181525 7.83672044693867
4634.34 59.9495132545383 6.48513348542028 9.92027566618162
4677 46.7541280812942 5.2829202176701 9.5637170751279
4847.13 8.45485922161621 3.26690728975814 22.1076174124937
4947.27 33.246011090859 14.1194184938411 9.34795618994576
5023 8.89824153236067 3.32090157190364 7.66078922950601
5077.76 32.4779438826509 10.92796415078 10.7570551603712
5252.31 70.1291649871949 15.4006608416068 11.0150016930538
5615.45 31.5081395663347 15.4341117472438 11.9262652936459
5930.82 58.566660747643 25.2012558987092 10.9473264449343
6002.13 76.8181611517461 20.1310027154444 11.4849465779071
6114.53 87.1861138531109 14.4325729384622 11.0334862921682
6237.8 39.8872743167445 6.54790598393172 11.8263526649071
6335 69.4217509322556 15.5142457950154 12.3108836080346
6569.98 72.0870566934317 21.310747707392 13.1537193368731
6791.89 21.7119836522133 6.14967384380507 15.0278671924252
7108.16 45.3562995773002 6.85592685677683 17.8303463361844
7193.44 60.0510249811288 7.77422166132823 28.8258801764478
7503.28 14.0645327013952 8.61122618796894 17.3454945536641
7739.34 21.3213485100758 11.7692431062466 15.2414325590389
7836.42 20.460606685219 8.84857414020497 14.8473174432447
7923.63 10.1365373771131 3.96623953853361 14.191323030409
8083.75 8.48553974362905 3.77745260956212 17.1459288767446
8286.83 4.31578238176627 3.32009946726639 16.2730208228804
8704.12 7.06707596340966 5.57002044975044 14.3559133007748
8791.5 12.8924460989858 7.03882430544795 22.8521056934951
8903.47 11.3054383432577 4.48225397098017 15.7345132659393
9026.96 16.6175150569681 6.1027272068749 18.5818965510443
9135.59 21.9852740194809 9.10734791442061 20.3114467073683
9459.88 26.2091563840449 13.5693612829133 20.9409615595923
9901.26 9.77254184770763 4.67819302117223 33.8336786237542
10240.59 7.37172228120858 4.78210544547006 22.0722822852913
10451.39 4.47303116767158 4.15639175706057 20.0636421710187
10874.47 3.50336112457391 4.78179969488114 26.0547852102864
10919.06 2.53846764454685 3.36063742213027 24.7003174508609
10963.92 2.5242384119318 3.26424949683705 21.245913376506
11109.62 4.01419655027397 5.52975672507429 18.03714699798
11329.22 2.59982018295773 3.06656423119291 23.6794124242497
11396.32 4.30685482080647 5.05701548277416 29.6330708636488
11843.24 1.12112441734015 3.08778330352581 5.90706092341497
