4196.03 100 25.5402728906821 8.03109250465877
4283.92 73.660734261984 14.3121039782565 8.55848332686128
4396.45 10.6595179193114 3.40338631626189 5.7318858364888
4458.02 13.7763085159279 8.19022121569053 6.9974442475168
4590.97 17.5849199655442 3.88671057846425 7.29958942761004
4634.97 42.3082135931736 6.62603200734907 9.7493813672163
4677.51 39.4210382362354 6.30087632192419 9.63531831712771
4947.93 22.8309506934414 8.35587351832894 8.81748044086726
4980.47 9.0281893852252 3.16848032193508 7.90275455841856
5077.76 39.8506199776741 12.6240889687946 9.27064735005933
5252.99 45.8357470709675 13.0790916767414 9.92323217122157
5468.65 6.10680374877117 3.47582258603976 6.11173028150552
5615.87 26.3116230498383 14.7186087199893 9.82332451693401
5768.83 3.79800861320125 3.38910759834676 5.99261233085963
5773.76 3.67023044460426 3.34264181075141 7.98895122890644
5838.81 3.48940364913828 3.01678674830646 2.97261766797055
5930.25 49.2869257518737 23.5222859537397 9.94871949407479
6002.99 55.6329076953554 16.4018269562749 10.2366288880048
6115.54 64.7760710176503 13.156495838443 10.3872739661792
6237.66 31.5931282011797 7.08569940926894 10.5667769121601
6335.3 46.3295080252202 15.1093834685702 11.1928002167242
6571.03 52.4017804834896 19.5911147041825 11.7550168740163
6793.71 14.3637687978876 4.8310052563295 16.3456064149486
7109.24 39.50310087812 8.0300983757713 15.4237315213541
7138.55 20.0121936480627 3.53730185160958 17.938722135762
7192.5 31.6334000685254 5.1213915475486 28.5225291587003
7505.03 14.3531302780132 11.1737917276579 30.5246886888381
7738.54 21.4709439605039 13.1265849809242 12.7279898238776
7836.42 17.5991803648694 9.99523174705383 13.2310196575991
7923.46 5.63269621954395 3.23023706357078 14.0150114692851
8021.91 5.62432560422535 3.68936812483695 11.477468158866
8087.36 6.81976108740515 5.15007580660287 14.7145073798074
8286 5.96121325798139 5.61021844260711 25.7330804141329
8706.84 7.40446450065655 5.81094601942045 13.2752351524814
8795.42 11.9654393773781 6.20137451542144 21.8504097583973
8819.51 6.63508958775635 3.00505361117314 15.6595007972501
8903.98 11.8489453754318 4.44592666260408 14.3030536045972
9012.45 18.7185650322421 6.69917434913361 30.8703847373581
9135.76 17.6865887645126 7.56920814942806 19.9950783275035
9462.17 17.0708137869019 10.3433325971253 17.2598242151762
9912.07 8.92393211738564 4.42182456344474 35.2515471914594
10241.13 6.56617066358184 3.57211283758972 21.0541960321789
10454.71 4.14211722532984 3.83098506487189 16.4292562988394
10878.98 3.35236899055254 5.33962469974899 15.7061644546411
11109.62 3.90117102847858 6.4952730401233 17.8823769584233
11334.58 2.83900813424911 3.33985711980972 14.0382691968571
11396.12 4.68786625894693 5.25943728524416 23.9950598690084
11692.7 2.17076397310497 3.15769239498422 29.2783428890816
11836.41 1.53788188132466 3.46974495010428 11.9974005861932
