4028.75 12.1667481077613 3.53171466710145 9.02450601637702
4087.75 10.0272688457242 3.08553623067042 11.2601986937516
4197.85 92.3024963263952 22.737460870589 8.90487223761284
4284.66 71.9366383908778 11.7273299907945 9.52458947652485
4406.12 16.6369456127454 4.30587197227361 7.23144984702139
4459.64 20.2980346357568 8.30644395725377 8.19624738916718
4636.37 56.6487761737304 5.81593871630674 12.3887210430621
4678.15 43.0812020961773 4.52307275840322 10.8010688138274
4948.32 29.7968081393619 10.2075819137372 9.90081303708939
5023.53 12.7066953145205 3.82083771727498 9.86939822652403
5077.89 34.1882148282992 9.07162971255106 10.419066088507
5253.12 64.9100386189768 13.4183151354758 12.2035221909391
5471.54 8.62218207986403 3.46905950227636 9.46297856884212
5583.54 9.65787613798394 3.6581662310449 11.8778465448668
5616.98 26.8191965637324 10.2885655966116 11.6038212990816
5775.17 5.27766884425754 3.75605827624762 9.95120821150795
5931.39 53.3115128111138 17.1721647355391 12.1044694537668
6003.99 68.1429599718027 12.9637936045547 12.7938894600347
6116.84 75.1876593870517 8.96518535225695 13.1110590827366
6239.11 34.5239752765626 3.95945389064463 13.287459522704
6337.21 77.3627779435166 12.1266739239621 14.8724618885499
6571.62 66.8996573079022 14.8745397563315 15.3441176650913
6794.47 23.1592515924295 4.75184711934106 31.9013707418071
7111.72 48.7148135751869 6.27071835971698 17.8854104627744
7193.44 100 9.75588552617801 28.7129966820803
7505.66 14.8008549253795 6.37445582659251 20.2022044515734
7740.31 32.1519574178778 12.1405679784656 17.763298473903
7838.69 21.5347685952419 6.09173406809043 17.5062593801886
7924.6 11.7481726884304 3.19135055145548 15.4728519085147
8088.35 8.5380296238982 3.16243422140822 18.695166276797
8287.99 10.7906790806621 6.16288599297699 18.7465885850033
8710.07 7.93746675801153 3.97725972981263 16.5283239436649
8794.74 16.3590874938525 5.71879954433467 50.684273277906
8903.81 14.7120313264085 3.76029548768072 19.1737020472901
9029.03 27.3040935568655 6.62740563517177 19.5880378942566
9136.11 28.8968367923418 7.71062769541146 22.0812447607605
9462.88 38.144821482022 9.61186603304133 34.2635005209067
9907.2 10.6509350698796 4.13684298795843 39.1677835088121
10101.07 8.45877167705193 3.24769444975924 19.8119521222943
10244.06 11.0113822304048 4.89637349037833 23.12820078808
10450.1 7.59817174829475 4.60775750608682 26.9098393728236
10878.61 3.4355367107093 3.33690546345758 23.6752605458641
11110.76 6.63841931656746 5.62927044213496 25.051207269551
11333.24 5.92340963867155 3.58561309454644 28.5676865821661
11705.91 3.20549428492825 3.05645479798978 26.8561137616671
