4091.95 10.9477872493635 3.66788615653778 6.3656356100073
4200.52 53.942540517053 15.8255468247533 8.06307250724785
4244.08 13.3014120223074 3.17399687963634 7.05860951071554
4286.99 100 20.3086711423574 9.38590131152614
4459.77 18.0629952757088 6.03452945830758 8.65969989604491
4638.02 38.7878157800681 5.97608712062327 9.94993532421631
4680.83 32.6598624411076 5.06815650786185 9.74439899751815
4842.59 10.4256759518156 3.64837295960841 10.6071750874544
4856.87 10.558195000488 3.90406874825133 7.99117575026503
4951.33 15.3506914861539 6.7990913317421 7.95596560524882
4983.75 9.91631522176453 4.35169694547328 8.59688683108016
5002.57 7.51250774831537 3.19456655669625 2.41262706075031
5080.81 40.852939934029 14.3035546667608 10.2412060014021
5255.55 28.2748177222485 8.86460684893005 11.622670587567
5354.2 10.7948547938229 3.97888150144923 7.66466478272923
5619.07 29.6522216187481 12.986713234853 9.60100559435068
5770.8 6.53287993723429 3.943951274759 7.8143644940883
5935.1 73.5985241997425 24.2429541278598 11.2280970958609
6007.15 33.7923130670713 8.32967613757328 10.8867356182773
6118.58 37.378059847057 7.91411455555122 11.4599506420727
6241.74 48.7528405934991 9.18103159796749 12.6521949838407
6340.73 37.5925163425307 8.13376731393019 13.3013614486781
6575.96 67.8646663196895 17.1514203112901 13.5222947986904
6815.42 17.1409975668141 3.75520935332495 12.9316132725471
7111.57 54.5763402398913 10.124244328921 15.5817329011825
7196.24 39.4428152310985 5.79776814504975 29.3986940000204
7506.93 18.5523964599265 8.49562860564586 30.6873176296858
7745.14 15.7603285262857 8.44243711788134 15.6166001241718
7839.66 17.8145435523372 8.47288208770777 16.3558532245879
7930.63 7.26506717474175 3.36465725940027 15.9588175935469
8054.69 6.57899019982233 3.48377771443848 16.4769282353673
8092.13 7.37272037073536 4.22849839638949 14.4694162717369
8364.6 4.69945577657499 3.5332441148569 13.632682735235
8712.45 12.4533196562235 7.40617454253086 16.0144403983541
8799.01 13.5301138975619 6.01109699493726 21.6476047081906
9018.15 17.7782425109925 5.52178178225098 33.7952459695571
9137.32 21.0677060511233 6.68806753289664 21.9158063364084
9465.35 14.6982583843121 5.78928740885198 22.6896543857092
9911.53 8.52712542335714 4.40825093150229 35.22998325761
10160.24 6.88284658150129 3.37986230445812 16.7347110130358
10588.6 3.54672976206532 3.25856155042096 12.5170586197091
10880.68 4.82237775518295 4.9114504518134 22.7020349092345
11115.88 3.06564319482385 3.40184831527791 12.352603828449
11403.23 5.23881824444944 5.14648469862965 25.5552117166426
11695.81 3.04150997284707 3.61696904281403 18.9366047175317
