4196.88 91.7725933396308 17.7588371833108 8.37181798042639
4283.43 100 13.6301510643658 8.56634383426353
4394.46 21.2618007537622 3.61908311249507 5.85724941650187
4404.76 20.8799375148171 3.81132379490057 5.86796165357282
4457.02 20.7471306228764 5.45020350845458 8.32572438707757
4634.21 53.4565912975988 5.8156823077483 10.2621363878825
4677 44.1958978515778 4.98455812172674 9.71679441783817
4852.98 13.6308103786282 3.53108853457225 9.66763249929591
4947.8 35.2708613490368 8.30848096310953 9.48942132906905
5077.23 58.4172945160138 12.4747065901917 9.62070809687793
5252.85 65.5059794619313 11.1070566622918 11.4662427322
5615.17 39.0925919388282 12.4538602202747 11.5285359452891
5768.27 6.77608483714007 3.05642552625739 4.36983746812803
5930.11 79.0748637951629 16.5169809996349 10.3865168904194
6002.13 75.1279329253424 9.83052803900659 11.7242845757883
6115.25 85.6741532227857 7.93671507673683 12.3770103768084
6237.8 47.7379517148342 4.78741479226623 11.5973850032397
6334.56 79.6597862784935 10.9859883557195 13.3359782652033
6569.98 89.7482327036824 15.3169558543487 12.7689155005874
6793.56 29.6051476652551 4.48906771124303 21.0363816798836
7105.99 59.5662563891238 6.24878003269028 16.0480298032608
7191.88 94.2618922173102 8.19197840234511 28.1882596007054
7502.01 23.8003740504679 9.3601987610691 30.1881029294318
7738.7 24.4676790504723 10.9097769581225 14.5868338957653
7835.61 24.0765403614666 8.48459247201888 15.7181608425371
7921.67 12.1407917364899 3.91134235862413 18.2839753771686
8085.06 10.2463417434145 3.67375159453203 13.5950649496363
8287.66 9.39182242313434 4.2676713511178 16.0692436054032
8704.97 12.1286118702092 7.301486523422 11.9298016754947
8795.77 17.3698634105474 6.3785491406716 17.370661898547
9010.03 34.3865290856501 6.90825767584688 36.2078814862325
9130.72 30.2618473031865 6.24948573982838 23.7326457958916
9460.59 30.2302965332349 9.69577359580136 28.2025081447064
9909 15.2666675383884 4.51046725694981 29.144231895194
10098.52 12.9474790180586 3.35176828117763 25.0470179308377
10876.54 5.14284512476434 3.5723664832955 17.2393919253809
11109.24 5.48835969580517 4.12383265863125 26.7938907706757
11394.78 6.97539894955962 4.23474405492539 20.3937750010209
11696.78 4.26738442867651 3.60226980579055 29.0416167089043
