4069.32 7.32692881690796 5.29336209085159 5.4336739267851
4154.03 94.3638012414721 43.6650123559939 7.96981878197312
4215.34 7.29922424920556 3.18196477567814 5.35574770707808
4224.95 6.97657040971782 3.0567207884517 8.29417759643002
4297.16 25.0800623571944 12.3278528539961 7.06829677894257
4311.53 19.0975042208852 9.29505879770029 10.2063685176963
4444.68 9.27686456037205 5.99276100002831 7.06809151894595
4498.54 12.9107055751279 9.74245520291248 9.25146663797204
4592.87 8.08834351222003 3.17327337184111 5.65623230866277
4675.21 100 29.827407437161 8.51735884384652
4723.43 10.7701288099235 3.26204023208954 9.1756306241341
4899.56 11.2564149909429 4.88627839393658 9.15356197161964
4919.4 16.7256558486597 6.71360345528071 9.65469483248762
5113.49 7.15315123743477 4.47387433181719 6.92912910073301
5174.72 21.0805922152028 11.6660540218219 8.56672408077793
5295.77 8.01463329897865 3.98429701666545 8.45297095356091
5384 28.4246380788637 17.6888481362358 9.7913529946909
5534.58 4.11460158265019 3.49411819451649 9.24421846208134
5654.7 4.3562257582838 5.46396754900915 8.5375102496273
5818.88 24.5923488399946 23.3104444965819 10.1600582867723
5899.08 5.08195731467561 3.367804670527 10.2409797038536
5975.22 5.41572797359338 4.19357564982379 11.8442481074762
6248.02 49.3983938427883 23.2530004797867 10.9847783350378
6319.44 38.0685320486309 15.294423137455 10.7432851169906
6403.34 10.7731108171327 4.38229650181276 10.2849136333452
6449.18 9.03898998620208 4.06602551802252 10.929182562747
6513.17 35.4868688793074 20.8961531818135 11.571348133185
6749.48 34.0874946087426 8.93040592545836 13.1122901720155
6792.19 92.1473573701805 23.5884284294098 12.2459985195728
6997.49 9.43203275870973 4.3168819829526 12.5366810621736
7076.59 5.88135081737131 3.97168968723487 11.3964379262861
7182.54 3.90874904040444 3.37515537096832 15.1595168241874
7231.8 4.13362126773528 3.85811250334208 12.1126018014884
7480.11 8.90350323126301 9.59134774530923 12.1710398577234
7631.45 6.00446404568331 7.28852637381866 12.2653402218184
7730.32 2.81336444705878 4.64839361921654 12.1743702008307
7892.88 3.02870497794973 3.70584486548086 12.4565884985377
8011.28 8.50837103183877 6.79502650266949 14.602940535764
8071.59 16.5146553894799 12.3850796707736 14.7041666164159
8141.18 5.32527926722378 3.98991718565963 15.2135420567402
8548.75 1.06724538924856 3.02083182101245 3.90403928700835
8818.49 21.5547563975377 45.49976000672 16.677420546137
9006.58 1.96622480300597 3.48053224242108 15.650468553762
9109.72 8.06349762158938 20.0118771969959 15.8491255213157
9558.95 84.3801010870767 27.8923569773371 19.8164903037286
10038.62 10.3071999386642 8.415027592314 21.3587217227341
10416.7 4.10797093400545 7.40255094722664 24.8471244620541
11068.66 0.761291288117761 4.23289633206186 10.8304614514964
11466.48 1.97968497727408 10.3922494578433 22.2522988838082
11919.72 0.270817088004145 3.81262685385648 1.19577693817519
11928.15 0.245289251978874 3.48978878414447 0.858676007164831
11940.69 0.389472930813432 5.6389532672402 3.47021584420509
11951.08 0.290799325660325 4.26580977814644 2.9629178821433
11965.99 0.391882577106116 5.86687764928581 1.72372617413203
11972.66 0.420474267709533 6.35218369284336 2.80673576847403
11985.42 0.428510990095772 6.58730794373142 3.109064665392
