4068.84 8.45540801942511 5.74303345102925 6.60424736327468
4152.58 100 37.0634360426017 8.20694366771295
4213.03 14.7368812663405 5.48128272370627 8.61489555329081
4296.3 21.6097214183709 9.99300858987405 7.57238425107425
4309.81 8.95690475504643 4.077251151673 13.6194055962578
4444.3 8.50772225432801 6.11522513810228 6.34155655926497
4496.54 13.3003866412288 14.4642989963935 8.74297347857919
4673.43 78.7698945689475 28.0892197741181 7.68963041378993
4896.3 9.25862607487072 4.39127016321342 8.19538377999925
4918.23 14.2557226632895 6.0374586463239 8.93671241851916
5110.96 5.44092535241866 3.50157722436633 7.56077374818688
5172.45 37.1216082542904 20.5236271276616 9.64860639208382
5294.01 7.30315707037272 3.82981236953767 9.02169760380912
5382.64 24.6650641050196 19.5015451120996 9.3572481267729
5534.44 3.44342004214899 4.86151837250498 12.9596894765109
5650.24 3.12857706031457 4.33090850989062 9.03695556015737
5690.72 2.6783462273501 3.1676582019575 7.23404464427131
5816.9 29.1881481899999 20.9581245341992 9.85375437401399
6145.49 5.90158243800654 3.24956171381375 9.89815416990223
6246.85 58.0031656178895 18.0766673939038 11.4165780050744
6316.65 37.7863639134509 11.2228410824124 10.7050722630938
6446.96 7.39964503354492 3.03335897568958 9.68108667286015
6510.79 29.7725011892637 17.2054839914885 10.6792345878121
6747.06 39.6169040028208 8.82952644642943 14.5970209527168
6790.22 88.5828675672111 19.4507525775756 11.6242794602249
6994.26 7.78328396343348 3.33439888042093 11.4080346141673
7073.96 7.27056373325048 4.2907320051736 10.9590856252817
7152.84 5.76056094215943 3.86905383398372 13.2267089343277
7181.14 5.60192978119166 3.96732791585424 22.1283811759922
7230.24 3.99016780678759 3.07970217975231 12.1305214599734
7477.26 14.2814163828651 15.0673465686891 13.0261477636568
7627.93 6.71396881274002 7.12649012854339 12.314075282462
7729.52 4.8010545887445 6.76364834239817 13.1467874526816
8009.64 7.9796236667945 6.75650321166791 15.0573995420964
8068.31 15.0921699838217 12.4753532847618 13.6086320796085
8140.2 3.79594563287469 3.11792846570926 17.6559508698801
8815.75 22.3710466036105 31.9335747075757 15.1695565705686
9065.35 3.0970604193908 3.69183126917332 16.8436840546929
9106.94 8.08706210859374 10.8658105441538 16.2496051549933
9556.29 78.0572472309507 29.3174414569121 17.9902412646952
10035.71 9.40804675123137 8.03377005734415 19.8520923853866
10098.16 3.65598632146475 3.0595965296783 26.2036973936629
10416.15 4.07547950924314 6.94117473641068 20.739152274371
11379.81 0.680160217157767 3.18373795517943 14.7927744294793
11462.63 1.85603565474446 8.74891986052686 21.7296694180186
11934.22 0.244629708016376 3.48485116055089 3.13962140465264
11960.1 0.489349638983889 7.22292480341486 13.8758160609359
11989.55 0.277528990586888 4.27004354927845 4.12112487350896
