4070.03 18.8418650657394 3.47993075229026 8.07413470914116
4152.95 77.9402437589584 11.4349231756108 10.7497008687233
4312.02 20.50713744745 3.03999156792944 7.21015280835127
4497.91 21.4665163885767 5.57597907250001 4.4769879161031
4674.7 31.7342887861867 7.82045930457059 12.5577443279444
4896.56 13.6267438880133 3.52936232697833 9.26779596092092
4988.22 10.8731456302073 3.0204651789366 2.01520919840459
5174.45 27.9913623893466 7.62679108652081 8.87070121251418
5383.73 36.5377652699592 8.72536598578355 11.6428704078653
5817.61 15.8742490245968 5.27337162611276 8.81693084285143
5895.82 13.6540889385692 4.3701881733296 11.7790958346995
5978.65 7.9176249959859 3.06343402356825 1.52259220858741
6247.87 40.1822245549021 8.25392010432912 14.7244417422535
6318.71 39.2050896533222 7.49771683770449 13.6349107555161
6516.3 13.0901863427533 4.64884010064625 9.649070578801
6750.69 30.0139857811905 3.09545555299385 14.2496256739132
6790.83 100 10.7363935633049 14.5567547418814
7306.93 7.80336774658248 3.29034656299907 4.01484821544182
7483.28 10.2269772424257 4.54873453339079 11.3508112180489
7632.25 8.21925609773355 4.18058486297285 9.94363640649317
8070.94 8.26630075556776 3.86702104287619 12.5821133070294
8139.87 12.4912103975888 5.96792937558711 13.0300479998032
8818.49 9.45013547544358 6.48181304897375 16.7580631418732
9111.97 5.09477834773841 4.28884414210073 8.33752657671357
9561.43 24.3660015133442 7.15500499804074 25.3354800171874
10420.76 3.35788046522511 3.28113546030965 6.92943006034511
10426.11 3.15203762883627 3.07132346095754 4.99797950191169
10939.22 2.20326146587978 3.24639260382005 1.50375067608365
11481.31 2.02495733188584 3.57562255032662 2.22822250955869
11637.99 1.53278633651372 3.18928080674112 4.05372901948431
11653.89 1.49561327620866 3.22334663706588 1.19323546339365
11791.73 1.09562325045304 3.68464749953813 1.73658849173626
11821.77 1.13635507377337 4.34861854399621 0.989663551115882
11836.41 1.06943463418669 4.24603978939122 0.692048121152766
11847.15 0.975313474685072 3.9750584403775 0.932203010461308
11862.78 1.1386559412515 4.87865813966016 1.65891725682923
11948.92 0.691180371985053 3.88522987808272 0.223024649836589
11977.96 0.971192172682482 6.17366396316637 0.386672067888867
11984.83 0.577421658970931 3.74616248990679 0.207322151441986
