4068.96 5.12379489178462 4.18632926912913 7.0994032030103
4152.1 89.1002805982076 46.1879719390164 8.48455486731473
4212.67 6.44328737423009 3.32203011671399 18.2101267089447
4296.06 24.2862621827962 15.8951807732569 8.06992362845631
4443.18 8.58749870140601 8.29916163361873 6.99377120365534
4496.04 9.63163881947204 11.61263015352 10.1285331638928
4672.66 91.5315506687137 36.0110664273836 8.71842361599192
4896.43 9.18416922199957 5.22640837151447 9.78745015550885
4917.84 14.7016910349529 7.63282928585023 9.88419655918278
5112.82 4.24409928712181 3.52317939656743 8.46936725890919
5173.52 16.304142131912 11.6531969899403 8.97327001347276
5293.47 6.35034645126674 3.74039665826306 9.89697229245212
5382.5 27.4153042302452 19.4375106355317 9.52251030306252
5532.37 2.92478336824709 3.02362621745239 14.853445687907
5650.24 3.60889132143425 5.28715671463505 9.34747453320051
5816.48 30.4366726456619 26.0162778310316 10.4077073453655
5894.25 4.78267860908059 3.89379590802683 11.7940562050098
5954.22 3.58517782034327 3.72937334292241 9.92939323324663
6245.97 55.2228209670799 28.5487816527907 11.1294676038051
6317.09 39.6997708411061 18.9819124570603 10.953120191919
6447.85 8.68904923025974 5.37918148548128 10.856510865905
6510.35 34.0127604007532 26.7117180721961 11.0350269767623
6746.75 31.1511711776058 8.75530625679807 12.8863115393988
6790.37 100 27.5616794826692 11.9405695993237
6995.64 10.569976970699 5.97363470913146 12.3892399158203
7076.13 4.8317828837931 4.10088240105738 11.9768266021038
7182.69 3.04125240921112 3.20901799723636 21.7315269865312
7227.9 2.68690185969854 3.052726754698 13.2162331927511
7478.84 6.85648346554103 9.27951995780364 11.052890540409
7557.52 2.2759689818954 3.12697490949447 13.1316845819565
7629.69 5.95824265507209 9.19479282931815 11.85658685612
7729.52 3.14141425518972 7.68367637245017 12.1067941423544
8008.49 8.16630282805337 8.60076607273071 12.37392282992
8069.13 18.3766560885778 16.8888925131667 13.453572268837
8141.02 4.80451588547422 4.11776006788238 18.2555476514808
8815.75 25.9245204934799 49.4543864737822 15.5398177395964
9001.06 2.07503453170747 3.41938390161455 16.7290000985977
9106.94 7.61318973743464 18.812218596007 14.6188799062857
9556.11 91.5292600469293 31.226033484921 18.5838744760858
10036.44 10.6801746625492 10.4949431302485 18.557356208099
10414.68 3.22430241777486 6.55446348319256 21.6803978620446
11068.09 0.811611938925283 6.20329289097689 17.6122709330211
11379.24 0.505236135267215 3.8460556823787 10.4475331721133
11463.21 1.81085896275401 14.5821178805276 21.0130808202848
11499.23 0.386517949542437 3.20257028221086 3.05515313660726
11940.1 0.228405821217857 5.82809911251576 8.75416467536161
11955 0.283532282707608 7.32425022556746 4.94747897685011
11966.97 0.287193320915334 7.49119337180273 4.18872268613268
11975.8 0.230474433401051 6.05436207663392 7.29864068918141
11986.01 0.181699517654755 4.81308504973257 3.33034865050467
11994.26 0.127133233013479 3.39083000498691 0.758421219214142
