4069.44 3.28089993262337 3.46257091751055 4.61506375508498
4154.15 75.9216644660866 45.1114362125881 8.80927218935722
4297.9 26.8940759308074 12.6279115240907 7.7425817475978
4447.29 8.14552200242541 5.07851638855631 7.28751385854684
4498.29 9.842756162379 8.04498024418925 10.8020060767321
4675.85 100 45.0049748496827 8.43372613262181
4898.78 9.06728988238187 4.77912974734503 9.22283150292333
4919.93 14.1775022019205 6.79041086271339 10.0638125379774
5116.02 4.58323239616011 3.40823504931748 9.50603462837717
5176.46 21.5762573525441 15.2423390132838 11.072236913601
5295.09 6.70402945860298 4.77397906432722 9.77171512233144
5384.95 24.7202050776251 23.5022382495875 10.0233248429477
5537.62 3.32810077372379 5.17618124568221 22.8617352534166
5652.89 4.14693982145398 7.18416895771063 9.46521999488232
5819.59 18.3323989809687 20.7395941350564 10.582188620574
5897.66 3.89976596598456 3.39419148734051 9.39187531812058
5956.36 3.00235827190654 3.03050365293272 10.5646113189478
5974.79 4.61071844244833 5.02014124450487 11.6296349950971
6248.75 27.1435171169158 14.5228861032324 12.3849777870973
6320.17 36.2746432602547 16.945668208899 11.6678201271334
6403.19 7.04115908793538 3.34686364391615 10.1429247253909
6450.96 8.28288598603111 4.48261004489548 11.286924492556
6513.92 25.813837658151 18.3268251976024 11.7582914779532
6750.38 25.7254123351302 7.81069146061549 14.8871729927105
6793.1 88.3155328692813 26.2741882925503 12.8751198780947
6998.72 8.39506973185405 4.82616197439916 12.7082809482081
7187.36 3.24176225109179 4.10350140309276 22.2924944112847
7233.99 3.34034698746232 4.38556316068907 13.6649528016142
7482.81 8.52828911305055 10.1299322026915 16.0141362974118
7630.97 6.10015689038187 8.26975478075534 13.9268726359733
7730.16 1.86972077677649 4.03316525461165 14.0766387094754
7892.88 1.82338400437301 3.35555134733788 14.2979840176176
8013.57 5.89206636031539 6.93328980035239 14.9852639277497
8073.24 14.4953883811905 16.1502831211692 15.3694092611431
8820.71 23.6486609032361 55.8496480828256 17.3609221244315
9111.97 6.11314562566246 15.4635134917694 17.3298731945251
9561.08 83.4765948677379 29.5238731602091 21.6909870356667
10042.06 8.51913885328984 7.09594128070813 22.4670112516324
10422.79 3.19117654744703 6.17345585535287 25.7253095806409
11072.26 0.542787391483069 4.50450488580289 16.2106841475415
11089.32 0.374138449958095 3.08356014452611 2.46126127301432
11473.03 1.96130182112062 15.5552616645103 23.3946782877902
11581.66 0.347232401506014 3.08937436580426 2.68052735230776
11947.35 0.222908407386819 3.81282303952243 2.17533884878685
11961.08 0.30136033174175 5.19648433162122 2.9061162536218
11969.72 0.318223728384089 5.51373407794061 11.493183260347
11976.59 0.250354828522063 4.35352811713204 4.26603789891851
11983.85 0.256312630490348 4.47539614869387 3.265572590386
