4068.96 6.38197217736863 4.14925632489429 7.74226198477436
4153.07 100 41.0431074652087 8.62421809687294
4212.3 9.53669133990546 4.01623215615626 8.94377041180542
4295.81 25.0019273283556 13.5750854073921 7.40181853371541
4309.81 12.5252408554118 6.71839264007883 11.9962739476823
4366.12 5.8315230619672 3.24056140837632 11.004435546075
4444.18 9.34941343904511 7.2789730098328 7.06465269496766
4497.54 13.580519155426 11.1242921340983 9.10263556512018
4593.37 12.1122578598597 3.82622031577501 7.6585929650455
4636.5 17.1800515343727 4.07577039049119 7.3380708213208
4673.55 98.6016433620958 23.6974302421138 8.99329123318057
4722.41 13.6781997298889 3.35499257330802 9.19153864895543
4897.6 9.43772388859756 4.1252454436332 9.10011338041477
4917.57 15.886784509809 6.68507704439916 9.16903561139861
5174.99 19.4471465491516 10.9780772445563 10.109871588932
5294.55 7.75265769535066 3.49529076119668 11.2409864142874
5383.86 29.1249614665071 16.1206932716304 10.1838583957579
5532.51 3.78380804592656 3.00259337548994 14.342158089531
5650.1 4.50748659721881 5.55222688813386 8.62719373608888
5817.61 28.4898636305264 24.0952175990968 10.3166105820465
5895.53 5.93928119921776 3.99550410782867 9.85771116310116
5970.93 4.03400185179855 3.22044373166188 11.0458339684455
6247.72 54.0890439148277 20.2871220249811 11.233629970764
6317.39 41.5960861449573 14.3520985205718 11.2148355945801
6448.44 7.38833612716959 3.38804495352695 11.3293998888212
6511.39 30.568158384172 18.859160678666 11.4274540902334
6747.66 32.9092905574531 8.33526632251786 14.0942786170062
6791.44 90.2592831164648 22.4780616007528 12.005274963889
6995.8 8.9106476972147 4.14369253484886 10.9912798475698
7077.98 5.32734089897821 3.45306397037597 12.1253953990299
7183.01 4.61708828684874 3.85424517954858 18.1238377934178
7229.46 3.78312507459772 3.52971105146496 12.202227194507
7479.95 7.36103138112998 9.32742197249787 16.3438091901598
7630.17 5.27695424151435 7.36572217992364 12.4482823846147
7729.84 3.43383446356832 6.41800386125499 11.4552454551977
8010.29 7.57631395493488 7.12966727412906 15.0283420303012
8071.1 16.7585504200255 14.4708163236143 14.2657222295347
8139.7 5.20425495768497 4.35486552045932 14.0155561253723
8817.29 22.8337016817789 41.549264690148 15.6327562046044
9064.66 1.99151597489982 3.29667056928991 11.567298603255
9107.29 7.65833742055373 14.6755819735337 16.893662263612
9557.71 83.9033338101946 27.9066545928318 18.6789354257016
10037.53 9.3466101145872 8.5900501839911 21.7194547702293
10418.55 3.14620320686024 6.39353279814658 26.0554964829807
11066.58 0.698566783431073 3.8033574871986 7.87221696807501
11466.48 2.04703614476241 10.5492580375618 22.4207797737326
11944.22 0.365399687482042 4.52594262746675 3.59192180085483
11956.38 0.363686353562602 4.56987893953789 2.02191574671997
11973.64 0.363051488519609 4.65747300652354 1.71665158157339
11980.32 0.302335311354302 3.90962679581065 3.05503478527862
11991.71 0.255469358108265 3.35026978626733 1.64829540840401
11999.56 0.321400485281054 4.25685175220092 1.92640783848401
