4196.64 67.0039693024423 12.0157728370911 8.94755431070826
4211.69 55.2464267851374 9.83911141649622 9.51765252342466
4283.31 33.8080834429766 5.8936862668782 8.59857091955564
4353.15 19.6818254767303 3.56396943499632 9.65503512190571
4366.86 18.1973447187205 3.42635432311641 9.6522380356455
4457.65 14.8395898361912 4.60505628824652 7.78068825994796
4582.12 16.7836464300985 4.0904616615687 12.332672827426
4633.19 24.3971491569752 4.68103183716237 17.6896868739768
4676.62 23.1649059488033 4.60547673391779 10.8188829254495
4847.65 9.36209705058405 3.2699039817643 11.6091620333909
4947.93 18.4113928576907 5.10440541733842 9.66031256202314
4980.6 38.8134322963554 10.1351491865905 10.2921558719763
5016.8 11.621488185939 3.13899246528647 16.04267142355
5076.3 14.4664529701756 4.68199231331573 11.2710217865933
5252.18 100 30.7084220140775 10.6124457324613
5615.87 22.5086327706029 10.9957265793889 12.0300951500903
5765.32 3.32228887740812 4.02398471492117 11.1394354681961
5807.44 1.6892187469262 3.11542100190629 3.42797755433639
5931.11 29.6337488959417 13.8267275430443 11.0233081293118
6002.99 68.2828419155884 14.3281841971265 11.0555631630405
6115.83 70.8109834457575 7.23120096294162 11.2819908930751
6144.04 50.2671540713652 4.72885937316977 11.9763018900303
6219.58 70.2333297052929 6.95456902939485 12.4473011333175
6335.59 55.2871328425816 8.98177581356362 13.3514353608289
6571.03 46.6009566958746 16.1512730653654 13.0551416549924
6794.17 14.3832495335378 5.07833754709822 15.8765298146591
7106.92 24.7659094461273 4.41950860344864 16.4813719491603
7150.04 26.6374909304674 4.5028369916904 15.05836592787
7178.03 38.7611072043546 6.41341956943584 27.3866052362046
7501.21 9.87628731782998 6.60434127718019 32.2554711391167
7626.81 35.6292986188421 19.2092847484223 15.3468469947184
7738.86 24.8716294915831 9.83078090040109 18.6250173806193
7838.2 13.5924741024311 4.95219810372496 15.5932986600783
8021.1 9.335713031027 3.59391027438898 15.6353447826359
8287.66 4.81273131995946 3.87705707835207 14.0805344410564
8495.74 3.67162216373678 5.46712916525401 18.9296495896197
8817.46 13.6197391238772 4.91065048227903 19.5054355517586
9061.2 13.6399695771823 3.25069655543994 17.6043439584173
9135.06 18.7903548769729 5.20284337636172 17.9295469572971
9378.5 16.1433607599772 3.96187859843997 17.6477688465802
9461.47 26.2459130231293 6.38510762902 20.7263562997414
9899.45 8.59162116548363 7.73036124049036 26.9166257962752
10228.52 8.11464644653878 5.97029233269171 32.1650568397072
10452.31 3.84763903358495 3.41025256303219 20.8755269843459
10516.65 3.64602520150876 3.69718129761255 22.605843064126
10875.6 2.01891903019412 3.29146477519404 19.1011837008264
11109.81 4.28031197544376 5.85723435937376 21.2958525436552
11394.97 2.77052030062033 4.44943648721727 25.6561979689413
11691.53 1.61146174377764 5.59657933068701 23.2400587837128
11832.89 0.582815844019388 3.2679550512151 2.60348287399574
11953.83 0.91006036522479 6.73301976278386 17.5002391726721
