4193.36 89.0519313348177 19.1092325507486 8.10764624349304
4208.66 52.2081474869102 10.4336019909471 8.60755580431942
4280.01 32.2304972904219 6.11944717576715 7.9128660361439
4349.57 14.625612927132 3.49971213337594 8.35878129558478
4454.78 13.0941861178742 6.7654282479207 7.10661423348847
4587.18 9.05419667926057 3.12159249904737 6.57584153474363
4630.02 24.9913151735616 6.79338981374494 15.8007023002865
4673.3 25.8076897929445 7.22428245714729 7.71653810904263
4716.77 13.8991561311419 4.14723217374872 8.03439468708166
4843.89 5.25521812158722 3.18683452247733 14.6172963456811
4943.87 22.9066148418268 11.0876479705602 8.21358408085598
4976.92 25.4819819540576 10.8525919446936 9.4554022359107
5017.86 9.3140525118746 3.84095053046755 13.6675736761717
5073.12 15.2925687941449 6.7642958378509 10.1268154141908
5248.41 100 28.8192676555481 10.1165201523872
5611.42 15.8063896185138 10.1443412450851 9.51416918604809
5766.87 3.36408016898451 5.43865877672693 11.8461274918654
5802.79 1.66138755564024 3.85687256972634 6.76384825301375
5807.73 1.5054419796181 3.72354253043099 4.17760568292488
5926.26 19.6831357208996 11.8962773486501 9.98498257153278
5998.55 69.9200565451484 19.3690152235458 10.5503506416126
6111.06 71.0612073715825 10.1962858432351 10.6986550319416
6139.7 30.0192910050367 3.9878926118879 11.3340402534177
6214.63 46.8426936798073 6.3417659714495 11.3062744608487
6233.86 22.4813010085671 3.1224467192524 13.0328769940188
6330.89 56.5498811161088 12.0434403539181 11.5477703139413
6565.5 35.2906659640483 16.9050037024991 11.5779218460902
6788.1 14.3871642387721 5.63868929230136 13.8351118077599
7102.43 19.7213026098037 4.40386071019331 15.9864099721426
7144.45 20.5193278443624 4.09859601088589 15.6921920233499
7171.96 38.9442794109854 7.42012374807425 28.5291206147822
7499.63 7.89316492659962 8.4493985274906 29.8896741990166
7620.73 20.2480062810921 16.8345347006324 12.6783879147397
7733.7 34.7423861173023 16.2707989680739 15.5175772825287
7831.88 15.7248016218007 6.44235443770356 14.1300519540282
8014.55 9.56824024683843 4.54845791205848 13.4610671616065
8279.85 3.58839750851678 3.76400088832898 13.8372239015534
8299.63 3.0146964027699 3.36543196656558 14.2465560171822
8492.21 3.49688795385977 6.59536988914468 19.538307612047
8782.28 10.9911326967321 4.15469401412128 22.9396614251873
8812.16 13.9165547414254 4.39620167757324 17.7490797082428
9128.12 21.0568952408669 5.4306277626558 17.6304851694495
9370.94 14.6109834039386 3.67507612570609 16.4831221278637
9453.7 29.9243308162398 7.18844048744092 19.8002317966475
9850.33 4.21176685079742 3.59630862514274 19.9724588042463
9891.35 7.31116744803658 6.35609085554591 29.432788139773
10227.24 8.03400637171936 6.66028937802956 32.3395357825411
10443.45 5.09182387891345 5.69617140451433 19.8942619936988
10506.29 2.93919475192913 3.64825145165917 19.6039490585063
10866.58 1.94517875083887 4.12277049332193 19.3100146964262
11100.32 4.16561067294831 7.79540139377492 20.3782447973881
11322.13 2.17545442607639 3.43312949206835 21.200577921918
11386.14 2.23879664025007 3.71639424362937 26.1162077259796
11686.87 2.00667215258414 5.74792413107166 28.9128567500975
11940.88 0.774066606299049 3.37764536958287 15.1796099361109
