4194.94 72.3990836725467 10.5995953860269 7.58241718110276
4210.6 76.2987411378568 10.7351841595176 7.80804574398007
4282.94 100 13.6045834699087 8.30400215961436
4420.16 20.4248912069297 3.56757177803443 5.74046689310489
4454.78 24.4821690568426 5.42007436702035 6.8970537007217
4581.11 18.1424546469109 4.50463859676196 6.42682524575775
4632.3 27.5038336151476 4.91240789925576 9.5670129608252
4675.47 25.7236089474254 4.73426052282299 9.02807878315252
4717.92 15.8740846295657 3.14393395185905 8.25650981323088
4837.28 9.06939371382233 3.5536890969543 9.41225021284299
4853.75 11.3035390230732 4.58153596377675 7.69943975435217
4946.88 11.9498143312895 3.90971388319582 7.85830463560433
4978.5 51.90942459174 15.6148483755735 8.21508901647485
5015.75 10.6895029939976 3.04787742976367 11.866315098534
5075.51 60.6265945792797 17.2691596395812 9.35698870086526
5250.83 89.5571916704217 26.3414242782105 9.18318933710907
5348.63 13.2877865925567 4.21966443018114 8.3525837397483
5613.23 31.934576110906 14.3123096284503 9.07436930742733
5764.76 7.8517242009827 7.05856089954686 10.9061739916879
5929.26 72.6622656734502 29.267321088178 9.9173292335845
6001.13 53.6831678515291 12.6385819827639 9.80976412658765
6113.08 47.04839861923 6.140333642854 9.70882664631336
6141.87 49.1278766368237 5.84410108275915 9.554573645848
6216.96 71.6672536059006 8.28150018482515 10.7606923735621
6235.76 47.719509696159 5.61819409400899 11.8030245063783
6333.53 52.8673294760039 8.70705252063098 11.5588345745136
6569.68 77.8275920310379 20.445681985475 11.618410852293
6788.4 14.7215829499316 3.26726516115508 15.9721458734111
6809.95 15.2261277307729 3.37053396830456 13.0332984442357
7105.22 69.9096294849723 6.16109051972395 14.2636574612852
7146.16 45.4815737335584 3.72976403173415 17.8893061250828
7174.91 64.1397834283054 5.11201433800243 26.9310145165327
7484.87 22.0242264859775 10.085838456703 29.4791631511289
7623.45 31.7982267033649 15.8771148962985 11.5652023715775
7737.09 22.5257509602596 9.53681761579735 23.9687969117731
7833.99 18.0063119975041 6.81713825667331 13.2703238557051
7920.86 8.90258277103301 3.07172602301403 10.2867614907636
8019.95 9.96164836832947 3.39858222419778 11.7213237843062
8051.25 9.16054659059169 3.18845054938147 13.6540466114275
8285.5 9.03852847593942 5.37932600703557 14.1454609458797
8493.05 10.9275627039248 9.99342258347735 14.7195476208963
8704.46 14.2395279225114 5.58654615510481 14.5742158040739
8815.92 19.3541668601627 4.33185618863195 18.5548884291893
9007.45 28.6222687483643 4.19661642044256 34.2365664118861
9059.81 33.3317828670062 5.24787104010703 14.57063669321
9129.85 32.9383160649501 5.70139836904347 17.5991034500075
9374.46 32.3167998005596 5.89609597457505 14.5010558226222
9458.11 24.0787056361084 4.33504897870281 19.6207729731705
9908.46 12.2068761277434 4.93229148601943 30.2419354438189
10152.22 11.5913708305277 4.40672819659256 17.3382858244586
10232.36 8.15463425448386 3.47651460450232 32.1227761018108
10447.14 4.4976270431958 3.0925956174279 16.3463688804422
10514.62 4.19423244797903 3.37607489976134 19.4390949762328
10872.59 6.97341748267699 7.838431621172 20.0856810404803
11107.34 4.9877541345606 4.72398203218513 17.4326881685683
11394.2 7.24420551952946 5.11433712234352 25.3900088304072
11684.74 5.08456385997001 5.89813451792815 26.6932619147701
11830.16 1.8868920687499 3.12046541956604 25.2834396286235
