4193.48 86.3245537178776 12.6330059252478 7.57709231833996
4208.41 95.8740800282824 12.958414324684 7.65973252883759
4280.37 98.0116800745759 12.8497854758188 7.691565464419
4418.17 17.8972339108444 4.70229180718135 5.81380284547686
4452.78 18.9935050003703 6.66678296106355 8.15146537229612
4586.54 24.8357114285837 4.54483886789699 8.49130237300051
4630.14 59.1750821353872 7.3442419022539 8.47499601017807
4672.66 68.0240902079276 8.22431725442663 7.80767321744952
4715.36 40.0254447398608 4.94325328165506 7.9761210314955
4944.26 19.0416117986181 5.45728042618436 7.57901007921191
4975.87 51.2464553753551 13.9456163654155 8.27582766863179
5072.99 54.0123821256218 15.9026443404658 8.62937276490266
5248.68 100 22.9667829580559 8.81495636852651
5464.81 10.2182677471003 3.31345711987981 6.69463460380484
5610.59 30.6931983505423 13.3813792476557 8.9149898312844
5762.79 6.58148386199325 5.36812308170228 8.82488339710289
5926.69 61.9575959123089 26.5776284193936 9.11909912247484
5998.41 53.6811775375102 13.9025838489982 9.38592660434551
6111.2 50.7903926341321 7.59761963088932 9.06273400110331
6139.12 59.5583524982746 8.23659779437693 9.13077264840285
6214.77 76.5153703609008 10.1601004358944 9.97446890307947
6234.01 39.1385256372727 5.23416143533501 10.8391624998694
6330.01 50.5137178963684 9.27126670282285 10.3678203355876
6347.35 35.7191998763605 7.1434860797911 11.4166804335109
6566.1 65.1944271996347 21.7092648268332 10.3615568076966
6757.65 12.4874611087415 3.80901712246655 16.9244763463366
6787.95 12.9188170913801 3.94841696256515 15.8829135891747
6806.77 13.271028539653 4.06053305000965 11.8138384052272
7102.12 71.2386191743529 4.9535036328732 13.9617225409738
7144.3 43.6422614804411 3.04284579729129 15.3022001957352
7172.58 54.9137246010091 3.90926849123076 12.0602985223813
7480.43 14.1474056290264 9.27932303320475 10.4649897575182
7495.82 12.8548724981904 9.10765615541717 14.2128573566943
7620.57 33.0547780825297 18.9937994935936 10.8535261662137
7733.7 23.1808571705787 10.8105145226353 23.786670478833
7830.43 15.5159082129608 6.99366678317686 11.5015248120799
7916.95 10.9135941947299 4.84172832734224 11.7957727762823
8015.04 11.3053476916229 5.0881559946956 11.5566483486809
8048.95 8.0489297679493 3.60377816390962 12.0802893996579
8079.97 6.85042188186831 3.07449908592302 12.4296086855566
8281.51 11.1235028947286 7.23323414725495 10.6943428229224
8491.2 8.31621041904345 8.11901907952634 12.8733506949284
8700.55 13.9086821258611 6.39587760691855 11.5686152521412
8789.62 16.4979118380186 4.71568448319864 20.647275632271
8811.99 20.907808943018 5.39137716269269 15.8644043956265
9002.79 19.0079466450186 3.09664331560739 19.3447521030193
9055.66 28.746729120348 5.09890306042905 14.23649838852
9126.55 28.349442945656 5.59669859347862 15.394382123337
9370.77 32.4040114130132 6.17301247757442 13.5067173226817
9452.47 24.6029710578785 4.46266594857046 17.0008647652103
9903.78 9.67541138673168 4.97045819159562 29.1190137948543
10089.07 7.19723234259894 3.38711456829751 12.9785043580978
10146.57 10.8468423273197 5.1310637103771 14.4149111349016
10218.64 8.48929533767836 4.30662302103063 30.7595854916599
10441.05 4.82716233987288 3.62456553786464 13.9068341836828
10506.47 4.90830972355017 4.22984830952279 14.9661364071289
10869.4 6.33871224647498 8.17991366142719 15.4507799429302
11103.55 5.95198338000478 6.35396321374353 15.271896755592
11387.49 6.87295144860817 6.1420632229298 18.4505469675551
11679.88 4.23193303599192 6.47283758438472 22.1430735734411
11823.72 1.78816705394522 4.22251844972634 11.8007801122749
11945.79 1.09868834670129 3.41712183345845 4.9334190228692
