4192.63 100 16.5773914548236 7.80268264765164
4208.17 57.984462805 9.78029136902524 8.16028827814534
4348.83 20.6793512603537 4.78922639043687 9.04532187316818
4363.65 18.0127964697988 4.40713016414596 9.78098065578342
4487.27 9.2920501955409 3.56800058165334 7.34611971503818
4628.75 24.286649742078 5.99859699221943 9.56851263980388
4672.92 27.4503082292518 7.15662195755889 8.95311153956482
4716 15.3790966892355 4.26428214276605 9.30914715394829
4942.29 17.2678309674218 6.91243351979703 8.19885034631443
4976.66 38.0753727468144 14.5839158312789 8.60735910077983
5073.91 7.49203825091146 3.38183813587949 7.68660374874707
5248.14 75.1815480464836 26.6632053580137 9.12733841525278
5611.7 30.8342438212224 21.6471795225776 9.54412375058018
5808.15 3.11467869157386 3.73318533557355 7.75883672865075
5925.55 16.1289264427805 9.40558524214329 8.79066099429292
5998.12 80.995492285375 23.3997633412663 9.50380799293544
6110.63 62.9847549580544 9.05875151497939 9.64577143064525
6138.69 44.3534507512164 5.90996227439876 9.83498448721093
6214.63 57.9071935808181 7.83495430629303 11.0005597443978
6233.13 31.937140274245 4.46603096725139 12.5071722017574
6330.01 58.8910189147152 12.0375046077373 10.935146077346
6564.3 42.5596145844798 17.0205165934103 11.118698719134
6789.31 19.6249650355828 9.1505399295946 11.5156622923696
7100.57 9.14073713254988 3.54525128863471 16.4312781702538
7143.99 9.9131599888817 3.51720701094949 14.2795691256197
7187.05 22.1663435855306 7.72363413302645 12.315130141732
7377.68 5.12048328432044 3.02103782978025 8.82643490201099
7459.19 4.31143142064529 3.09690309420658 13.6241056348745
7481.22 20.6852540641996 15.4119105420287 11.7751313347489
7497.25 16.0543662875188 12.2407799859597 14.6469836620308
7620.25 42.2073681756418 24.3757812976139 11.4041267127823
7732.9 35.4482811073963 14.7612817857021 13.6505655125593
7831.07 22.6379957927458 9.10990322100987 12.497332669338
8016.51 9.63988750046071 4.93665902368971 11.8384749491424
8075.86 9.21611647590556 5.51759610743624 12.4292382195363
8350.25 4.42726294421254 5.58264111344957 12.618739174628
8495.23 4.27375905801978 5.20241860795835 19.6502880841872
8810.97 5.31119685157702 3.58816667020775 14.3781061961836
8899.17 7.41516057697036 4.02716325704567 13.9976088043186
8939.38 6.26536760896109 3.23663395012455 24.2251794417407
9128.29 9.83542816246313 5.62085575376766 14.2438920230634
9371.47 8.33701093990027 3.97909275435254 14.3649764330694
9453.88 14.0768956305221 6.57812793375538 14.9358075087512
9851.22 4.06506469434443 5.64377127951536 14.3944208057801
9890.45 5.19520792309314 7.32293788771955 18.091965528547
10216.63 3.64174146259503 4.28600536035484 32.997261265582
10441.79 3.44503722116788 4.657323889923 12.1869404964709
10506.1 3.55337456894819 5.39809617956176 15.9599271259249
10957.69 3.09772429968792 8.04926437197087 14.5805232596977
11099.94 2.65382319211601 6.8022842802022 14.4977899422138
11319.84 1.32121281513691 3.47503363705071 10.0567878338807
11386.34 1.18787189762179 3.23593743074568 9.38669899565502
11686.48 0.761857596058659 3.17159399843779 2.95084221872457
11841.88 0.536712581297599 3.72272796885662 1.83785896084737
11922.27 0.378489164009076 3.24946135872159 1.04327602333069
11945.39 1.10101011871211 10.4534349105325 2.89291517155289
11952.65 0.776458278934245 7.50901234522916 5.2872302138112
11959.32 0.337920431774689 3.27449618266838 3.03397738894637
