4193.73 48.6758995331738 10.2238599338257 7.74632432528142
4209.26 52.6237095563997 10.2202003386614 7.93220271324753
4281.35 100 18.1552709937968 8.28188276550281
4437.33 9.04994990594435 3.31719468712443 5.81428981082263
4452.91 16.6590905319908 6.90116691391761 7.73771158552972
4587.3 22.1838660487245 5.1855362852699 8.40595308548382
4631.29 52.468755571241 8.63248524785722 8.38744651719571
4674.19 57.5928039124724 9.01808837136223 8.64929007190585
4716.51 31.1104580532281 4.81172116621675 8.61331311191316
4850.9 9.97007309222654 3.44789964533423 9.38516316361893
4943.21 10.2529061167706 4.60971243389889 7.85299396558003
4977.05 34.0172345522867 14.6954835996274 8.34488525742108
5074.31 51.3902089537967 20.1145547311523 9.15715382332019
5249.35 53.3788768996564 17.8703116504331 9.48673795868126
5345.77 10.2603487967203 3.4021660366761 9.92459558284008
5611.56 32.0625476930967 23.2839739171018 9.01023824045296
5762.65 6.06667790255299 6.40236250187104 8.37064931613531
5927.55 73.4766465401425 32.4341574926258 9.77968234728814
5999.84 34.2009247549056 9.9692306025395 9.61472721095561
6111.49 31.1633901782911 5.92074000081384 9.5685330978049
6140.13 30.9712437316158 5.44793282786113 9.74900451289432
6216.52 43.5835350129128 7.46611274624236 10.5140227121201
6234.15 47.1964638835137 8.24342866490241 11.1546928623775
6331.77 29.8698235030277 7.27254504900836 12.168710196127
6567.14 69.8845500305676 24.3435925137456 10.9562083058072
6807.07 14.4282909688262 4.82319591540327 11.812167166564
7103.2 68.5924118680811 8.43359989808696 13.4496238123156
7173.2 28.4149196769498 3.21438864124746 29.2677474358152
7499.79 17.7146920003514 11.05274874426 29.9664584488601
7621.21 18.9913410842417 11.5061641443094 11.8296689857452
7733.7 14.3905075426471 8.18074127092109 23.8365492214934
7830.26 14.3255611514617 8.13638556693479 13.0680587921197
8015.04 5.79756686199608 3.23914818614279 10.203632820313
8048.62 8.38638264225191 4.98256866831936 13.097290429926
8083.75 6.73201780333735 4.06317186607104 14.1393332496764
8352.92 3.96619908576044 4.24780217757905 11.4812259231276
8490.53 4.42222906976721 5.36577788935164 19.6357530706446
8700.89 14.9685417755685 8.90761180220628 13.3094984489962
8790.99 15.063914827187 5.88752846577884 16.3629776513426
9004.51 16.5731252944124 3.96310146397552 18.2175766540095
9056.7 12.0751898683007 3.02901796923308 15.3987142175774
9127.08 21.4511660307195 6.04315293978075 17.2799205151823
9371.29 13.5898441222901 4.57258890026834 15.4695458051392
9455.47 11.3045608157814 3.88662920442615 18.0165821433839
9906.48 9.88485231476677 6.49371957288845 21.6780764692176
10148.03 8.71520364659033 5.7692424412801 16.6123362350118
10870.71 6.57943764150613 10.0818825627215 18.5016465637909
10954.49 2.33651073784482 3.34430799380032 20.4125534388677
11104.5 2.60034434984908 3.57249907933735 14.3456186855856
11388.83 7.20368714847767 8.69829706828576 20.6193491210652
11683.57 2.94829276478904 5.26449933747295 25.2894695368232
11822.16 1.54612170830283 4.01956149004172 21.9239013029965
