4148.84 16.5009742844587 10.9543642554101 9.43246144229033
4209.38 26.1274493261984 16.7799102076176 8.15232200980881
4289.93 7.68992892953978 5.49452255587204 9.68322247124161
4592.74 7.61303764066889 5.23698393935311 9.05543697697976
4669.85 20.8009277186892 12.6420901071901 11.6773437642996
4893.3 8.69783041305962 7.60429362614133 8.74798418174942
4914.18 4.92509531697977 4.25045747358353 9.65321187791051
5058.68 12.7579837919894 11.2202827418135 10.1522043905725
5074.58 4.6515454000731 4.09584303041974 8.86661805806852
5254.2 4.59494561590886 4.20008216452054 7.86912229369318
5291.44 3.5882008481057 3.06784550996091 8.54654504782047
5379.37 19.501673030525 16.6005217070162 9.98921566168701
5812.24 7.73060353922718 9.93353317475765 10.1494278943883
5852.83 2.38085315446139 3.35615364488481 1.97031240670276
6183.65 14.5158589550966 7.18222377218682 22.7528853749864
6243.2 12.5869336501114 5.29250052060924 11.2449022512801
6272.56 13.806585682252 5.63124033639457 12.2320546154251
6310.93 10.7589007333188 4.91423923993022 11.9103039078391
6444.44 5.8075044585031 4.70493841206037 11.9541810368983
6504.99 9.55535355395416 9.15659166376562 11.9948387568065
6784.61 100 31.6140830850915 13.1041429898787
7147.09 5.26851351584389 4.9106375962414 13.0914891694365
7176.94 5.57072193488388 5.0155597705541 13.7551502305059
7223.37 3.46555108404577 3.0227433854401 10.5471651340868
7288.11 4.66958136645409 3.99866809174561 12.7032683470234
7332.99 6.0428538828885 5.60882650398864 12.6964438952236
7583.99 55.3206994981927 26.9910533653778 14.0347618586493
7648.9 14.6942785646785 6.35267527726825 15.9764128658471
7947.9 7.16590462952717 6.90903901710425 13.7702222646049
8003.59 3.76065604117506 3.83298713336768 13.637181554006
8062.73 3.33083271911689 3.66305504730055 12.8389271102315
8809.09 7.66983555358516 17.58345526659 14.2436333018486
8912.91 1.75392429009983 3.27623732166549 6.20408342005976
9009.17 2.28460967150933 3.97530467233987 11.8402926029612
9057.91 2.48516900265044 4.47902645140865 14.3144108319339
9098.79 2.74154853402907 5.0954033534333 12.4044643959933
9400.14 8.12858833217823 11.8807065767673 13.9720683076157
9548.84 21.7469005041607 32.1654321594695 15.7809366077181
10025.02 2.53295755322536 7.99358867238831 14.689880789676
10322.51 1.34799019507603 3.64261425267504 1.84032902142826
10846.67 0.947905690152842 4.58752428123131 8.83421704904322
11423.4 0.513373956872488 3.19335449908513 0.80199779115901
11439.16 0.638128820057526 3.98652785089585 1.35255225686888
11452.63 0.76966063905329 4.8253376193796 2.15821483087529
11458.59 0.502529430412544 3.15374998028924 5.80153100269126
11470.52 0.599932080505542 3.77815366268745 1.05836747215835
11762.7 0.652423783317165 5.07430828514621 1.70692145131216
11772.05 0.548991875945812 4.32273012446606 1.79172517012921
11778.28 0.485507923154201 3.85462311231486 2.38188463188453
11790.95 0.432482962992696 3.49301316340178 0.738224153345072
11817.67 0.384369539366288 3.2222915389947 0.573492417222951
11848.13 0.389316952945738 3.37395463598729 0.257121158150767
