4067.05 4.73653000542021 3.07501573241771 5.69429954789393
4147.88 18.8639079188319 12.307049157412 7.92449256281179
4209.38 31.1540913154625 20.5687585251469 6.7329075781754
4292.14 7.04215042214729 4.43194126315001 8.71218502906868
4395.95 4.81447524321219 3.47064343298716 5.33488929016949
4489.15 3.04771465070386 3.24204394716533 3.38581926628922
4593.37 9.44913476623124 6.82210795396243 6.86978066943811
4670.24 29.1504391879671 17.953876825526 7.58490112465824
4892.65 8.49010787855484 9.58309840469208 6.05961129816023
4912.74 5.32429110359999 5.81399684443713 7.03333149235732
5057.89 15.9549776878413 14.7352356416829 8.00216446223021
5073.25 5.87886825243066 5.32046173139699 8.52911429526557
5248.68 9.67328684336437 8.13785962059475 8.84561155579013
5288.61 4.20860663423465 3.44394327925821 5.27145551654485
5377.46 18.2508170291504 16.6616686275832 7.78855925724292
5644.95 1.96931479489166 3.02045239332204 2.3074930550265
5813.09 10.2904734746964 14.8241061363369 8.96538086622422
6176.68 17.7599171469539 9.21791751989611 19.546927121115
6241.3 13.3101379123597 6.04697872560394 9.2042736555868
6272.71 17.9901691784218 8.03228235393143 9.32493524720849
6312.69 10.728326789791 5.26248515221237 9.16294972079777
6444.15 5.87396236573413 4.75036360223858 8.29062219598381
6507.22 11.5474406480924 11.2762106878596 9.59800828376046
6785.07 100 32.3065630057986 9.72007367029619
7068.09 3.41086761873599 3.89871380027726 9.52393203504107
7147.09 6.90774712378481 6.50802079102182 9.48953914680351
7174.6 8.81244277178664 7.7901373760225 10.5194376460176
7221.97 7.03712964964738 6.05915016724731 10.5169190292918
7288.11 5.62693759473719 4.71924515505192 7.77453200908167
7332.2 6.90109815862823 6.39269941976486 11.1691028773575
7583.03 59.250883975833 26.6583691708807 10.4754059723628
7651.31 16.1593834001165 6.32616061633944 13.1635299644267
7946.27 9.35343406931179 8.60101916720503 9.5250439569254
8002.11 3.67607211371026 3.60899295146608 8.67141167956197
8061.42 4.36175497580605 4.59080856956457 10.8104882642574
8560.22 0.922654533119948 3.27488544489711 2.82110514639135
8591.95 1.36281872372018 5.01056267225937 3.39062755677151
8608.18 0.928413234132403 3.41999089389915 1.54032428482969
8809.43 7.91165215662533 13.8673318394891 14.8127047562139
8915.32 2.51563667986336 3.3919946099177 10.0894157050097
9012.28 4.24000660276716 5.20335922406093 10.8817598161204
9059.12 4.14850437350546 5.28014729783579 12.3707899195633
9099.66 3.11300406542412 4.06657153773873 10.5083641191341
9399.08 10.6473513089648 11.3687768681269 12.292096557394
9548.84 30.7004230168985 33.297003117812 13.038088060528
10028.28 3.45811703889818 8.98832303301105 12.6180899278697
10371.95 2.70074690647792 5.26683937329206 23.4529658621686
10851.55 1.15093006059913 4.53604094794296 15.8573176682748
11105.82 0.818705179879129 3.40131813607809 3.09853717161059
11362.74 0.74236225116749 3.46653052752445 2.84985318356667
11439.16 0.70837242498193 3.47644967239878 4.78490881238213
11456.28 0.810736415690114 4.02921260822794 6.00750753569264
11686.29 0.634901279776397 4.15956652893902 2.85565062341993
11762.7 0.539318054803597 4.17644010018967 5.49672340216603
11769.91 0.519637407719732 4.09431653856682 2.49736780186868
11776.34 0.440448640793576 3.52511020306231 3.18473389816427
11783.94 0.381713578923528 3.11316573812695 1.8705228800136
11804.21 0.385642117430053 3.31393757421018 1.68851293098305
11824.89 0.353403530675838 3.19608497863168 1.30477913522554
11930.89 0.307735260193373 3.41144929914941 0.77520946149707
