4013.77 4.44276151503391 3.10547951402168 7.02457313882269
4150.53 16.4824673731556 11.0340844452861 8.24561709036425
4211.57 23.471563424953 16.799699949914 7.81983234609561
4294.34 7.94346598361107 5.64793608639584 5.5797314108504
4397.56 6.33987824301716 4.47404395045049 4.2134863050278
4420.65 4.52714208588075 3.39054612055261 2.90422779662276
4443.06 3.89698625949663 3.17234963847105 6.23489074609279
4490.65 2.97914266331782 3.02171222832542 6.85129986255106
4595.15 13.6595816157048 9.93720299941512 6.2800217900176
4671.77 30.6456701809697 20.2982969735913 7.02685022417609
4894.87 6.64850364575992 7.55909863534527 8.04191073012134
4916.01 6.20024420193234 6.87273433875813 5.8145719917311
5061.2 17.1845882984243 14.9858656677048 8.74495209798624
5074.31 6.38573709794044 5.4446835516545 10.9837344691368
5093.82 3.92822428079965 3.34824435793058 10.1916207544518
5226.61 3.63003117548691 3.02399369616682 8.70393545522347
5251.64 6.71892363124071 5.42844223241721 8.8426283800618
5379.37 18.7243286387364 15.1237281845011 8.4530921008336
5813.94 8.0535223526296 10.9105478382473 9.48453957014681
5973.22 1.53808037730972 3.35963074172387 7.21108049622399
6188.01 20.4545895430001 9.21118547532919 20.1070801569958
6245.24 12.0652545467942 4.62313459950651 10.3541265104886
6273.44 18.3356969223844 6.90891880104132 9.98529722251351
6314.16 11.5617710020153 4.76557823860558 10.2728832358298
6447.26 5.66881614998488 3.96120627990297 10.2245123208595
6508.71 10.4088578595339 9.03762679863706 10.1659996990484
6787.64 100 31.0461320962851 10.5807577168853
7070.87 2.98015572130889 3.01332354382064 8.15394974241099
7148.8 4.58761544312258 3.8314028906343 10.5559079069317
7176.78 8.21033688379268 6.54111942813291 11.6559463054336
7225.87 5.943455751713 4.46157346055906 11.3872934413612
7290.46 5.95164887594654 4.23021104515631 10.5817607520576
7335.5 8.20628065166642 6.40743010411108 13.1397214716199
7585.42 68.2365266063502 23.3343160417968 12.301024075754
7652.75 17.2835423312056 5.15564604755502 15.9159833150652
7950.02 11.709294224843 8.05421581768129 11.0241594229092
8005.88 4.3582112529731 3.22093651493218 12.3242404621196
8065.36 4.40238163760915 3.62682951187602 10.0470540642173
8569.67 0.799294696421975 3.15822142687454 2.01577191486103
8580.13 0.943283427119192 3.82356790205385 2.91298249285137
8813.02 7.21020362812928 13.3882160956098 14.7095962565963
9013.83 3.77963186914705 4.61187538494881 13.7649110632065
9061.89 3.78032347978203 4.78942418736471 15.1625589538326
9101.91 3.49796003448745 4.56980604729312 12.4628369117672
9402.25 13.1268123668778 13.2304225567811 14.869432494248
9553.1 27.2015760874913 27.6581772469069 15.8292801890439
10028.65 3.41123405380414 8.14295473941977 15.9538491813364
10108.16 1.68442532148408 3.55253827087538 11.3367900506601
10375.81 2.16773514174479 4.26434629583215 29.3530976868024
10851.18 1.3657322604145 5.26621688553733 14.545122683483
10880.86 0.836259013648242 3.1877423018579 3.09538683512983
11108.1 0.944858880915519 4.09763629782715 7.04147701024158
11439.35 0.633953302037211 3.08062239521392 6.41901230262192
11447.82 0.910897390995808 4.45815737289209 4.34102864615306
11462.63 0.972169287631289 4.77726892373966 6.64912786356763
11756.67 0.43741959355308 3.81071451074931 1.59594873975766
11766.4 0.613424555212543 5.55838671584571 7.76784320278966
11780.62 0.345509675143975 3.30585111492605 2.25072996611925
11788.61 0.413600762161664 4.09808462731014 2.76362454443915
11803.82 0.393399267897207 4.16993703480323 2.60663972635666
11821.18 0.290943814858418 3.3377053771265 1.43412969688688
11828.01 0.331293513284895 3.87336204028885 2.38087649867703
11855.75 0.473853728560717 5.99735222205141 1.42599962973873
11928.54 0.248615748846634 3.99091380713282 1.21496941851365
11938.73 0.2255874683952 3.76282564823834 0.464152192975234
11957.75 0.175260043172451 3.1530446057107 0.708698895348789
11976 0.272746722555082 5.31637307805982 0.652186193099624
11994.85 0.150217352700093 3.19637998915639 0.434028023943029
