4014.6 3.42919812511348 3.12480997590844 5.73576684190311
4151.26 14.351922426714 11.7016183816038 7.24148800126932
4212.3 15.6387713636244 13.7501260108016 6.32426453540211
4295.08 6.60327550852536 6.15610908396125 4.81622208456974
4398.55 4.60919113533913 4.36328152207274 5.35030048530371
4442.31 4.65904816305143 4.93255740092571 5.8448136812176
4490.27 2.84757544720205 3.55418930136954 1.82610901576663
4493.15 2.41263431037073 3.03918371043753 3.32588220065463
4514.85 2.91406529670704 3.5250541922437 1.26100365923685
4595.78 8.77633255104831 8.55277978961626 5.49946950783669
4671.9 29.4621524024336 26.1437996643568 6.33234697353146
4896.17 5.4565940526519 7.02378662628833 7.83739452755708
4915.88 6.35355293242835 8.07132648551485 4.70311981097075
5061.33 10.4945305027662 12.2112476318292 7.87055962388877
5076.96 4.61706551278203 5.37769566918958 7.95126639631962
5252.72 5.64056716825827 7.1973625186372 8.47962504485258
5292.12 3.68309636302114 4.48289214117532 6.48097151469119
5380.6 15.7432517997988 20.9122909681991 7.59901933305264
5649.4 1.86630053404869 3.01809354480703 4.08698668653415
5815.49 8.06822022422613 13.0353207730392 9.67269093632876
6189.46 11.6039755372691 8.90732739404362 18.6521612140295
6243.64 12.0503225041299 7.88530781958968 9.6467543513636
6274.46 14.0280431226805 8.82254654636557 9.43988227544469
6314.6 10.4106450189796 6.96924247325859 8.86428519155743
6445.33 6.74122619953905 6.70710580302328 8.75324388553963
6489.38 3.05690430685829 3.3976388358226 8.15953405615437
6509.75 11.0374681675196 12.8416735949322 9.54325174563382
6745.24 8.12456937067913 3.12540121608635 12.4923454225964
6788.1 100 38.6691547561543 9.86884819637362
7071.03 2.96348632914741 3.60349852140498 7.99413587059098
7149.11 4.76891916481175 4.56217709233607 9.14737661164963
7178.03 8.3748683749652 7.48380134962298 10.2033762639749
7225.09 6.15854508645869 5.2125291941713 9.30710471592738
7290.93 4.7532577411715 3.76459344921106 10.8109399986233
7334.56 7.49627373088767 6.44793057410399 11.7569640011134
7586.86 72.1442176893686 30.1805933464118 11.5385414608199
7655.63 17.4363812044094 6.68207458255473 13.4443830169312
7950.35 5.69240668029382 6.20885937395861 8.1005816151428
8007.02 3.76498311033925 4.44470690803629 10.5884671123204
8067 4.89095584979408 6.21080464798712 11.8429331775724
8315.77 1.35721974576662 3.08777590202443 3.56444800310419
8558.2 0.791015349903864 3.06539091493619 1.48817583112032
8571.52 0.973732623849597 3.86648587782958 1.84166654750879
8813.53 6.62250457794355 13.842840475657 14.8427090670903
9014.87 3.03346306552044 4.0695131124739 14.8629032837089
9063.45 3.18468506957706 4.45773860854208 12.7829649202467
9105.55 3.11301502573219 4.51878526567378 12.7157795751937
9245.85 1.88194682845198 3.04940692036994 14.7926061900962
9404.71 8.93794993496474 12.3044031189957 13.9680410649071
9554.87 27.5320350340345 37.6378270891516 14.2471590432597
10030.28 3.42035560965406 9.09850487550585 15.093894400472
10113.07 1.30431134091133 3.07911918632159 7.39028591594797
10320.12 1.33208507487751 3.03760547994975 6.98495331914455
10383.18 1.31312206552351 3.22844238693277 9.15792324297581
10410.07 1.26993387976956 3.22485506970501 6.58130523345062
10851.74 1.28759105281907 5.92396632448484 15.0795036994059
11107.34 0.689313341879778 3.34848913238111 2.99061071377582
11449.35 0.760916897703785 4.06777552198906 3.74879490360581
11469.18 0.824198892061832 4.43706966327253 8.43877968703237
11773.41 0.657402612028219 5.43554679768642 1.98879222840515
11781.21 0.505542203430168 4.25869727300972 6.75490210990574
11793.88 0.37967746639089 3.29958618137214 1.31383265385011
11807.72 0.393503741860343 3.54299958565241 2.00553739690622
11821.77 0.476307609348403 4.44279328571781 0.966888053299044
11851.25 0.355399285090288 3.47699626923723 1.56077188445488
11920.51 0.301209474477622 3.33019323287451 0.777945379450102
11954.02 0.297035531204597 3.50475251049234 0.983628956624671
