4153.43 30.0208108990545 5.91756145649663 6.79799012972035
4214 41.0513423484482 8.31511417773377 7.20734680660462
4397.69 12.8249322308133 3.06301735026186 2.5334495860734
4497.79 12.1763719545238 3.28116966457346 1.63786152982266
4596.29 20.6534567617863 4.07375570333365 7.10286306401576
4637.64 26.3646757505293 4.60801608205112 5.08536497854675
4675.21 46.9588931470911 8.26063751345659 10.1243570068664
4720.1 20.4131999203686 3.64634817749944 8.35924058085857
4897.08 21.1108196739778 5.47026289542909 7.23182550234924
4915.75 12.1707542878256 3.1656884290105 2.34877039821458
4919.4 14.2392966511219 3.71060131582836 1.49287806517259
5010.6 11.8943666008219 3.00174141892721 1.09097346730323
5064.9 22.859751715814 6.04496771855922 6.94787632646967
5076.83 13.7738345525265 3.64900609524739 3.95612156346124
5254.2 17.2687848018568 4.62142220180291 3.13693550721655
5258.91 11.7203642781202 3.12810185931002 1.11285499246151
5295.9 12.1768342547827 3.19657942189592 2.79804593316476
5383.32 26.9459855157733 7.19022978025336 5.07568036027078
5431.65 11.5570619540881 3.18080464063884 2.30825215708228
5469.89 10.8888819870374 3.09672536212047 3.15531651658875
5816.48 14.3371551928027 5.08105232535125 3.47705002580369
6181.61 19.3743688419639 5.23172161847852 4.86363311273999
6192.22 22.709532790311 6.01286309696762 7.66902838679653
6248.16 21.0093193198053 4.96544580865573 6.37328458483262
6275.05 25.2253419380145 5.86800841383802 8.10710847242717
6317.09 12.6136027540895 3.04787679005601 4.41739994415457
6505.59 11.0692412116943 4.11096882254869 4.1377053263659
6511.39 12.6067674292242 4.74626388309229 4.47312747502656
6719.56 9.72099358470459 3.38764732698983 1.25452572939957
6741.61 10.4998069044102 3.51509684314456 2.99035657527384
6748.27 16.3648043210374 5.4936891799662 5.56303575904349
6790.68 100 34.7212230686661 8.47742832069798
6804.18 8.99979812571522 3.00715486783508 2.05807182871922
7075.82 10.1207986613724 4.2010545942067 1.52642456235117
7154.39 18.9628124629095 6.84067341087897 7.92491115288703
7180.83 12.9044035772911 4.44229428691423 6.06498272954923
7228.68 9.04714529494586 3.11408283033635 1.81818666600793
7335.97 9.77473478723668 3.63302998715495 6.02330943822199
7589.73 95.0754805337831 28.8884538491451 8.97216859018863
7622.33 17.2527451990182 4.89183982319019 9.58557556565938
7656.91 20.6544323374565 6.06265016799684 8.82421179763878
7956.22 9.29675827303436 4.69994246713328 7.97528763637274
8067 5.61593804743404 3.15925223383041 1.1965158186913
8177.49 5.33367819131368 3.33835698221417 1.10582192796028
8355.59 4.70334478105814 3.43996459457903 0.784362477666946
8816.44 6.57781010967654 4.07785533769623 5.05591175553309
8941.96 5.10059932395815 3.15439792384094 1.01782487346463
9016.08 5.34510866614076 3.39737080626361 1.81525374921512
9110.24 5.68663106019645 3.91714478989636 3.30128435959159
9405.94 12.8343589363189 9.44782335452936 8.47929196443147
9417.04 4.36806281607421 3.16105520728935 1.90877747259219
9426.9 5.30095273390494 3.83454842724842 1.59394774337488
9555.4 24.7288156147142 17.9328849733544 9.3511894070507
9578.82 4.85889905000137 3.49577670417533 2.16125687093881
9806.87 3.40217803597384 3.37197074128318 1.28306731937664
10034.45 4.34449826420458 4.63070983162267 2.39777550769941
10685.38 2.38147211796621 3.162613598877 1.14407556119841
10861.51 2.64226714251547 3.58370829605051 0.95843615781996
11132.4 2.25457313609464 3.22979850375351 1.11179239669946
11375.98 2.43873898348141 3.7402739096074 0.784065962254317
11393.82 1.96675752926625 3.02940108646179 0.314737000118839
11399.77 2.71637550264195 4.19547258381038 0.840083468492594
11519.67 1.96024955565989 3.12505824322891 1.08992009386384
11774.97 1.72398025053818 3.01903081642989 1.66518462561544
11966.97 1.71214999467457 3.24818263950982 0.348312205342154
11987.39 1.8818406048848 3.59997543544465 0.486849437142155
