4150.05 13.5263374317469 6.34291304993008 8.791532294239
4211.45 32.4083853690373 14.5337531304362 7.66872201085425
4285.64 8.32378022720521 3.28381060113885 4.7720782610204
4294.96 10.3643994664004 4.02332542708392 6.87101650804379
4395.7 12.7026323421504 4.72222160531398 6.94512989808663
4592.99 19.9372226731433 7.89860746156375 7.15845370994157
4630.27 10.3828236054307 3.35724957105886 11.2250857347026
4673.04 28.4297938017784 9.88444552772243 9.69929651311213
4716.77 10.5093896945515 3.83813361567573 7.39593815371336
4894.74 7.47821728476418 5.35374114607401 8.37221800726638
4916.4 5.80540170069513 4.16912619658179 4.83579894851027
4933.13 4.54432284816965 3.14553022545817 1.48036566170776
5058.95 23.921149671975 13.0124711541929 7.72521552104899
5075.51 8.53155674445094 4.46183215176659 9.31112120667876
5171.38 6.68450004460349 3.306298118004 4.81347123044634
5251.77 16.7374675319908 8.24123735222238 8.87381108112368
5379.78 15.7195564359709 9.3787519249227 9.30606772009924
5470.85 5.11286451620656 3.57862278037824 4.91072944865118
5599.9 4.78134448817223 3.89076804838714 7.32504033664554
5813.94 8.10833825780973 6.9670387156637 8.97180741001011
5821.56 3.56116660268335 3.0380744157663 2.0235606304168
5981.37 3.14114316036292 4.34078465920202 3.23542129655652
6177.11 25.8823020192592 10.5666953765069 19.3368007421786
6244.37 12.1347299235922 4.0000448982277 9.94001507406938
6272.85 34.0420777075489 11.1650807706159 9.66968804775934
6313.13 11.4513194286406 3.99811450741715 9.7318258839814
6445.48 5.27004063407913 3.09594918897202 7.73218033936882
6486.41 6.46766407437353 4.57997369736936 8.76301062012681
6506.48 9.27173729410326 7.14910192236981 9.27287897384667
6742.07 9.99346488836112 3.79088179657724 16.7282817186151
6786.58 88.3075573902432 33.5842389444541 11.0339643553325
7063.61 6.7232744347781 3.71494627520714 10.8909466158111
7147.4 22.9194462828714 10.159857943753 10.0043788189269
7175.85 18.5042145614986 7.58370472351991 11.9787639958295
7223.53 14.856469347651 6.02299705581523 11.220193608734
7291.4 7.75118619618423 3.08032202288242 11.2429754442828
7333.77 12.037576347264 5.3387511592304 9.7582078986652
7584.31 100 26.4748785108208 11.7401582102439
7652.11 28.8952151485032 6.91387186682173 13.8578602291218
7947.09 10.6580612582131 6.87020405102697 9.43808598229771
8005.55 4.57582552648969 3.2464143774686 7.72948793523028
8034.53 4.20638394284414 3.05555810188113 8.17906241552009
8286.17 3.38912084144638 3.71384239067064 6.86496379332129
8585.2 1.43725210028441 3.1451275415975 3.61995177850076
8589.93 1.88707190370019 4.1652891040246 2.3935240864721
8631.86 1.53438387139729 3.1350092495396 1.02995425302288
8810.97 7.91498525006683 8.64674517752189 14.4071884579898
8914.8 6.03871577275928 4.98381686297687 9.41925113158504
9011.07 9.84495030394518 7.05862047813608 12.4812784913411
9058.43 7.20351259154324 5.18381419568508 11.4779571029721
9169.31 4.79240669390816 3.43603428118016 9.90927844351427
9399.26 20.4593204722689 12.153704897803 12.8576962999068
9460.94 5.46930456281562 3.22796961119187 11.2323421270703
9549.91 19.891819283082 13.5406471485547 14.587061710261
10027.2 3.17930295445004 6.12807107957236 15.0922690656716
10209.14 3.55020125957799 5.30474278205682 11.6488678474598
10313.7 2.22005941559025 3.03852308944086 3.1669792391458
10529.43 1.98953984339691 3.33962087042038 6.75550692602155
10848.17 1.57303930248619 3.81686824230651 6.91391355039377
10855.12 1.47505677926805 3.58404285847594 2.30153703200085
11107.34 1.67649752713844 4.41276048011303 3.9429713214904
11371.56 1.25727262888654 3.64772677463286 3.90180766935373
11456.67 1.0140838098715 3.09945966934071 4.18925691973527
11682.99 0.993680706629291 3.97882601964976 4.06039945785415
11691.14 0.743343606519188 3.00868630964942 1.49075206325142
11760.37 0.812885605227717 3.78484858359821 2.23031016712957
11774.97 0.705656113387893 3.38610919006957 0.947839577984269
11794.27 0.683000780108293 3.42219347610579 1.18066050118068
11806.75 0.595891749181605 3.06984973713509 1.45441244298672
11819.43 0.57680422455781 3.0629528839072 1.40539839483426
11826.84 0.625976755402208 3.36755648307357 1.84668604974468
11862 0.631856384121093 3.60086705313394 0.899601621633337
11873.53 0.524509489610466 3.04376882604078 0.359027001768482
11894.66 0.557428662985226 3.35836273971417 2.94982896166948
11910.13 0.519794644401997 3.2187805061044 0.462785318339229
11965.4 0.591989102522441 4.07994141582867 0.902267043891698
11982.08 0.554946236495616 3.95720836704791 1.20060869642475
