4012.46 10.8261510689758 3.34024404309626 7.90798324079606
4147.76 45.5716735299336 12.4069000207119 8.2830667342414
4209.63 28.2447368197088 9.39299928219866 7.38891775524371
4291.28 10.273853895876 4.48630783189086 7.96746443807751
4305.51 8.52709902847477 3.72286357578836 10.2788492238597
4366.36 7.37827515488741 3.13282182151654 7.55448513282226
4439.32 7.49006768203339 3.15643644897648 5.49012381278226
4488.77 9.56761516448327 4.20040073700993 15.84594499174
4593.5 10.5391308698067 4.51944039770868 6.84946443315312
4668.83 35.5482152640727 16.2503101262187 7.10757680134247
4892.78 11.0309438873625 5.12412583831726 8.20938884301268
4912.61 11.6385178822062 5.38954546417634 5.88152512183478
5058.28 26.3865241828426 12.680339467535 9.14151778479936
5104.71 9.64511067247811 4.49735475157562 13.0614797673898
5167.37 12.2704543802314 5.8155733642588 9.84935794320518
5248.94 10.323370300907 5.26177677246021 6.85611004272232
5376.51 21.0398123784248 13.0030500139361 9.54490339579388
5409.24 5.37342443405915 3.20276042155292 6.91604598774848
5516.24 4.85234165687153 3.23807546531233 3.45949536478838
5595.04 4.26729283073298 3.01127515737431 1.30707241567961
5599.48 4.45597528408837 3.17424112015709 4.59302660809681
5642.58 4.20133734876771 3.04814591675177 7.42179229360408
5813.23 9.52374055705952 7.67247232729969 12.1900223060193
6128.99 32.5013536815207 13.1620976642266 10.1995100319409
6183.79 18.5128791224106 5.91768299607862 22.0190011943405
6241.16 16.4596001007901 4.96145741472662 9.81714734290472
6309.9 14.2440729630852 4.82773435263444 10.9606496587376
6440.3 6.036642809823 3.22178636868237 7.75866477694581
6505.73 6.74776353871933 4.18777941683534 12.051014665949
6740.86 19.3300132259682 9.8310725574028 13.8318954008109
6783.55 35.8535953136322 18.1517793425989 11.3598829218272
7067.01 7.16877957559146 3.49205761362532 14.3828807167729
7145.54 7.5625844078119 3.4483516109672 11.036229715628
7172.11 8.88178127699435 4.00185827164627 13.5635102785409
7219.47 10.3544172808716 4.94395261582374 11.5044254987197
7286.07 6.42843946614825 3.27375696179557 11.926484232592
7332.99 9.44511875899597 5.1155358454075 13.2755900802749
7470.6 7.50308003159549 3.18787272737731 9.68796662158638
7581.75 100 31.4673757652825 12.9617360257989
8003.75 7.44466859791578 5.16365784763161 12.8353209061779
8062.73 6.16424223554936 4.2911462621018 12.7511792102659
8131.46 4.65645905583465 3.35425904903468 12.9766529011968
8768.64 3.03088787839195 3.37252553859382 10.8340668914698
8806.7 9.69767020336091 10.4857300528226 16.1945058607398
9057.74 4.59537189899014 4.3554751905817 12.3761806487455
9100 6.66073076990199 6.39267693403822 13.3348212764795
9395.74 9.71522911632255 7.57313602772895 15.3563378543058
9546.72 32.9095736787926 26.1773578597367 16.1505892060341
9888.83 4.09164861640815 4.96202835184056 12.4905649656521
10025.75 6.71516703973767 9.44972238371231 16.2784575132155
10312.78 4.70915658554156 5.60252330856932 14.5779490170662
10402.33 4.36595049728022 5.57018237593368 17.5860506872978
10842.91 1.73799115980921 3.47344105440467 6.86411941028382
11450.32 2.45734353005698 6.69409498641803 17.0182228602425
11472.26 1.2162042361901 3.07653259548029 2.92966169249848
11680.86 1.01879566620931 3.34293331365334 2.61063794355323
11759.98 0.841013459358942 3.26799036214396 3.46426402042198
11797.58 0.874064672700376 3.76821184568705 1.43102659600845
11960.5 0.630209720388538 3.89803814227729 1.19413773637643
