4148.72 60.1570712651453 8.47887076968434 9.94883548679627
4210.24 28.3243398295075 4.79490769124203 7.76646365334818
4441.19 14.2024531375976 3.08389937407884 3.82736953888252
4490.52 21.6138193265997 4.86242474217935 17.3024869909214
4672.66 23.0092254827243 5.96488662889276 11.5792485941538
4894.87 17.5994217643702 4.85494635037482 9.4661286078308
4913.13 11.4787093259893 3.17084299377837 6.08378138872104
5058.15 38.01518421285 9.4132253860924 10.4922903225815
5102.98 19.7189653231367 4.54791937829811 13.3976589536851
5171.38 20.3232387461063 4.58206278413419 10.4835302785132
5250.16 20.0976724513868 4.95200283800062 8.31423983542663
5378.42 59.3275416811857 17.4953861679747 10.6640986470093
5409.37 11.9392078691673 3.50056564901695 4.8895492863212
5517.06 10.1794188978741 3.56904301110608 8.88183251656392
5648.29 11.1233761354245 4.35400931749932 2.98899100354811
5812.24 11.9668111351854 4.61807893301671 16.4263621042974
6131.59 68.8683716756566 15.923951944598 10.7832146430901
6186.84 36.3334088749849 7.00025740133563 21.7279398543642
6241.89 24.6531427784828 4.70381890208753 12.4917897301757
6310.49 17.2347453299758 3.70655537434481 12.5221730679013
6537.45 8.3427675984344 3.39708781509741 4.97984940649349
6742.37 32.6875808296514 7.86417706354771 15.4406793803309
6785.52 100 24.0557114175409 12.5845433022923
6923.85 10.5814578144086 3.03382537974981 10.3132355266462
7069.64 11.9828923371407 4.068504856922 16.3079521356431
7290.15 8.9964274352765 3.22715160693575 13.8113938393826
7331.42 14.3376654522582 5.27877972738498 11.8643594620753
7471.87 10.9663423034329 3.45702654969918 13.2494614323195
7582.55 88.3606685690515 24.9334701349321 13.7305885286905
8002.28 7.7630480488014 4.62799086694025 6.93829859314428
8131.3 5.51659678223069 3.26470406272421 5.73487560338981
8815.07 8.61146997764395 6.72217671147399 17.8106191945189
9099.14 7.08336251094735 5.17524938810994 19.6935543860964
9220.02 4.5672879614997 3.0342427046355 16.3855019188577
9393.63 5.21260684167476 3.31693766066829 6.94703606937037
9549.37 11.3501115299043 9.14239541437287 19.4170682095155
10027.01 4.75975439763512 5.63466779349202 20.5413491279123
10316.27 8.27335685966104 6.27601475141666 27.5727504944098
10400.67 5.18602242415199 3.96944644966939 20.3839836441566
11110.57 2.40185956344786 3.76379161360155 1.83321680678273
11134.87 2.13875866095065 3.32731624386537 6.05324449395266
11453.97 4.31370231470781 7.4521939898912 21.3833825874208
11682.8 1.73025636277996 3.57700658468586 1.74284681994141
11754.91 1.51889606589027 3.71695327866212 3.77050337003675
11764.84 2.00052429484692 5.11057221180839 2.00755417367145
11776.53 1.54172351670456 4.00614289400059 3.80185771259676
11786.47 1.45956798668675 3.8875515446647 4.39162878212119
11796.99 1.12143657604357 3.02686864718849 1.24912111604681
11818.06 1.06669352238728 3.06528141619406 1.21241663535329
