4148.96 52.588356174789 14.4613581042348 8.18842360600775
4210.11 25.9616208120543 8.22268505350197 7.57789428013348
4306.12 12.8713990015367 4.78337177290497 10.1695509636984
4364.76 11.745863939116 4.27573055453493 5.43277693373875
4494.41 11.1879539309763 4.850603017535 16.8302850282162
4560.9 6.59368353563158 3.21735490658026 1.80255533382115
4671 6.68308494181003 3.53730847120606 7.29104280899264
4893.69 12.5794352160896 7.51049312427826 9.48359735322902
5058.55 29.1842348940464 14.9013202460104 8.8000666253929
5100.59 10.2373603976513 5.02950057904174 13.1277024389483
5171.91 14.8654733069059 6.92216546274845 8.17250702134788
5250.56 14.1802546698014 6.11669496584943 8.19908099968688
5378.96 61.7916144591697 26.1336393734648 8.6248855713784
5514.86 6.70735158978427 3.72798790823744 10.373609949771
5812.67 10.6808631311178 7.29293399445095 9.76553841425175
5890.56 4.36660234732445 3.4721987622423 3.43841889651867
6130.44 73.2951364695341 28.7756890299543 9.28547463254654
6187.72 23.6888857006207 7.50893558144698 19.9592605266707
6242.18 23.2848473410343 7.43944379280033 9.43803847150139
6312.4 28.9472395879785 10.8667505258488 9.48450635767495
6442.96 16.9951352063071 11.1599624571111 10.2446023412303
6743.12 26.6354458911827 10.0211036846746 12.5001482663884
6785.67 100 35.8923113712134 10.8146985753674
6920.18 9.9622540756112 4.10861862224804 11.837875844335
7067.47 6.92337106089889 4.87136498373055 14.4314821531498
7287.48 6.55307890268831 4.79485534806772 11.2294893031885
7332.52 17.6944231920961 12.408147348124 10.8849807662673
7475.04 9.58238782215051 5.26772429387581 11.9926155681578
7584.15 86.158968256332 39.9249897286068 11.9441071732244
8313.77 3.50636849209294 6.14406228029884 8.73647875727329
8810.11 5.50742332806347 8.5374726100483 16.5440725684984
9101.74 4.4010268450566 6.34917938284461 16.2717594580481
9219.14 2.85015091664939 4.21117391739276 12.0273572831447
9552.92 2.77444865658027 5.72196973854731 15.6120675844795
10316.82 4.53787064535376 8.40443788452324 16.0127827994565
10408.96 3.62579986944445 6.97217104588925 18.0475652231326
11459.36 2.17986789648236 8.12531323807425 19.89571805798
11760.56 0.5472066374572 3.56067365711486 4.16043102359617
11767.57 0.531803446415104 3.55323647163171 1.81914040738411
11776.14 0.650645689567241 4.52216345096096 3.49717404733383
11782.57 0.576340834072522 4.10087982716564 3.96492849855531
11798.16 0.442543258191429 3.34425551593091 2.05879976663346
11810.06 0.403150577560636 3.20928234497534 1.16347985262291
11832.11 0.373169612890466 3.21297028423628 1.37087921846614
11854.18 0.391639026157811 3.59217330415505 0.899414829460511
11867.67 0.325893792286358 3.09693773555106 1.89044918944273
11875.29 0.314633486632193 3.05764207727975 0.770220906933901
11889.18 0.338756071353414 3.44527964041787 1.11563340333305
11918.35 0.292931511424907 3.27627280412326 0.291408453193071
11938.73 0.347296266903849 4.19638273509288 0.860857777548517
11948.14 0.337106322920071 4.22068210176434 1.00064724886397
