4148.48 27.5380999252574 8.29381420673809 9.3477710455345
4209.75 12.2308954117929 4.59666853967361 7.73318669859145
4292.87 8.90330707959169 4.68018344945541 6.23260365544593
4364.14 6.07382630556687 3.41154239280113 5.81096976762637
4441.44 5.68456991568722 3.38834491281406 6.05873040990355
4490.65 8.11945482322084 5.08439492178161 13.0616730195761
4593.37 5.56878307222338 3.48543277212934 5.49235224700806
4669.47 19.7159353168428 12.8854654792616 7.29209130122399
4893.43 9.67479722453745 6.00248386420568 9.63531815747228
4912.74 7.52553329427623 4.68488504498809 6.99203549497634
5058.68 17.1274490899764 11.511995763124 8.99306710383644
5105.11 6.73346421885865 4.50504219108637 11.46167375
5249.89 5.16176317745377 3.44131578956812 8.21588452067226
5378.55 47.8440706304415 26.9334461848787 9.17176938745069
5645.78 3.49693507995 3.53477366055225 6.49165510076637
5811.68 5.84970296865178 5.63999891825059 12.4316527372503
5891.7 3.2523695893636 3.44158306528887 5.38270339194514
6130.29 27.6911063926566 18.0172609981169 10.1287434506776
6185.25 11.5146875860172 5.95787619572302 20.0305155265332
6241.59 9.85014844368713 4.71816445893097 10.5989885603103
6312.69 20.4047172110898 10.9315171773466 11.3782748433787
6443.26 11.3872495497583 10.0765230523999 10.5629772428692
6742.22 10.8803641690292 3.58331456776299 12.0638836691342
6785.98 100 31.5983838049285 11.5546846712023
6922.01 10.2000880408699 4.04907480934303 12.9626255046114
7068.25 4.14262809231425 3.30056144300598 12.0560803778626
7287.17 6.00252335134838 5.27760070931288 10.9727891709663
7331.1 8.90188734419453 7.94230877662424 13.6393675865402
7583.35 85.5859176372754 38.1730240927826 12.9692808246045
7637.85 8.5650058500668 3.28532196144165 27.3480719137142
8001.95 4.29031585183501 5.4437264907996 11.5713205792581
8062.57 3.12593288899575 3.98017755126672 9.64457958108142
8131.13 2.55829198737837 3.37713073211529 9.6841176536509
8311.11 2.02305890710344 3.5351765853179 6.1762160899325
8793.55 1.48623732262196 3.07807660721695 3.30026532929151
8809.6 6.91731621469677 15.3547983971279 16.0048493952017
9099.48 3.72233176233873 7.4637854083463 13.8711639090616
9397.5 3.48769559677251 6.28672422218992 12.5638734248059
9546.54 14.116766423398 26.5354137767241 14.9071907309044
10027.92 3.73065028503917 10.9777113663672 13.6445924112668
10043.15 1.3625156687707 3.6417129098971 4.84749648890465
10316.82 3.37282910698198 7.35502232088962 17.5116934403595
10406.01 2.13649853011847 4.79378466189758 16.5912451408185
10846.67 0.998059125106376 3.85356245029363 5.94298346180585
10857.75 0.841574230040208 3.14935246161149 3.65078100946994
11452.05 1.4173132659739 6.11110007534177 19.0156431331397
11760.37 0.539363400698284 3.66943008338251 2.98619657321797
11768.74 0.511958126608827 3.56868291783973 6.0895110849815
11775.36 0.479075858097446 3.40110173158139 1.00953163842314
11782.96 0.515611529436397 3.77232593555887 2.04472898571476
11801.48 0.443795587378527 3.44071005396787 3.85043024518927
11813.77 0.434879170448009 3.52707387809039 1.2994495690873
11850.08 0.376462458007084 3.34228593815144 1.02064408504884
