4012.82 7.66600761790877 3.06271552310418 7.39981638741983
4148.12 26.7108311089226 9.54252225234004 9.41507814385022
4210.24 18.7108176174856 8.33901629420439 8.04595068343133
4292.38 11.6455944069266 7.08270183723988 6.96115032959369
4304.4 5.98761579439562 3.62860548915543 9.07685446807591
4363.77 5.56941329719654 3.44671210940254 8.38684250334973
4441.94 6.57002876465984 4.16337453919906 7.42256549968079
4491.02 6.68168941765792 4.33575310954858 9.17837435056754
4594.13 9.90049899759794 6.47193524702729 5.92007265907159
4669.73 27.0328242909457 18.7056597263464 6.99807968660753
4893.3 5.39634585639771 4.26142600438032 7.81578298959812
4913.92 8.83760711350647 7.14770962999097 6.76748538915581
5059.87 20.1706278092299 16.9230685711774 9.91182363788903
5107.37 6.09252198268961 4.91083436144898 12.1741580972675
5169.91 6.59858347613076 5.22621921288083 9.63727041529546
5249.08 7.47611560695448 6.23652456893298 8.49030064937961
5379.64 11.8015741494418 12.5563050153955 9.2091734190135
5408.69 2.89200497293237 3.19079072624339 8.12470856299569
5518.86 2.53259677762935 3.43092144919653 5.84579831620613
5600.73 2.3715348024709 3.40486048043392 5.46321511919723
5644.53 4.53902546100085 6.70087141520434 8.27539469087242
5811.25 7.37840178223925 9.53044322024605 13.1434257640103
5970.5 1.65169887841603 3.11043211422049 6.44990931357461
6130.58 15.0483366459541 11.1374409158385 9.3067733693415
6187.28 16.5230295335764 9.15403907662262 20.9571303737293
6241.45 12.9827470366816 6.46452165806515 10.8607166658767
6271.25 7.86188149707145 3.74350441441254 10.0646243844485
6311.22 11.3221834636419 5.88485599152057 10.6208372176498
6441.93 4.8150746714358 3.8525973079143 11.3267115173776
6507.82 4.12076678777582 4.22519416009326 11.3572328252803
6741.16 16.0012226120564 12.3068149587063 12.8715555240133
6784.91 32.27636524735 23.976658464625 11.2081496513292
6920.79 3.68539926715413 3.06201146717298 12.4096583388746
7068.25 4.91990233576667 4.82995298028497 12.2660184376591
7147.87 3.79274478470795 3.50653724992517 10.1764491200875
7224 3.93246795741169 3.75866768687424 10.8703225228091
7289.83 4.58802112062972 4.77339737427596 10.9749509906351
7331.73 6.9241203337267 7.34141726630164 12.6465198707292
7472.98 4.57068031378715 3.05184665073816 12.8680581545495
7583.83 100 44.1877840236167 12.3001987407533
8003.42 4.74812418491822 5.15375170401937 11.366907101451
8063.39 5.82784227825051 6.49768320087589 12.8002659621225
8131.13 2.71595408900249 3.13139232234786 15.3319200600517
8314.27 1.9757333213569 3.69926622650613 8.68438832476204
8768.12 1.8739688091396 4.10669781111872 9.87776577286968
8809.43 10.1324075908437 20.4788594716308 15.1540389541606
9100.35 5.09696369294004 7.87377659285142 15.2007347463586
9221.06 2.086652424027 3.16480292397912 17.9150742000256
9400.84 7.29055063227083 10.7886364917176 14.2311692876501
9550.26 21.1848609027844 31.6923948573085 15.8014217110922
9891.53 1.87387091204708 4.42237995115586 12.8027699914946
10029.19 5.23693397716626 13.9986466916323 16.7170010955178
10316.63 4.02955482458457 7.57309595774995 17.3130005205639
10410.8 2.90265871842678 5.87981210404958 16.5599283354459
10851.36 1.15013683207502 5.13141013108666 9.3608664850799
10866.39 0.776959275138277 3.33830149284726 8.13212624322477
11458.21 1.98576366255366 10.1721917853797 21.2919163462466
11763.29 0.721669469371839 7.03972144301733 14.3334122915221
11775.56 0.46693264747441 4.77669854556429 4.32558006291583
11789.98 0.522118298563514 5.78174885327 6.16332089064781
11799.33 0.358571149061217 4.13374346932888 6.52478481562139
11812.01 0.333222783689128 4.13439262916898 1.6819061088263
11820.99 0.269441389964557 3.50078719065015 1.46630463277143
11841.88 0.332887823650047 4.67836223533906 1.51239300388443
11896.62 0.191645770914207 3.26894947532644 1.35554169153693
11903.66 0.236199264201902 4.18573745953682 1.35252826653777
11914.04 0.208095794950237 3.85005194746516 0.88319312236672
11934.42 0.164081534532941 3.32679535587602 1.02474300530412
11948.53 0.185158830963168 4.06119544430177 0.886860743763464
11982.48 0.184648877369399 4.96370938455385 0.409937338909003
11999.56 0.110213723094395 3.30387883908273 0.882646205142009
