4148.84 37.6922359324842 12.2946165128778 8.36999311473119
4209.51 13.1347164749229 5.28623284560617 7.9615456721549
4292.01 13.2468069600492 6.99780557466436 7.42183055669193
4304.53 11.2005753170047 5.92786479944716 11.7814325929148
4364.26 6.54608236496557 3.41068483345732 8.11564815710062
4441.31 7.57909140716099 4.12492763106087 6.97904921493864
4489.52 7.69309914991465 4.4297144868772 15.1525165444427
4593.37 5.57707953545374 3.42258510748986 3.18915878193548
4669.34 20.8079047692113 13.4871129952759 8.10402087391321
4893.56 7.61002358059598 5.45260732540764 9.06656433173157
4912.87 8.21375412416101 5.99403601608119 4.11556910742547
5059.87 18.8319599908029 13.6704104881076 9.57431385916516
5102.45 8.50627185471147 6.23848326143307 12.1719582990891
5169.51 7.99755562998022 6.06214333143467 6.63996811953984
5249.21 7.09495070941494 5.10898035849423 6.97386719731458
5378.14 35.9582664753157 22.5785409023174 8.97835344854502
5645.5 3.75575270119533 3.5267468213283 7.18695279797612
5812.67 10.5701224680343 9.54014810811986 8.4942952973679
5890.27 3.09894937185391 3.26274739642233 6.56811953816668
6130.15 47.2729124889508 26.6148923777155 9.29342966863715
6186.7 14.9912269453015 6.56156198673737 19.4928932908388
6241.16 15.0192779997085 6.15031323370705 10.589485879711
6314.16 22.5216725085338 10.1299738374636 10.3770360223234
6442.96 13.5071988251834 9.88732535992249 10.8171060032264
6741.91 17.0864540373138 7.3661408426195 11.5046737166313
6785.67 100 40.9908413733072 10.9481597438316
6920.48 9.04374427677519 4.34677028899779 14.0751751281869
7070.56 5.38972747983239 4.13957291395321 12.6763238773074
7288.27 5.36966799283026 4.8836581934033 11.5308135808464
7332.52 8.38830828812552 7.68017232432502 10.9796022266937
7473.93 6.83298141173655 4.7164375983082 10.257061667885
7583.35 73.2201376311513 37.5618732712624 14.2256844010735
8002.93 5.53737934679166 6.73596890997233 10.2357724884996
8062.57 3.49678247394568 4.35823350373492 9.70423819908501
8314.1 1.80850541839252 3.27183300743678 9.15187740596957
8809.6 11.1532804800119 20.0630787353051 14.710035971817
9100.87 4.83686802208757 7.67837797249098 13.0065891898084
9399.61 3.34412277419075 5.85870013038386 10.9048957927989
9548.67 13.5819515238661 27.652085841084 13.6118228156174
10027.92 3.86069182249726 11.0172774411385 12.600954544765
10318.65 3.25438532531483 6.87340854548315 13.7769956335342
10408.04 2.94797461472217 6.70027183362322 11.3362576428517
10846.67 0.834975020065274 3.27471561221476 4.40059453661888
10855.31 0.827951215752663 3.25781859731875 3.41141947514916
11065.06 0.726312342674392 3.09777731854232 3.46412306316779
11356.61 0.678139220820685 3.00930981500394 1.27721795535399
11454.93 1.68187322990692 7.98647156251567 14.2733413350288
11478.42 0.704659377791985 3.21334040462839 1.81341989737848
11761.53 0.536885016547277 3.80612925633277 2.17906751235932
11781.21 0.579207173817657 4.35937701802294 1.76206060871118
11788.03 0.462551451626564 3.5150597103405 3.18501070317689
11795.44 0.564732747816818 4.42880558162888 2.51599516147326
11803.43 0.483168378814569 3.85808823368258 1.58486162508962
11814.55 0.642501643709423 5.36709179522422 2.45118688493312
11945.79 0.317966048263471 3.58771332239001 0.755822263034133
11985.81 0.257316339518306 3.25698345149589 0.863907415001449
