4151.02 41.7165372649874 19.8522396296894 9.15656196632244
4285.88 14.6533401136271 4.9521976492764 18.071342680515
4307.35 9.32052614364889 3.2171136713771 13.1678393678067
4442.18 8.45028499822932 4.07930315546875 7.98240369618634
4494.03 6.8195511704535 3.77200613052276 9.93455043599624
4672.15 17.6331308430833 13.1559317457137 9.30999502549821
4895.78 14.1462870411675 9.54181003384561 9.25609965151762
4917.57 9.29217103712 6.01035129428589 9.08858018967203
5077.89 9.18905701179755 6.8227055973694 9.32708900160651
5112.16 5.85637950725993 4.29371453676265 9.94608635124496
5172.72 11.354523956935 8.54115136065911 9.86342947087905
5380.6 44.0449189475789 17.1713072135414 10.8650549148742
5420.17 8.87875407795779 3.39797222239935 13.5955507258122
5615.04 8.44662609760149 7.05410897082056 10.5639258845658
5755.62 4.93834317771796 4.56325607150324 11.8638578016735
5815.49 7.57021911715866 6.00465954749969 10.5412243561705
5930.54 19.0914143709969 12.6950932153664 11.5045802252134
6244.22 17.1236620511867 10.2662727617537 15.7681175161133
6315.19 28.2775729584756 13.5934393438607 12.0275424698384
6446.37 15.4552516643596 7.06534572023765 11.9197600357229
6508.41 8.16243016477772 3.70669459708606 12.0046787990896
6571.92 13.2496061584435 5.31869830098791 12.686001714228
6788.25 100 13.0454915540431 14.0772735108112
7106.3 10.8213460765871 5.09194712610334 14.5944421559334
7481.54 10.0412638006879 7.44525029972284 19.8332014468506
8007.84 10.1085251965085 7.8921672918116 15.576986127795
8065.52 8.35140071428444 5.99471945712453 27.1903113736353
8813.02 12.5035160254783 11.261590857379 20.0650942805842
9009.17 7.13014670394666 5.58894415266065 17.9762988767889
9104.69 7.11909426426027 6.76502790031069 19.4264402269746
9553.81 23.9034890891436 9.159946496126 25.0966974885305
10032.27 7.39374987254318 6.92575735811039 22.6278602287603
10414.86 3.86958264667567 5.88210605241592 22.9091477791244
10880.86 1.33820199545197 3.14787910276461 7.47032587288231
11395.74 1.53178835017987 3.4875783457744 16.3408864911817
11460.32 1.82452669715781 3.91631815185861 24.4883171855527
11832.11 0.672017362298812 3.61637939399649 6.71499742030028
11839.92 0.585597384329981 3.20807746686025 3.62484967291311
