4154.88 78.704485514185 42.5176679529822 9.13521230933657
4287.11 25.0446951611891 8.67593623692658 18.6479428192561
4446.17 17.3136180625987 8.20653453431483 8.0822865411792
4498.29 8.51187300754943 4.40025856128364 11.2090673307548
4675.85 60.004101040786 37.7230066591789 8.47645314941656
4899.3 22.2697742495789 12.1943180433981 9.34010198376563
4920.32 20.9315239962296 10.9788343531514 9.50198709711367
5081.34 11.3815425384189 5.23962489284482 11.2728850541835
5114.82 13.6627209852746 6.24947292669439 9.39533523045793
5175.26 14.9792530069177 7.57220995812684 10.2299040851431
5294.82 6.65229112091349 5.0271715233777 9.06589221840659
5384.82 52.1666659760251 34.2644942560659 10.5252932969579
5536.37 3.69123171773331 3.31720845687975 25.0307693121895
5618.65 6.75825690089945 8.19266990600256 10.976787734241
5653.17 5.14393663378273 6.62807079006239 9.62849162030216
5759.55 7.43988006711809 8.42509044720019 11.1966209976954
5819.3 13.7336224724634 13.2591047137437 11.5641940827309
5934.96 14.7759777579377 12.7949363601823 11.3140807938107
6248.89 39.1445442391508 29.4308326004748 13.4075205594027
6319.88 28.9251841464717 15.7318552591849 11.9255973819363
6404.23 8.30519307750943 3.63121755557244 11.6451374099179
6449.92 17.4759672884115 7.41539820302809 12.1815899974099
6513.17 15.9431556357287 7.01324369343331 12.5021144380362
6575.96 14.5559172465215 6.12336236167288 12.4212101001021
6750.53 42.8270033130661 8.83827404338987 15.8375767724265
6792.8 100 21.2016711017679 13.3520825689757
6927.98 10.3000875208707 3.05294023476508 13.989753834715
7077.21 9.5980744407014 4.56942358365845 13.7718814533737
7111.57 14.2880841474057 7.0794912079994 14.9972129418757
7479.63 9.24061622151325 8.36997056881473 19.3556848498665
8011.44 16.4520883504967 10.031768995358 16.7758613173282
8071.92 12.968933167903 7.8486531442529 17.5284009668267
8362.1 1.30456760702219 3.16249796756087 9.96625192240208
8711.77 2.20161881899935 5.88251536467191 13.5937693110027
8818.49 16.7810624058569 34.3856610551044 18.7824244146104
9109.72 11.0107712917702 18.6477538451088 18.7361595426173
9559.48 51.7431591259751 18.3628646476256 23.3975203606842
10037.71 12.9044037606293 11.1012790351285 22.7047376841238
10420.02 6.86654231065187 8.79694129605081 25.9776289585952
10884.44 1.35498693016425 3.85557025777717 28.9335589175353
11397.85 1.07001548466455 3.79113621185436 26.2248103177699
11468.6 2.62109153309365 9.25444992498203 25.8802516830274
11848.91 0.294818910131574 3.88880535275391 1.95067075350198
11855.55 0.304022790089136 4.11071525831327 3.5574672130042
11863.76 0.284108093256739 3.95657269751768 2.51524916050585
11978.16 0.154946942689337 3.76508384672782 0.652476133929667
