4153.07 46.2002067910399 12.8435913019054 10.7399897128707
4287.6 15.3503990738163 4.2360348454738 19.3790264391055
4445.92 9.30980838739611 4.02973301816993 8.01913372885974
4496.41 7.94749980701147 3.82221831335691 10.7322860305758
4674.45 19.6436353789595 10.7010835536426 11.6920081118551
4896.43 13.0550900976286 7.2847282679032 11.973541117788
4918.36 11.1586695801104 6.19775041758351 9.65165393507596
5079.22 7.97102605992396 4.77657185241035 12.1173909931185
5112.82 5.91312100422806 3.44672355352572 7.51356705824674
5173.52 10.6949136787973 6.44385510967264 12.5114988010773
5383.73 40.9008630466623 14.4190413298307 13.6573253122133
5618.09 10.7402584842739 6.45422909822269 17.0035469617651
5818.17 9.03487050162591 4.32399759443177 11.7839981244251
5932.96 16.7287665066194 6.46624769889111 14.8906952703392
6244.66 23.5767246674803 8.53474171303809 18.1393573813912
6318.41 30.2451263719868 9.34878753456288 16.8693282338027
6450.37 16.5589734768483 5.66785747392204 16.0092062363119
6574.16 11.3498644781691 3.59755638815447 14.2760728036428
6790.53 100 10.273939949602 18.2419833382928
7480.27 10.2720373623287 4.63585094718538 50.2717479647663
8011.11 9.29548172486467 5.7065024065967 17.6814550016807
8067.82 9.12102799554991 5.33343235777403 33.1728030513887
8817.8 12.2236401667848 10.7103189329066 24.0374279700627
9109.02 6.80901421888849 6.27182403133073 21.2756458220465
9557.35 21.9493545949564 8.49022516786945 30.5612716324667
10036.98 7.09842462981048 6.70399455187643 28.5054884079
10415.6 4.21260117213115 5.7095290781906 24.2668014686642
10963.54 1.43427837519331 3.01723207169076 25.4679782174189
11465.13 2.18399596901179 4.84689374950898 25.3984632281918
