4151.62 53.1161928031981 24.8455087985325 9.3011235945005
4285.39 15.0113014627871 6.15593088196812 17.3537019634587
4307.72 9.70129714533879 4.06369392545368 16.1364955568961
4442.81 5.6999803077305 3.15943603653163 11.0843267086475
4494.41 9.59359072893812 6.15225194516405 8.85564257616898
4673.68 18.0010875064128 13.9510571748633 8.88111766252769
4896.17 18.5232657988548 15.1674074815959 9.37886602345134
4916.92 7.12357089995739 5.60424859817461 7.94869532397206
5077.1 7.72977155734935 6.38415284797967 9.49778957325361
5112.16 4.08728989173033 3.2037645905938 10.1092310507311
5172.58 11.87471031415 9.42984152714134 10.5535817419004
5293.34 6.28049860377499 4.62289409547408 8.87907811092737
5381.68 52.1312947397158 27.0722655857146 10.1247480049333
5420.58 6.7002771327791 3.35236099448468 14.8017430745222
5615.87 11.8332630206601 10.8855803554744 11.0187612239533
5755.76 5.8160228303657 5.67199444031347 10.1171805217691
5817.19 9.44356605495371 8.70654886905286 10.2357219226269
5931.25 15.8529859669542 14.1552745079981 11.2875953979001
5969.5 3.65233317731839 3.27286213775708 9.78028909094883
6242.47 20.2223706432127 14.6224617110672 15.4743652751658
6316.36 27.5042246759638 16.0838403242712 11.7927186854231
6446.67 14.9567888938531 8.46653277709132 11.7065760414716
6510.2 7.52829144138802 4.19978510346524 12.4651747953067
6572.67 11.8541233369178 5.77848827316486 11.1669153570156
6789.31 100 17.6159898906265 12.93391381325
7108.01 8.03907870030939 4.88844613946559 14.7123229966801
7484.87 7.9051077526339 7.3472751922513 22.7443881962918
7831.24 2.29719915597058 3.51790757123375 11.0434515659445
8009.64 4.90349843599848 5.33638722121771 18.8522001148676
8067.65 6.95324593066172 7.4521941447855 18.5236204789362
8361.26 1.54049173115056 3.41771629064109 12.0916822501713
8815.41 9.66487855636599 13.4324011809445 19.6901620229037
9009.69 3.15531990085359 3.25106103458494 16.0555490286824
9106.25 5.09854466244783 5.91743695520691 19.0354589675444
9553.81 20.3754158805681 12.352263390041 23.4586741183357
10035.71 4.70768769431815 7.61329067180029 19.3225583088843
10414.68 2.53647487809975 5.87404504023946 21.2802654378502
10962.6 1.00068346790274 3.6682704176887 10.8607270347966
11391.13 0.973780678475104 3.45583721962777 20.4809793801578
11459.17 1.53967818929824 5.54639305004034 25.0538055881079
11494.99 0.882736442084781 3.14711485181765 9.39313474961091
11837.19 0.448205749951867 3.53236107085245 1.62489968003501
11848.71 0.408755461029254 3.29774748322423 1.28788769012317
