4150.65 46.5292167633841 18.4905619605142 9.90669567366695
4283.8 14.8023317539947 5.01039465201057 18.4244984302813
4306.61 11.3306931394939 3.95566802212251 12.1145620751495
4441.31 8.66177858357321 4.49420792303565 10.6429632918007
4495.28 8.86121322034958 4.85976183523001 13.3458225549148
4672.15 17.697015582617 13.9415675076366 10.960621520052
4896.04 17.0794064909964 12.6481168276774 9.59407493446997
4917.97 6.98683125662528 5.07151462881102 11.8680086654394
5078.16 9.92665973296251 7.77195945349745 8.66084381792916
5112.29 4.90887549237917 3.62963071653922 8.75322504664291
5173.38 12.3900726785581 9.1431861996986 12.1251566637129
5291.71 6.88755509895015 4.99996779493486 9.5475667118817
5381.14 57.0459873349137 28.9866028120739 10.9357114019531
5616.01 12.5989220983771 10.8099581268718 10.891311333231
5754.35 4.79628240417841 4.95907647653665 11.3286636430157
5815.63 7.7239405331831 7.18138608138579 11.0461079134993
5931.82 16.5823182813551 13.3863449048692 12.0943289334909
6240.57 16.3917318453145 16.0473202984536 14.4610202207623
6315.19 26.6984500362534 18.4463197852596 12.1607999136468
6446.81 16.6358755129169 9.35515927318094 12.6125407963045
6509.6 6.80321227903171 3.98108344326961 12.7323543962266
6571.77 13.3396459498123 7.3664998979064 13.0001595048743
6744.18 19.7167996430599 3.89620610707059 15.1673850742782
6788.71 100 19.9097732546061 13.6661038853108
7107.39 7.63694661594518 4.13623790186051 16.4102359800245
7475.04 7.69520795416579 8.43101552031878 21.8921978140434
8006.69 6.30488335898139 7.54121734825469 17.4475113249291
8066.01 6.86915190956282 8.20860368322324 17.8561646604176
8357.93 1.68583633895154 3.88689330241216 8.54576847179123
8706.16 1.62174614204012 3.02674103368163 11.6552927072244
8814.9 10.2552462049756 16.9229369550415 17.8158030364502
9106.6 6.07597905176039 9.80900271288121 17.869711839845
9553.1 19.353805081384 16.4461920512379 23.5845691949107
10034.26 5.19171215896475 8.91739616437101 21.3007707786837
10413.57 3.15609085101315 7.93679469188383 22.2370032659492
10879.17 0.979793279311585 3.68425066800585 10.9816569512532
10961.66 0.986008488833257 3.73404732723362 4.29794080013562
10974.86 1.00980813455138 3.8481998851489 2.39625757973954
11391.9 0.934075195598766 3.32845814796137 20.6065944852835
11462.05 1.61241809211173 5.91353684876579 24.6371477393477
11826.45 0.48171359990876 4.04029245449799 2.80234175219084
11841.88 0.385721358257156 3.32844201309972 3.47275506564438
