4154.4 84.5817693569866 35.0755971903875 9.37916224481887
4287.23 25.790860708769 8.41049059274703 18.3612909802705
4446.67 15.479351858384 7.80873491389916 9.02486507471076
4499.29 9.77652164854417 5.45832528015964 11.9769154351789
4675.21 38.157903183948 25.6062745999025 9.17083877034656
4899.3 22.7531914112962 13.3195771346424 9.72896038324598
4920.71 15.3224515529601 8.65780401940893 9.69863040131622
5080.68 13.7759948575044 7.13449881390547 11.0803743581282
5115.35 10.8458680403389 5.51137268845435 9.03167203456633
5175.66 14.9170806617684 8.12547043462365 11.8684901026018
5296.72 6.35963916483649 4.32077246942422 8.99255712399008
5385.09 53.2039954735424 27.3231462343724 11.2467919393857
5619.2 7.26971023383575 7.13990891512478 10.6786687360154
5654.98 3.49406465721873 3.75207891964054 10.8195257426623
5761.24 8.17598699796502 7.79367207960913 11.8335123860552
5819.3 13.8565700704478 11.2703603170955 12.3751625572595
5935.39 16.6863939131895 12.4120100862954 12.1963306711214
6248.45 37.0212577486533 21.6798056876381 13.652942472866
6319.73 29.3289420693613 13.306385159208 12.3514517443264
6451.41 17.0905877161105 6.85496299463205 12.8899282191069
6513.17 13.9674640061037 5.80724266025445 11.8505449899403
6577 14.7885069083815 5.58596897132365 13.0122505903419
6748.72 38.6351939057192 6.0379023169695 15.4053750620633
6793.26 100 16.1388093068529 14.4188896632313
7077.36 8.53466609320416 3.90859868378538 14.2524075413685
7111.26 14.0239778154302 6.77555767327573 13.5825309024622
7480.59 12.9761293824718 10.5225865866848 18.7653135091468
8012.26 12.4133676363099 9.88765507083482 15.6318834893209
8071.92 10.7917853632651 8.30590444231162 19.1816071406756
8711.26 2.09694720749185 4.15182428560632 13.0990610354129
8820.71 15.0643625442918 22.8117572854105 19.9025776282324
9110.07 10.2644209346666 14.2086331625431 19.1955350897115
9559.13 35.5864521553599 16.0678664947922 22.2329919562453
10038.62 9.74720185970763 11.4696106223974 22.468942251835
10419.28 5.75764419683252 8.75234593010815 21.8603286314428
10885.56 1.15366664502487 4.00247707246274 20.5977727838417
11403.23 1.02737645398139 3.7704583383092 23.5878288833137
11467.64 1.9226816788277 7.06746663243707 28.2981036155907
11846.95 0.327348981941354 3.15507081621171 1.50062505241476
11861.61 0.303502150943797 3.03632579039303 3.96860271155128
