4151.5 41.4254650894639 5.07972448072702 11.0078233372215
4212.06 45.157572207148 6.22561910967352 25.5363919055653
4369.21 18.8490079053946 3.08956317045061 28.6597340028738
4497.54 11.2146245908011 3.74222484031363 14.7380295180401
4673.3 21.9296681910339 4.27061941502397 17.7644829011233
4948.97 36.2212111558183 6.66849223326829 11.6407526899447
5058.42 65.6642649775066 12.2007559392871 14.2023674131078
5254.06 38.8091893099055 6.45827380421951 13.0602112892202
5285.63 34.5958921221552 5.18348718822098 15.6644531601087
5384.41 45.9649219198758 7.2303517529871 16.6474492955977
5606.98 7.44181285917233 3.31888368439247 13.3501813309922
5815.49 9.6797683680419 6.20528531498926 13.8957011531347
6005.71 41.7364745851205 5.40251729436504 15.4461085765706
6143.61 76.4353358505939 4.89800149422954 53.8718673570975
6337.21 59.0198304291953 4.81616721016491 32.556800238629
6745.24 22.6792260460529 3.11673939982631 31.050349024571
6791.89 100 14.1075820434905 20.3678788606067
7254.77 31.0942064776857 6.37794802477955 26.2442475559201
7602.19 47.5752066751698 27.1897141439828 18.3077268086172
7840.47 80.1324674346091 19.6413483477147 23.0159138586796
8083.75 12.0588581086197 3.72748032213899 23.1909041266445
8283.51 4.49180812408676 3.00055147112473 9.55002446581238
8425.45 3.14711624628393 3.0754835140429 4.81694900776893
8784.16 6.41634057072451 3.05249391824546 19.2676649741534
8815.75 17.8588378774973 7.59797284807525 20.5351203461159
8909.13 12.1185192723349 4.26383152874621 28.8332483202976
9133.15 10.3656997077957 5.0281078569881 18.7259333497896
9458.82 14.1628394493283 5.85548056126156 33.2453254885168
9553.27 18.6695793886023 7.92023062615479 22.8189571460443
9899.99 14.2193758326782 7.7332489875175 30.3112656114208
10240.59 6.78665470265593 3.60610642960735 25.6279250387779
10585.63 2.5774267201377 3.08670000728798 25.0434137284883
11109.81 2.93568130284355 7.15098080889026 24.0147700882881
11465.52 1.97126288346942 4.85447165719022 24.7718091782008
11871.38 0.592652962457818 3.66498202925127 1.56767314941862
11941.08 1.57384562892719 12.2368174757426 24.4398946502661
11963.63 0.378377553579429 3.09936832789011 4.29582959213258
