4151.38 42.7759506536737 5.00703117052515 10.9895224200336
4212.06 45.6517422596046 5.91342530649773 12.7669899009888
4369.33 21.0454549151048 3.22721896174673 12.1591665515625
4458.4 12.4737866694781 3.07274797759614 6.62119329433244
4493.53 11.2915615099333 3.31059794707963 14.9176511546357
4673.3 27.2259583960805 4.74859093794568 17.0485071624471
4948.71 37.9812545101118 6.9240277452925 11.2399992986693
5058.42 67.8362330555631 11.997238473928 14.0619122734952
5254.06 39.4879260599093 6.08901235158835 12.8336083763788
5284.01 36.2179022645816 5.09935743209562 15.4018054262988
5384.41 46.0171768515879 6.92242131927195 17.0608827419892
5600.59 7.82123089476481 3.12944180604538 12.5939982515192
5815.49 10.4670089641249 6.59944498075159 12.7222257689555
6005.71 43.4458059298323 5.31566511620984 15.213843986503
6143.61 79.7483080507373 4.93580086455086 54.1837876034951
6337.21 60.5515254987446 4.8683649712567 18.6444565194479
6745.09 24.6832437770868 3.11572657261688 30.7287221031193
6791.74 100 12.9632601849871 20.021516186328
7254.46 32.4513690310204 5.44679442642392 27.4297670202668
7602.03 49.1350280275268 26.1591529631771 18.0727362062962
7839.98 81.4983246045981 18.6833557559833 22.6797547441638
8083.91 12.4916814030986 3.57646440495386 25.4701518578422
8283.67 5.14678602916421 3.1519029046748 13.0774192874687
8425.45 4.02857793544686 3.60153582459772 4.65093649468872
8784.16 7.40774302265245 3.11618457621994 20.2921664122423
8816.44 19.4653498718205 7.3012325128809 21.1322452040458
8909.13 13.0759288909101 3.98390504201095 28.4289407339929
9133.15 12.8735146939875 5.059298182445 18.933667174173
9464.29 17.4552501932728 5.48724439087198 34.011068197542
9553.27 23.6360660823949 7.60614580265854 23.0406592162708
9899.99 15.1699366091025 6.81535780491945 28.8435974127733
10243.15 7.40364353682093 3.36446532745228 24.9068598634567
10585.63 3.00030849781994 3.31786502390788 21.6587918916721
11109.81 3.35479158180588 7.38814680566796 23.6746198094152
11465.52 2.25477103929153 4.75840387537664 21.4294646584513
11871.38 0.525518565031734 3.29951068153602 1.47614147784043
11934.42 1.58623163454037 13.31030091169 22.0423912310926
11963.63 0.451719406498947 4.26110835477674 1.46399270695656
