4148.84 59.9078568694132 6.86972731074315 9.19159047775975
4195.79 45.8754222507413 5.6081403744861 9.26487408550292
4211.33 54.1201806742675 6.9162692961706 8.51744272440101
4294.96 30.321098979259 4.32609597297165 9.46622784277497
4367.23 31.9704139544164 4.05286281002103 7.46688787708717
4420.03 26.4576980667799 3.68071627134988 5.59741751630827
4458.02 29.5004790046549 4.8279018419428 6.14928713647532
4587.05 27.1254571657191 3.95053773931055 5.66502503012998
4625.57 31.3221244016809 3.67363928573671 18.1220671513229
4670.62 56.7177880370573 7.04102537258407 11.3596105370598
4895.39 17.8722099157768 4.20830498103053 7.72473088667994
4913.39 15.6703383629378 3.5534341768467 8.95201298728625
4946.22 58.5952851417053 12.2026375441617 8.98669136383887
5055.9 60.4332615122816 9.37482075876374 9.15426019565166
5170.98 28.9363781575289 3.48652353020935 8.49940045692256
5251.91 44.8701673645338 4.79396023186182 9.26686969824732
5281.45 52.1851837845235 5.71355430344791 11.3796752226726
5379.51 45.5899443131168 7.18987384611873 10.1453227847987
5601.29 11.4904717443463 3.27686110050788 9.92292908941545
5812.53 19.3473433746492 7.06754927916579 10.9979112372666
6003.13 42.6698073346192 6.6410727903448 9.81872097037831
6114.09 48.7803260980995 3.8065185460339 11.4925064728986
6141.15 71.4383303388028 5.27858857704451 23.8841214841559
6314.45 59.0486683409738 4.82353975331219 11.5168244686129
6334.86 63.891509041525 5.48922953351601 12.7808218042255
6441.93 22.1846562274255 3.13730209675463 13.5102475808517
6506.33 24.2717335770698 5.24368730848929 10.5459097447119
6742.37 36.689657910975 3.58868850807044 21.3502134037562
6787.34 100 9.74442641978179 13.860323994586
7149.58 45.4366596019415 3.46991983831426 13.8231096019535
7177.09 63.0977833321627 4.29396139186786 28.3454006456395
7474.4 15.2889677362723 3.40524178555507 13.3523820516202
7598.04 50.7950167298564 14.1829499646295 15.5289298671642
7739.18 16.9058849054258 3.31755000771155 10.8537842551659
7835.93 84.7784388130078 13.1207611741374 16.7148152047721
8287.49 18.4869912975036 6.26196399903221 14.3473384203789
8423.44 9.71048288732254 4.69672698106085 12.9839333472464
8815.24 35.7721710843951 7.40828654496749 19.5650390554638
9061.03 34.2912465965658 3.80566768812951 17.2496805010996
9133.5 36.21508832033 4.23639006986033 16.7693647324886
9386.41 35.7616844769907 3.72374377584478 15.8871460627743
9458.82 42.8841799686405 4.28682401979219 35.9143826404779
9550.44 59.5984692784793 6.44064223803814 21.4134096163507
9896.21 11.4057043415563 4.24009832030641 21.3225826791986
10028.28 14.0809935183795 4.66893919455098 19.333716508334
10235.65 10.2390632921314 3.1922861408356 21.1944502410352
10448.8 7.55964058326674 3.48993729285959 17.4917082695229
10576.72 6.36392947964915 3.62084579906678 24.8227543445373
10920.75 5.36438991205585 4.28506861490141 18.6762841895543
11106.58 6.67968073777407 5.47755878517943 39.4189138683232
11699.11 4.59783912633802 5.15466948743382 27.2927526763197
11946.57 1.9132604297496 5.37303838867031 19.964563160529
11963.83 1.24084556309575 3.75151063587626 1.71292048605937
