4149.33 53.8324076049548 6.4540976036402 8.92159116537823
4195.55 44.4618305219743 6.3957523987943 9.04532813857895
4210.72 56.9611867305103 8.83408542026785 8.48439653278456
4295.57 33.3730917785773 5.33652685272793 7.3152691745554
4350.56 24.013104915134 3.20741397989049 8.43562634961836
4367.48 37.1834072281242 5.00589042853986 8.26468149780158
4457.9 27.6106432161556 4.94938787086479 6.83533849767082
4492.9 17.3576087092676 3.67103159352814 11.5906703491937
4586.54 32.4635418105044 4.25256027910937 6.38626167119583
4624.05 39.0158001184788 4.04899998396331 18.8550701142103
4673.43 66.9364765004534 7.16312519700898 11.4197549921728
4846.1 17.8241559952451 3.93625521677672 5.33697859993117
4894.74 20.3088857203363 3.98926345197498 7.77321682950333
4946.22 80.9410258665339 13.7989950749453 10.088001458671
5055.24 74.0796414312582 10.6982411755668 9.46074911470532
5170.84 23.4804236652883 3.11590069652064 8.92213681000794
5252.04 47.8847662195931 5.62453974945117 9.77390199705133
5281.45 53.8926394333065 6.346348481048 11.5764375487197
5379.1 46.352948704774 7.36935747445301 10.6405369161585
5814.64 14.9389057539077 7.08401396876863 9.36071095543866
6002.71 53.8664913131136 7.90622604225737 10.8130149593153
6114.67 65.1763565623321 4.97693553013591 10.6332798918538
6141.29 85.9384850655165 6.34180514268034 22.1016351307308
6274.02 37.9436691501095 3.23057020532469 10.7851485584888
6314.45 37.7302898887186 3.64068517165314 11.9901264740183
6334.12 57.1240771488058 5.95388573026376 11.0177430240619
6443.56 22.1511285226067 3.88614941039315 14.7061022011503
6507.97 22.8965613528541 5.41729231373672 9.99997942198115
6744.33 34.7487856267123 4.34047494300144 18.9367989374859
6787.95 100 12.6128540931045 13.4470241862309
7147.71 40.882220444343 3.71928656939864 14.2456165842041
7176.31 53.5491824666691 4.37959273613706 27.703297178201
7248.05 43.454421519639 3.94712585296734 14.2603652275457
7477.26 15.6467578427962 4.23398783725587 14.7350739202911
7597.4 50.0395622635082 19.5069948988311 13.3191821446262
7738.86 10.6335230169699 3.6519645529768 11.507291147338
7836.26 81.0670809143002 20.4511299096261 14.7056079235945
8284.84 22.5107116762643 8.25413414331628 13.4433751472861
8421.76 9.0684365522325 4.62181254258861 12.1115979764654
8785.86 13.4860514343045 3.68313447303154 15.4878869025124
8816.27 35.3912332960894 8.08697565080154 20.0529712762163
9060.68 23.2124780521719 3.37296756724916 17.4469778158618
9134.02 33.9644884204051 5.40361951245159 17.6770907817809
9385.53 35.976225128783 4.52594376369904 17.4521706484084
9460.59 47.4673804495333 5.71211687561261 34.6724575731478
9551.86 59.4003335748024 7.748075402263 20.3460999003455
9896.03 18.3498257305496 6.47002941884532 18.099248626655
10027.74 12.3540797182557 4.01904886756051 18.1144463059645
10239.31 14.3403705476442 5.21875632773501 20.6426928610017
10575.42 5.30034038748863 3.43453455582314 22.081091207654
10921.13 4.72168082454421 4.89166174007095 16.356352816596
11113.04 7.04851361182308 7.30634831493815 25.9516327413839
11330.75 4.50662140254107 3.8222809673783 21.235962530609
11701.05 2.69634160878824 3.60147172886584 21.4895543817511
11929.13 1.76571944641388 4.99250204300283 4.06901785739683
11942.45 1.41939432518595 4.18370741732751 4.59648561507311
