4151.26 50.8233821114673 5.64454875038316 10.5798404550087
4197.85 48.0530232803852 5.56610007471832 11.6257776894718
4213.03 58.892694371063 7.0232898405612 11.3587600170085
4296.3 25.6440593510465 3.05483386105725 10.0363564527115
4674.83 63.1830337687411 6.17408098346194 12.7576812483921
4848.82 18.3881023763376 3.1949269582417 10.2135388857087
4948.97 57.3585080017727 8.5246860618982 11.2315733627247
5057.89 69.6781039994692 9.06841229675599 12.1334684238218
5253.79 48.542417718188 5.53373139298017 12.8716902587348
5283.74 50.3465505790516 5.48634723963625 15.7995889785434
5382.77 45.4187700783984 6.27918023080934 13.4436121596937
5603.23 10.5291962775554 3.39597843574682 12.3745515030887
5815.07 14.2313784881722 6.70806331175546 12.3142364855075
6006 54.1326495484552 5.58923047937558 13.7411685081133
6144.04 94.1277950978522 4.76632235598449 39.9677867172268
6336.77 49.8637352202947 3.84219488422056 15.2259461546446
6446.81 23.2384710858409 3.07819260827947 16.6049952204894
6509.3 17.4180946432718 3.11307319635054 14.1734780356674
6744.18 34.0041345839134 4.4423092681332 30.1124025764175
6790.53 100 13.2036480498095 17.273529392909
7180.83 46.1669608521237 3.77719242161636 28.7835935671646
7253.52 37.3433741842617 3.36972552176584 29.3561996095414
7601.23 34.2449825861628 14.6888382625607 19.0036991431807
7840.31 74.8139027104676 16.6305463636676 22.2326453147507
8287.66 7.84992885059086 3.14131546036928 19.6414166842242
8428.29 5.20525246067807 3.24915573857499 18.1028631905519
8819.17 29.3057067431375 6.81412348897387 24.3520790165585
9140.1 21.4726530006764 3.28548843927873 21.9560432313974
9463.41 33.2487800615838 4.75672485113894 38.572334985698
9555.22 46.2995980487778 7.13112535630663 27.1069067642657
9899.63 20.1184037642475 6.44532945846267 27.2631010856039
10244.25 12.0179861965973 3.75994243712576 28.5148235258039
10926.59 3.91995083906846 4.74995637113768 25.5598179505323
11118.16 5.57481468286991 6.68086936754559 31.9255831156897
11463.02 3.11750593630299 3.6569992609754 34.717485992338
11703.96 1.68787799438263 3.877601573262 24.824022263434
11870.21 0.76845403071947 4.05816884384327 3.91896917661688
11877.84 0.726852856863163 3.94842563885976 2.55790623101529
11938.73 1.41839071739589 10.0359094573978 17.9839370308346
11960.89 0.917421757712941 7.27471653050669 1.65586458007419
