4152.34 49.0032726251067 6.18069580506621 10.4465147216388
4198.94 36.3438413525855 4.70792427569924 10.751042351264
4214.73 42.1243874429466 5.58512460447168 9.83948968248569
4371.56 29.0165725515088 3.04399285552201 10.8699847692496
4463.26 23.7115514498737 3.53979194232464 7.94565478550521
4629.13 38.5914094870499 4.20349091765202 14.9014219052433
4675.85 64.01792916589 7.67422577756722 11.6604507718203
4851.29 17.0159995653231 3.45016082793775 10.7633738145278
4949.5 29.3812915541448 4.71998028288381 10.7019055654973
5059.48 63.8197949764572 10.0679325191031 11.2130114914789
5257.57 50.3205329488917 6.86202507520246 13.3130552570219
5287.25 51.2619606724247 6.79380783396669 15.0225144814549
5384.68 45.3767184952331 7.68924261858171 12.7719077833308
5602.95 9.95538748825675 3.67993342790963 12.5650476069122
5817.04 12.1458310197836 7.07651667402592 12.3061089659132
6007.86 58.8914610526809 7.7435931720662 13.1676689833594
6146.22 76.1570024545638 4.97175374363817 56.4862032342362
6340 62.4153709719725 4.77698268504103 15.8389457230505
6514.81 26.6209069616301 4.90510998795214 14.8988290597417
6749.78 29.339130672909 4.67697328583098 22.7447535734491
6792.5 100 16.627700900245 16.4491623994754
7256.33 31.3591614542628 3.34360770745091 29.8398672975045
7604.27 46.4524065210869 22.9517419515997 18.7379446492041
7745.78 10.7887012766008 3.22789681564118 15.3765042929981
7843.22 80.5752653504222 16.3491228373403 20.8752237120498
8084.74 13.9635271499259 3.01452919180732 30.1953219780598
8431.98 4.76445398214701 3.95138718109381 14.8119155079658
8440.02 3.7897443004605 3.103535455628 7.29294055297578
8822.59 27.9580913332961 6.91721398615174 25.0337044541247
9141.84 28.6775056446966 6.23786035729385 24.4464969348464
9395.91 26.5505006951865 3.42067697594473 25.9832399387487
9470.12 45.3725388354911 5.54156727381341 31.6515783906561
9561.25 64.6742321126609 8.13600066445705 27.839274748223
9906.3 17.1794711167868 4.90270576524698 26.1939836299043
10591.57 4.09442108161447 3.11003396523573 31.7891494091218
10927.35 2.45493052631753 3.35786345594107 24.7882707834742
11117.78 5.09961469208813 8.00717885036349 34.9386130144503
11470.52 3.51882935839039 5.89038338849685 26.206883005385
11874.9 0.815739519122291 3.33414712511272 2.60938912605889
11950.49 2.13989647663598 10.2319031487688 24.4521157587697
11966.97 0.836929776528981 4.14710268091955 1.76623933316841
11973.45 0.753095624963227 3.78743742656273 1.53800729303657
