4148.12 15.4598217308866 3.56022834330327 7.9101258603514
4212.91 100 21.5411886425564 9.47452021628305
4284.66 52.3739019127374 10.1471667692145 9.28774183523728
4584.39 14.7206255653094 5.18277147737018 8.04305374436808
4839.35 6.61889117686576 3.03087721187562 10.6681411632972
4980.86 41.6577052282609 15.1077657438771 10.7522706998834
5060.67 11.1006383615575 4.42584388978103 10.9538301901994
5076.7 29.1338240449822 12.3663719976321 10.8432814586004
5252.99 40.9419131033672 21.3965634434603 11.8319962436208
5349.31 5.97671636293012 3.0945954844516 7.63113625444748
5616.29 23.0666782933355 15.7309325366053 11.2227553961038
5766.58 4.72894124095056 4.10734957642082 9.59381328040945
5931.96 37.2622383124484 29.6141839646627 12.4981271370689
6144.48 33.4538097630923 5.391975655707 13.397562973707
6220.16 45.4284546105399 6.05898645754135 28.6623010394951
6353.09 23.8718644834796 4.61092419816041 14.5595341574963
6572.07 32.2835006706338 21.1942889761509 13.7892908232834
6758.86 6.21410532256742 3.49740805167358 14.4305064718001
6811.78 7.87950860967487 4.45737724721215 13.0584952020117
7107.7 19.7679392781697 4.69290327299461 14.7721238842714
7150.2 20.8860510934589 4.35492648027444 16.9892763194557
7178.03 21.4874006690498 4.14679401086162 20.7751068368334
7503.12 11.8359340325922 3.53955958704906 33.0256669099936
7587.34 27.3754700384506 6.49007507103628 17.9437569764759
7625.53 26.9395940394892 5.81384243886394 19.1795724669237
7728.39 14.3093100749558 3.87148559730885 17.8329349837541
8053.38 5.13829373369064 3.00757026091237 46.5276003970375
8168.24 4.15093017458774 3.12384809696206 20.5615073084455
8500.11 7.20505230550846 8.44294818715812 22.6587972114139
8708.71 5.56855749361517 4.42283000096848 15.9391494538668
8815.07 7.84948304724215 3.83368519993698 38.3133920160744
9010.21 12.7991382611217 3.66547619259612 23.5343151370962
9064.66 18.1480768421003 5.39786180836924 22.4864966781879
9380.96 20.1051485617506 6.17044403040855 23.4950862010955
9884.33 2.28269098199893 3.03837362045574 16.7789356500089
9909.72 3.95982726221111 5.24764877254932 19.719693055089
10156.04 3.80358835693519 4.46908650449614 18.5709738537917
10509.62 2.11439537025505 3.38810441632672 36.3889979022824
10876.35 3.16841427983425 6.63617741779885 21.4318627283046
10967.13 1.68318312702277 3.27377315448925 20.6963075467156
11395.93 2.96307991884341 7.01345841973397 29.3889120101721
11691.34 1.57213723389591 5.62134164728198 24.8533344114821
