4072.55 12.5464093578042 3.54313864821215 7.65484714707418
4147.15 13.7540074706575 3.75937665903721 6.51237301260335
4212.42 100 26.252227089921 7.83849567916786
4284.41 63.1670734403696 14.5625753896914 8.19312950165477
4368.71 19.8662053606626 3.72819713832277 7.23156241740799
4456.15 13.597875281169 3.15259681620902 5.85464762588435
4583.13 15.3217425497725 4.35173516384191 5.66335240335411
4635.35 14.5135224858272 3.3560935537906 8.42873501885788
4678.53 19.4774460246317 4.54860648043936 8.61863920190444
4720.87 16.1893373763326 3.96661970745338 7.98662874802267
4841.3 9.34039195686893 3.45054849741025 7.01982710423908
4981.91 40.9881055838107 15.138550102089 8.57428032651569
5060.53 19.0707255971712 6.43021998582632 7.84105418857143
5077.23 38.7024828714715 13.2442027350978 9.39132876814983
5253.25 48.8574454790099 20.2543442716563 10.1868216895218
5615.45 24.0029959136494 14.216059337387 9.58693509223576
5767.01 5.73746868373463 4.19047305632737 3.67249499099671
5931.82 53.4158973871249 27.3988650603829 10.1121984640722
6145.06 35.162813199789 4.64889908136835 10.1486868409147
6220.89 48.7773328327723 5.35123320654682 11.566340435068
6238.38 39.4807757624811 4.25700856446429 13.0110180914216
6352.64 26.4365961918855 4.36893553174981 11.400117031133
6572.97 44.7791874652825 20.6783424150457 11.4499587241216
6758.1 7.248593829761 3.45616580178762 12.1855106021867
6812.99 10.1199918964059 4.83208944879085 11.9703861405342
7107.54 28.8995870863445 6.16156219154939 12.8231671465946
7150.66 21.4017789226172 4.25070432682266 16.9149447223408
7179.43 20.9106127246435 4.00643787316657 16.2347293879575
7502.64 13.6972260889452 4.00900392178714 28.9547992323314
7587.18 52.6441975966705 12.8366438290303 12.781221973888
7627.13 29.9685819672518 6.75046139632421 13.4153247383319
7727.59 17.2655897918106 4.96235001288549 12.258423503471
7836.26 8.13077654005484 3.39971058126857 11.5502790706205
8053.38 6.3610979116865 3.28200824732344 14.6604075064133
8497.92 6.82746791782977 7.59496594451931 14.7019335245095
8707.18 7.36270027080384 5.77437960160622 14.1037714445265
8797.3 10.7446066972939 6.07163376566575 18.0336732342566
9009.17 13.6214310861271 4.64565575042184 21.1333781580415
9064.49 16.6092865130836 5.8194662589202 16.7202202991102
9131.07 12.4351071396061 4.44233729838549 16.0033415172493
9381.67 18.7313152862486 6.65206734751754 17.3826643037646
9880.01 3.15679161540679 3.11527460825305 14.9685288547789
9917.84 5.00598669373771 4.88588367566492 18.7281284159071
10159.87 4.31504058488017 3.91186241713179 17.1667154707648
10876.92 4.09674318027681 7.26758254395149 18.1581251242515
10959.2 1.86745207067854 3.10133480898212 6.19806317663097
10969.77 1.94583451204938 3.24677684667136 11.2574418818276
11397.66 4.28440510674409 7.51733725688035 22.1814119607316
11693.09 2.25983975305664 5.56292112892785 12.852560270303
11705.52 1.32074662637724 3.27485614510314 6.51680647886315
11823.33 0.950550788723996 3.17153844097855 1.77928010970936
11845.39 1.03089292708586 3.59815742460714 5.69156609300444
11952.06 0.798213291929507 3.50403203550536 1.25891248934749
