4150.05 20.943647498481 3.13385575070294 8.40561548440837
4213.27 100 14.8477449967534 10.5327793592032
4284.9 39.1208842896276 5.87376651126796 11.3979511893131
4370.94 23.6634797072146 3.77898777028048 10.32947593669
4491.28 11.8401009085181 3.02598291496149 13.2386109651643
4583.51 11.3462609056203 3.29957106585465 7.33175058967117
4980.86 41.1980981043487 10.4881680263159 11.9726186870048
5062.79 20.6846382789779 5.2878509781269 11.9061223536019
5079.75 25.8720397754072 6.78616690224276 13.0876558460368
5254.47 46.0178158557593 14.5708075788572 13.3376345483093
5617.4 24.9309507070255 11.1846250754435 11.6114445391722
5932.53 31.2758309188498 12.5332267368903 13.5636071292693
6145.06 32.8364830703934 3.1243132081445 13.9004834282023
6221.47 42.4118951754669 3.38801368626145 28.3022958376032
6353.97 23.6250155696217 3.11308185705793 14.2428444488633
6574.31 25.1523408361429 9.27960277487943 16.2460394022455
6812.38 8.12708198407544 3.27774292051464 10.8000923087902
7109.24 14.8914967918558 3.81063559306923 13.4046899964578
7180.52 16.6319524685244 3.6860470900888 20.7032842451017
7588.62 61.5027403977841 10.1054997923716 22.5303738260936
7628.09 39.4801187098541 5.78265143488636 23.5146919276776
8497.42 5.21179098313488 4.03940737813177 18.0235515310997
8820.71 6.95072451661703 3.97690341314823 32.9583886075943
9062.93 9.50446093473145 3.50972213689343 15.7194184800082
9380.08 13.19797379555 4.03844556607671 20.1771401938495
9913.87 3.5275294732383 3.76028570049695 15.3987965391607
10531.84 2.62228087062492 3.03548245232614 3.79345127521447
10881.24 3.23854960564413 4.7751914125715 14.4903999002909
10971.66 2.28933371656025 3.16635098420167 3.2984020201784
11402.27 2.82279313000098 4.56365898531821 33.7268762089425
11428.78 1.91047731192576 3.03785767074929 10.0100979348972
11700.66 1.31818607186464 3.33938683135823 9.08604770839702
11715.43 1.17219195960669 3.06735401789782 2.85282690058739
11831.72 1.0642038048539 4.06735077402034 2.82992169992758
11845.98 0.827614368298154 3.22669215135443 1.86936734450319
11852.62 0.843893706341729 3.34613173686956 1.25661200513969
11860.63 0.757412892038499 3.04371615075011 1.60396810323073
11953.83 1.10726696071352 5.78067456486385 1.5818770258029
