4148.12 14.4133477601931 3.88033884708594 6.91426626902376
4212.79 100 27.2412734797775 8.48848328076656
4285.03 38.6341268504615 9.44616994674602 8.72491271070521
4421.9 21.0694413825448 5.11964979479826 6.42641289438325
4583.51 18.5913313203687 6.90810595019086 7.34394852080004
4721.38 7.90546907017265 3.04243212416312 8.35464411005432
4981.91 41.641363426409 13.7572816816962 9.32345702920884
5062.52 12.1805158926499 4.31982627994709 9.19387147511861
5078.56 19.5821892392965 7.29903081751812 9.6516079483481
5252.85 49.2422312461353 21.7520373275625 10.4182060094163
5616.15 17.6388351715124 11.4501819726811 10.4726046496462
5767.57 3.92879743308032 3.8211279752238 10.078411268194
5931.96 32.7456141214096 29.0756489174337 10.8545649105727
6145.06 46.3228760420639 6.25606615483553 11.2705501346372
6220.16 57.4476312211549 6.41281063460045 12.8549438082509
6353.09 28.1871282028208 4.97958675852985 12.3046353321351
6572.82 26.2484615126372 16.6560637965448 11.8524917020759
6756.44 7.67885132826401 5.08716694855661 13.3767720588521
6812.69 6.16468676076495 3.84439780364898 12.6821532948397
7108.16 17.6212640339545 3.25685713279809 14.1950876137162
7150.04 30.8036097643674 5.49047809362424 15.0884860856386
7177.4 27.0648752423836 4.62714679078497 17.9701298571481
7488.52 8.45140911476895 3.25848551680084 30.5196984560898
7587.82 25.9595079130422 7.81487782352672 14.9067446090721
7626.65 29.4377230698876 8.11128338781415 14.8576861850179
7727.26 16.0941103603574 5.55713825334637 14.3559234484555
8020.77 4.56410088251249 3.01802631342834 17.2276648293082
8289.49 4.33387428193108 3.91624626204527 17.6604249167794
8496.41 9.00745441884536 12.385660318664 17.2561246389141
8817.8 10.9288509452309 5.32799454674571 21.0729186587596
9063.1 28.970145736868 7.64708403884766 19.2815839317864
9379.03 29.0067660848239 8.43864927195201 19.3526072718632
10158.78 3.34507097950019 3.02162812147417 22.5768953886491
10227.42 4.91504499247212 4.60230069727898 24.7930366234887
10498.7 2.33639519007207 3.09174017358933 43.3583276526115
10879.92 1.66716524465231 3.76169783569752 18.3671396706577
11145.13 2.03888797296309 3.58714448096983 25.235859277278
11265.73 1.88220284500604 3.30894353353519 21.8771699232238
11398.43 2.4040693705518 5.17136940164519 25.3165792959007
11692.31 1.95618223785817 6.85645089920023 22.8835712101336
11958.14 0.629374764152623 3.06995867562007 6.40064359469397
