4070.51 16.049960901283 3.05861543173878 7.43454442373377
4147.64 22.0639210556213 4.28696572579235 6.88442830800523
4211.33 100 19.7750611821476 8.94669595970117
4282.09 35.1183281451843 6.73962525078827 9.06948371706676
4368.22 17.7129941838762 3.57263305687703 9.28992178826593
4454.4 14.456788409229 4.0982491289895 6.56565569784198
4492.78 10.0945503656214 3.2716591748228 6.0289185303136
4581.61 15.0427807646328 3.8890165031482 6.16325683518517
4634.59 21.3181535308941 4.84009469133208 6.03048488450622
4677.89 22.4129237782536 4.96238571453714 8.19365131096129
4721.51 25.8254073995981 5.91271002491074 9.059715496227
4763.39 17.1443971849107 4.228833323996 8.27802093943137
4980.6 43.8696804006934 13.3891556912482 9.12416736959858
5061.33 16.8245925587538 5.84386149947125 9.5088146318194
5078.95 10.2858272727623 3.68375176425399 8.77463160127718
5251.64 43.8792703931023 16.2853623663826 10.8773309513399
5600.73 8.39041470727846 3.34575124853936 2.18865440415993
5615.73 29.0393697729354 13.0973029735063 11.1655038525923
5931.11 58.9608082946243 25.9488870319854 10.1972376741987
6143.03 44.6636085242656 5.94620844753646 10.2286508137049
6218.85 52.3945967714081 5.70024317636954 12.1813580007019
6236.2 47.7993563721643 5.10942944443308 11.7924558195255
6351.17 25.891780773104 4.11019123501576 10.5012904101541
6570.43 45.1652219615661 18.7921254212252 11.07734898942
6810.56 11.0438728146455 4.32445179564891 13.14801622916
6874.95 7.83865669669804 3.03203082880735 12.1819518700831
7109.09 14.989384765127 5.1026487077805 14.6620990720721
7150.04 11.8884099444859 3.86418299628847 14.2946121493223
7177.71 11.7417303438917 3.71700973020576 12.5266552542516
7336.45 8.38649488804563 3.27518406305596 8.3352894386644
7484.39 13.9434521461792 4.26817825324167 12.0845996665184
7502.48 15.5551842830482 4.49967480905089 13.116773251103
7585.58 54.7722814546727 12.6945857795398 12.4888551210952
7626.01 36.3141261991165 7.62596135218696 12.6761341084766
7725.33 21.1354298030504 5.49518685924681 12.8726865555163
7833.5 9.56617435141156 3.66476939593829 11.5590211908702
8132.78 5.23758443700378 3.1218915568779 8.59673194884545
8359.93 4.45913038944695 3.86669770114262 5.1102005748362
8494.9 4.81054351062859 4.03570865006318 13.9941369600565
8796.11 4.66994662521697 3.42201629361574 7.24864450749919
8815.24 7.37262826822213 5.22125370406459 14.924571083624
8944.89 6.19769717332953 3.58665485390983 25.2275992457016
9131.59 7.32610610741928 3.99303772994459 13.9242845758454
9376.04 13.6638659941877 7.17740326709279 13.5492810635787
9420.21 6.04624503546719 3.03241456521513 15.9510934857699
9966.21 2.65700413249488 3.40198220293784 3.22830619513661
10224.86 2.46575221034925 3.09037832206561 4.42655648704022
10424.26 2.64085825978448 3.46077691022911 2.10289900592397
10512.58 2.46166347714479 3.40682406164755 8.56610495321183
10871.46 2.04631624438612 3.41703782570535 8.08352421099153
10964.86 2.44040758824524 4.02472943488573 10.0903758776822
11114.55 1.92407661626985 3.05599995495568 2.74311669730196
11398.04 2.73333205666511 5.00625698880452 15.0344706194719
11812.4 0.791497009397371 3.53426141408524 1.08045911892441
11861.61 0.696146455832451 3.53571935817771 1.63018161100808
11874.9 0.672087598339511 3.5257207020035 0.969270654939464
11897.99 0.611732782925721 3.40146304662989 0.849562439032525
11949.71 0.912356217510632 5.91009745996019 3.1324612671815
11956.96 1.12711468262422 7.47655469410933 3.47605916500288
11963.83 0.798561343442571 5.39770655517548 1.36383517974355
11973.25 0.761918301969311 5.30620670676606 1.02995582540098
11993.47 0.536052676134223 3.98635511035601 0.542928820028465
