4149.33 28.561918662948 4.15854282532745 7.5065649302087
4213.76 100 15.7793551177063 8.10952828238169
4286.37 94.2502141047703 16.6375730046366 8.40734273500493
4369.21 26.1466783596782 4.22691386452695 8.19711251874651
4457.52 21.7578198462184 3.87233461890531 7.88323725341979
4492.53 15.3068195255554 3.15545725688648 7.38697111797137
4585.28 13.3589752201122 3.96636260039237 6.46232461980981
4841.56 12.7670062483964 5.12660791132584 6.66618606220527
4876.37 8.29562342066072 3.07046800459783 8.51647828416935
4982.97 52.1587029315809 17.6175472844 9.37199332403907
5063.71 14.3845621391467 5.02091093526891 9.54254611371289
5079.88 33.2582996949766 12.06841324149 9.87293215439149
5253.79 43.7564488448892 19.4180292523642 10.4738883938471
5352.02 11.0895773230011 4.68954904605747 8.79404951151719
5618.65 32.0943212712751 19.6774970700746 10.22029637173
5933.67 88.8067715281721 48.6897478632309 10.2442891001328
6146.65 55.4086572743147 8.61149097085981 10.3357689336963
6222.49 65.110283003324 8.44071725266089 11.8442610088277
6355.44 29.0044894289925 5.55462228255133 12.0273336886012
6575.36 71.4041300285945 28.9325493811176 11.7042871962849
6815.42 14.8607436948125 5.83242141268406 11.7831653526873
7109.55 27.7418384149318 9.12878639247619 12.755522133627
7151.91 13.4861525703224 4.12156142641012 14.0177830898729
7182.69 12.3333767129689 3.64506791685882 16.228478698923
7507.57 17.9589706104095 5.44666598500199 29.8127422393927
7590.37 35.7315290535993 9.47423349317451 13.4062212214076
7629.85 33.3638445094098 8.46430557135554 14.5788316763274
7730.48 16.8866874421216 5.46505918695697 14.5956204024033
7840.47 7.79368772341806 3.46073115888594 15.1554727990651
8056 7.11871904717235 3.57282996485399 15.9062215237464
8363.77 3.31777360780085 3.69121992183248 13.4399769991851
8501.28 5.44201623288802 5.74020576258027 18.4245368332358
8710.75 8.22305424073728 8.14760555746727 16.5435739099594
8800.38 13.5117111761881 9.98463513912134 31.3887024468404
9008.48 7.34352016639201 3.12270016341049 20.3603440130646
9067.08 8.87485890645727 3.74130283749725 17.7862407477278
9134.2 16.5317863336804 6.95853946903028 18.312979562932
9382.72 14.6994084912159 5.28435921858736 19.0542008657376
9886.85 3.44106114990853 3.99286943328344 21.6228034327669
9917.3 3.72933038073781 4.17996937507529 22.8456703594966
9972.18 3.50987580013365 3.69329764243621 22.579782515284
10158.78 3.58909502841485 3.47467927472715 18.4335526514715
10524.25 2.11715599022108 3.11715330576477 20.5412597905888
10881.99 5.55702957834626 10.2538892711182 23.1973123476746
10969.96 2.41501187265235 4.15243631768086 17.993326427897
11401.31 6.86263627956756 12.9371799193048 26.2571670452999
11835.82 0.974861184719266 3.43295529503094 5.67945671960297
11850.67 0.899203382802857 3.2346504894976 2.8250240666257
11962.06 1.14295813476987 4.91157147948532 5.98971095622073
11968.93 0.87667697136058 3.81230392374168 2.49611257757715
