4151.14 81.0311996809654 37.6037641085719 8.60429845698854
4211.21 29.0942344245779 12.0498573579375 8.44737459925909
4294.1 28.3385651043667 10.8238020226767 7.71451288605749
4368.09 8.8663002364396 3.11283849728962 8.50761303403215
4442.43 21.7080808403049 9.67409958123907 7.68061014008617
4493.91 7.63911076130307 4.56493894295467 10.1456587506646
4671.77 88.5021381917874 21.9641003886524 9.49962844004676
4720.48 13.1294104664619 3.24803183591852 10.7718263533134
4915.48 23.8437207454446 17.6621866561619 8.53480604065953
5055.64 25.4654224099388 15.8987305727242 9.47793891361016
5109.76 12.9329136640104 7.0540386084075 8.62475469297988
5172.18 22.712980280368 10.9755673691472 9.74132425733842
5283.34 11.2443828276119 6.04274321045172 13.7229521799973
5379.91 14.2294513747261 11.0736729524837 10.8310709068164
5602.82 3.06005489802342 3.47995108742774 8.79326640399358
5647.45 9.04678205246029 9.32632884419421 8.9351780090974
5754.07 11.2543124042419 8.47029775434032 11.0086199379402
5814.08 22.5445620187318 16.3337184657183 11.1872208258528
5970.65 2.82918672183602 3.94951269591644 7.66610158422463
6143.03 14.7283992428987 5.77946728828246 26.4036454499101
6244.22 53.2456549819798 13.2505640165758 11.9375724443571
6273.73 16.2223617264814 3.73015332533293 13.643158430812
6314.6 51.161349475398 12.7816154123061 12.1166008740474
6508.56 32.4505938386185 20.3891617275359 12.2910885302117
6745.24 59.0584450490672 17.3436411306879 15.1310696697465
6787.34 42.5699414594548 12.0450480893895 14.0017379199926
7072.57 17.5128681051914 5.13353593574734 13.5419797846926
7150.97 15.8683046244189 3.6511387512743 15.5437783464204
7268.22 15.4008776612087 4.07631957564982 16.5868155212065
7476.62 14.89423185507 7.40480452645114 18.2910561551389
7598.83 20.5763754231037 11.8118546209449 15.2911777264335
7816.34 6.68131951865444 4.31847704287956 15.4850877849167
8006.53 27.9657037227825 8.85488890224701 17.0345695100523
8065.03 21.3407019350858 7.15153223321218 16.5202190054579
8425.11 2.56167181079559 4.41388442054975 17.1317293239936
8542.52 1.26706458674035 3.76953796418498 15.0524884598963
8814.22 33.7343992702641 32.2086525313801 18.6363850449925
9061.03 7.70073763458158 3.7969041316315 22.3468867457013
9103.99 22.923990316365 11.9677054870476 18.3809503673219
9386.59 7.79692034308728 3.06708637250101 19.3013182115264
9552.57 100 22.1604452716036 21.6619786194697
10031.73 20.4604944343943 11.4449808034866 22.1026868921563
10413.02 10.28306163522 8.69828856321415 21.9211565505284
11460.9 6.2166134027707 10.1022571713798 25.6836828804699
11978.94 1.05672992382353 6.16347888639256 26.8838684927905
