4152.22 50.8025552987878 24.871350485302 9.1083793579246
4212.3 20.9704713036621 9.32030259512081 7.86509262149502
4296.67 32.6923580266437 7.66846315246716 8.03729953068068
4369.7 25.0530870252785 4.08585382783187 9.37887591802337
4444.3 29.310951735582 5.61905313854224 8.26845645220692
4673.3 97.983280161516 17.6307203700784 10.6335089107042
4721.77 17.7344437299697 3.35881175851541 10.501389377574
4918.49 30.3660955723404 16.8163968852629 9.52421085325022
5057.75 52.0860097067568 20.2702491492779 9.74328622720896
5112.96 22.4861784442316 6.58606422185604 9.13922282761814
5173.25 47.0526713074597 11.3252593741004 10.6827684236587
5284.96 21.1685988499853 5.69069193334588 11.7092476309108
5383.18 24.0798655047256 10.33600355387 9.99470863017268
5650.52 11.7403215923568 6.86677683527513 10.4224789154832
5755.9 8.35968350763446 5.19419085811689 11.4915023623334
5816.76 15.4335604393562 10.1354332733622 10.5630107971911
5912.45 5.18585503633285 3.4489761465931 12.9175306372999
5971.5 7.49715208614088 5.75058117386251 10.0663233433625
6094.16 6.5642140738742 3.03368480639269 9.4222877770826
6146.07 24.8662706751968 7.49163409622271 25.5262437991487
6246.26 31.6186209633473 6.13822414085292 11.8194329864664
6276.8 27.6747058739123 5.00859934611036 12.3179604648785
6317.39 73.3197892502449 13.3241291356522 12.2586490591621
6511.24 30.0213980843933 9.11895423511771 12.6589234800294
6746.6 71.9600261650004 16.8950744716369 16.2824597043309
6790.68 55.841011387053 12.9311294448868 14.0217160293278
6902.44 13.6419631895894 3.4976475475275 15.1930239901794
7152.37 37.019787303491 5.30138025910666 15.1200834613292
7271.82 28.693382631331 4.20366024898701 15.8926926821277
7478.84 33.6399750616107 10.2345549620114 17.6007523631579
7602.35 37.630106501919 14.1635306089244 16.5295416932859
8009.15 33.5758732546116 7.88340992329906 20.4397205717869
8068.15 23.8430745792038 5.95078692026379 17.6032167843805
8430.3 4.8788504933807 5.98736607369059 19.7944289541501
8542.86 1.7671682510504 3.28349882659806 22.5010826171292
8557.18 1.57280237339194 3.07917813349428 3.64688507524079
8578.1 1.43266099788218 3.07211635255379 4.71757923207588
8817.12 36.2114630446928 24.0809265160432 19.4228420197978
8962.96 10.7871393121903 3.90874728380333 21.2426392626239
9065.53 14.7352970726113 5.04025632382345 22.4238447419411
9107.29 29.5827594496221 10.5376952188855 20.4083681075681
9391.16 13.7357765005897 4.40017002001968 21.30819376816
9556.47 100 19.6718523297545 22.1436499146948
10035.71 23.9199385104536 15.6280620435508 24.295756363661
10415.6 15.6117464844821 13.2880811250578 25.8471499327552
11465.13 7.01271828266865 6.93362675344602 30.1280301678617
11521.4 3.27290990955121 3.41517016904551 37.0347251511721
11982.28 1.57369081916875 6.10682114785945 29.6789929972074
11997.99 0.983076256788661 4.01918073804493 3.01270134859988
