4152.71 68.0522491455853 35.7138495990416 8.39676796542426
4212.54 20.4045216734248 10.3303590021318 8.35868191615918
4295.2 28.7446057888496 11.9582345452438 7.91596517636208
4367.97 9.60716686635855 3.09686513599357 8.60029120821673
4442.18 30.4729046477121 11.4365363707224 8.14672629656252
4671.77 98.036264559489 26.0614586563655 8.65612306329876
4719.2 13.5849713660094 3.65147782388291 10.0594251880611
4915.61 31.1598235048662 21.7042340103034 8.79743555658752
5056.83 23.4964828520233 13.2068504892254 8.98697864085716
5110.03 20.1150124790854 9.74630201000306 8.79058942450138
5172.31 13.4963247346714 5.88751080508184 10.0259033564344
5284.42 9.54088973134005 5.09889358170995 12.3643037891297
5381.41 12.0729021250136 9.59181893472025 10.100330699237
5602.54 4.25406964036383 4.08419564913829 9.36218106983688
5648.29 12.7641439502993 11.6063167327912 9.14609009486503
5755.48 8.39860926328483 7.01965569307841 10.6055662439067
5816.06 20.9675508149667 18.7860168577105 10.2388010960976
5970.93 2.59158683953515 3.74797565034386 8.58619295378412
6143.46 12.8869470791085 5.24446669941359 25.6923192599015
6245.39 63.8267288458877 17.5896345679518 10.8149188292018
6274.17 17.1293798457368 4.42310179207869 11.1420152210221
6315.63 50.9157661676158 14.2980744263418 11.5181948075215
6444 8.15520315301202 3.62349786434291 11.9263331900538
6508.56 26.1102370945519 17.5646021136616 11.2718153217975
6745.69 64.5694434674339 23.8098671620145 14.048431095146
6787.95 35.742578904139 12.5605807072918 12.8509054551714
7073.35 21.6881024320325 6.79759528565844 12.645411646281
7150.04 22.5068686452877 5.44098962240501 14.1015105370789
7270.26 16.5812706117427 4.45171866722917 14.2118436491828
7476.15 13.9955755142811 7.28334357302479 20.5871208713215
7600.59 25.7719644994051 16.0194534003864 13.3277912735766
7714.39 4.25464694872942 3.6217372867167 11.5760219834992
7817.15 6.01610046559458 4.57270493802275 15.4658097602378
8007.51 33.9307144711609 12.9784864608545 15.0523988044215
8066.18 20.0714663713975 7.9873416213729 14.8593516985993
8423.94 2.93386204382643 5.28164711384836 16.1551314695207
8541.68 1.4430294847278 4.05128525124531 11.9048807745676
8815.24 32.0521490816515 29.0087016587905 16.036318846991
8957.28 6.50118628893934 3.36727819233528 16.6519700052741
9062.76 9.0379986307232 4.54397068476687 17.7483526520191
9104.51 29.9226013290523 16.0531974072694 17.0643596976643
9389.76 8.82339428034442 4.37367047083218 17.140780630396
9553.81 100 30.8566260585627 19.2045229797786
10033.18 23.0871543049921 19.3780290363025 19.8921193416591
10410.62 13.7418155460941 13.8955566162123 20.378566238951
11064.68 1.15003764067045 3.85757464787374 13.5715572468798
11370.41 2.40425218079805 4.44112680332527 23.0060474782331
11461.67 7.41460968848972 11.8974605628804 23.8578012904491
11964.22 0.931454586934916 5.78951534113839 19.6962556923118
11990.72 0.448425691036531 3.045902201798 2.29379927262562
