4027.21 6.13415184308285 3.11060914909659 8.61991309189716
4150.77 89.1327377988311 26.1287138416255 8.23756547772973
4210.84 78.9726333589026 19.0840553028279 8.04417647270293
4294.71 34.5760094425404 7.04225819454975 7.89943883261003
4367.48 24.2434765972958 4.66161400140843 8.33033265321683
4420.53 14.2561836759117 3.363511508054 7.29785611374427
4442.81 22.1606965802377 6.17152680805327 8.16421525715396
4493.53 8.94003777838079 4.19801276086269 8.7260995489878
4587.18 15.5062216579234 4.16316280813654 7.24837359904177
4672.02 80.2845483368982 15.5135894808521 9.72249844744601
4915.88 23.3546085839811 11.6061281413262 8.48614768587504
4978.37 8.4342447722686 3.39691728386299 7.47916103117132
5055.77 70.9415873577394 23.8916344465199 9.05494410823121
5109.76 13.5897523302762 3.97364544147583 7.75114040913923
5171.78 44.692226868276 11.7091602324029 9.3012378617741
5282.26 38.6877631008878 10.4783836960105 10.3470989193384
5380.46 22.5592606531732 8.79395164778706 9.49916550516355
5601.15 5.87418499486317 3.88602472824036 11.1200783210825
5648.57 7.98307307233392 5.33068565368341 8.46691590409137
5754.63 15.7679808249174 9.001963263614 11.9680956751054
5814.93 27.9588772751267 14.8560217211681 10.8582090766313
5981.37 3.14725522225186 3.00122568581463 6.84782688390351
6089.84 12.6493510782207 5.06870364258621 9.70113245275024
6142.74 52.1023126177877 12.8578816595469 11.0015320645143
6244.07 53.5601679234807 8.94894243481332 11.5600147406694
6272.85 49.4011757069563 7.895834706967 11.93464410259
6313.86 84.9444606608571 14.4105852876974 11.3914829082314
6508.41 35.7483234211719 15.1779865949393 11.8945672407635
6744.18 72.1710906292894 14.8565756283524 16.4122100955647
6786.89 64.048379443773 12.4863764296081 13.3418890317635
7070.25 22.4578303977003 3.35811999037118 17.0316831550936
7149.26 43.7016800895944 5.18358902290391 13.7408514127192
7268.22 44.7551987247038 5.89951305387724 13.9426944124489
7475.2 32.1972129269734 8.83771516777303 16.0890837766055
7597.56 40.0857419027648 13.1964742943169 13.9746799232207
7817.64 18.8110611774368 7.85396084861951 14.6502564372104
8005.39 29.3217586369476 6.9899841122174 20.648663483491
8065.19 21.8944923207822 5.59308398814489 15.7868147025865
8283.84 7.13288367087984 4.44220566794385 15.9908495889176
8424.11 6.22597402430845 8.60512937855082 13.8947731200678
8536.96 1.35229891258161 3.14209683770284 9.19142222292794
8813.19 49.463350699211 18.2584523965998 18.3039755243008
8957.28 17.6711620014049 3.79401898470426 16.498589079587
9060.33 24.0669602943258 5.32228117918219 21.0840717440042
9102.09 27.4669186941347 6.60617385724801 19.1037883585286
9386.06 27.2579765300378 6.22178686133967 18.1002834760475
9552.39 100 19.9483157868422 21.397888082347
10029.55 21.9999648685127 8.91318182286338 22.7505368070706
10151.31 9.36352519595853 3.25139861259717 19.5626473916436
10411.36 11.3048821706925 6.78353641663781 20.9016093821701
10573.01 4.35882246412813 4.25279491899935 21.8533069839596
10733.72 2.56551032782571 4.16360919510461 32.0359259919751
10825.46 2.16987703001993 4.46913717555263 20.0370581539501
11126.14 3.2939681308503 4.40264962736912 53.997885249315
11371.37 3.67374803383695 3.55394838035049 24.9758913327478
11459.74 6.75686727230703 6.78351878947058 25.3010843064258
11685.13 2.33572459212557 3.36133112715266 22.5695710375294
11954.41 1.23741512802168 3.38431239292066 34.2157923534414
