4151.26 93.3511866194997 33.1536006392984 8.54434690604376
4211.33 54.9693533639917 17.6906726145147 8.30291907454739
4294.96 37.594388624969 10.3008906514723 7.1376885722284
4366.98 14.4244366697407 3.49059418400252 9.30337259426778
4443.06 24.2556469690867 7.82915418992497 7.10799074053011
4494.41 6.68591866210747 3.19586063471014 10.3753770372432
4672.02 92.2271388576653 22.4884999419127 8.74238836218683
4916.66 26.226524125056 17.0131926554108 8.01304755527144
4978.76 6.01776041016989 3.32932921153762 8.73912079211732
5056.03 45.7856626361296 22.2085578951166 9.40424401761902
5110.56 13.8332195671759 5.81549376449953 7.8237334691421
5172.45 17.5953713492769 6.48828482237643 10.6188197331967
5281.72 22.2455997947165 8.53172863250395 12.484670248743
5380.6 20.7006605234111 11.7168691950169 9.87466948017209
5601.43 4.76626077582813 4.59104157358375 7.15810768828123
5648.71 11.6850388001417 10.6361912214748 8.58107276070132
5754.91 17.5099911432565 11.485239340036 11.640810984336
5815.77 33.2449937856176 19.6924324461803 10.6933289013559
5972.93 3.25059709517277 3.52301410219889 6.93057778634738
5984.09 2.68248738205058 3.12649284009592 4.49610476525322
6089.11 6.82073156751321 3.23605900030823 9.33900883326169
6142.89 31.7186389984378 9.07391393659587 26.6426893108619
6245.24 74.5327981805963 14.8238262841104 11.7652055518802
6274.76 28.8115796086991 5.46530033952682 12.6131285717347
6315.92 77.731942480019 16.1819816673778 11.5282019879969
6446.52 9.02932581201715 3.26636565957856 12.9692425084158
6508.71 34.5189344374019 19.1146809397349 12.0693436459214
6745.85 75.4643226090279 21.2573998212372 15.8647535451955
6789.31 62.0882037039858 16.7459705415149 13.1591124069255
7073.81 19.9137937994621 3.78439034585686 13.7850850463474
7148.95 25.2900693847729 4.20676648340546 14.6229422680544
7267.75 24.6168663583333 5.04341281374073 15.9839142792871
7476.15 19.0646318911058 7.77575483389852 18.7753326787661
7597.88 25.1593342195484 11.7544399316317 15.539540683666
7818.93 11.7798618462498 6.63253733806881 15.703457376736
7973.19 11.9124697149951 3.55018551540115 17.3145891651266
8008 26.3050282681116 8.04733049369815 19.0878645563125
8066.18 19.1058814214246 6.18122186923117 16.4745364785704
8285.83 4.09259535459588 3.08019464369441 15.0507735271021
8426.62 3.63696860921544 5.71439766762267 18.0430767882553
8814.04 44.8825916691899 25.4757093193849 18.4233344526965
9062.24 13.6055191101331 4.64369855804119 22.6708137378355
9104.69 24.6991489111295 9.25493849786062 19.1655421894993
9387.29 13.3941499505574 5.44893012362375 17.6391800435886
9553.1 100 31.4589226473179 21.7785031176227
10031 21.1318952944207 10.8317789196032 22.7190949823926
10151.12 7.73969683966102 3.52554909473785 19.8590966491192
10412.83 10.2263211359264 7.11914088924043 21.7520377637484
10820.4 1.77116558526898 3.79782326272668 15.3209573740951
11131.26 2.19702068816565 3.98379354744288 36.9593029956177
11459.55 7.86759264627639 10.3772455671421 27.0537146072056
11977.96 1.18521446936121 4.21715666143438 24.2911273135742
