4150.89 90.3150306765398 34.1080979383448 7.95705320125489
4210.84 55.7851604217027 19.0779714901619 7.76286834755047
4294.96 31.242767333155 9.40313309614402 7.15914121127935
4368.09 15.0156879109317 4.08391181051011 8.66655396457099
4441.81 21.381659340868 7.85853018327578 6.71106260638044
4492.78 8.14914685379693 4.44264839729449 8.7456043698121
4587.55 9.56900563691579 3.02948619310842 6.43770184128334
4671.64 83.4332036667481 20.0661527452026 8.47588085626739
4719.59 13.8484282518672 3.47148710336022 10.7984175810734
4915.22 24.3571212115991 14.6967324029393 7.33290165748167
4979.02 7.13179222830499 3.72745018081382 7.9776010310834
5055.11 45.9130678261142 22.0780537201242 8.2874200476308
5110.43 12.2198677560598 5.26777998623009 7.25689674978184
5172.05 27.4363539995229 10.672703279029 8.67950892672343
5282.26 22.0368347121492 8.74692465492737 11.1453643602626
5380.05 20.8619614047597 10.9293499240293 9.00291173262849
5602.68 4.50311336765285 3.72219974597067 5.94299014320131
5648.57 10.065094144244 8.30341332971874 7.63177923562398
5754.77 15.2821790793214 10.5796344353931 9.72280528176088
5815.21 28.6782810612252 18.6620550751405 9.3540776428772
5970.5 2.85700829254004 3.12870388306408 8.68061756458701
6090.99 6.77197553323135 3.57902341104634 8.20452597839812
6143.03 36.0904194821406 12.1026785933874 10.4243852820719
6157.09 31.4158937123952 9.54333594941835 12.7324229022552
6243.78 63.5844951674665 14.5862940171357 10.0664790092469
6273.59 30.9609082862482 6.71106419762277 11.3574355672381
6314.01 82.7771926937916 19.2076573935517 9.71172029052923
6507.82 32.6579423561765 19.486488864227 9.83753319302468
6744.33 69.6592937907582 20.7418432969753 13.578080890773
6786.58 57.88516459578 16.0338002593662 11.0647599955173
7072.11 20.5860391347834 4.19401579690456 12.4210192424352
7148.02 24.3787944019591 4.37830843092058 13.8974677853694
7249.45 16.939015822166 3.44925764922259 14.0100445856806
7267.91 24.8805382372397 5.39051640819361 13.6717319289164
7476.15 21.2306932334621 9.9742927788866 15.2874607170361
7597.88 26.8929042144397 15.5256396484032 12.1379970280486
7816.83 12.4805984829 9.23123117586302 13.4929168572207
7971.23 9.78080660034107 3.594930619418 13.7741719746246
8005.71 25.4252144904495 9.56920477859463 15.0097913477985
8065.68 21.1932878324281 8.39495989157212 12.8911991054792
8285.17 3.91945282707027 3.43872321890357 12.2604466160228
8423.27 3.58407799726483 6.70000618336734 14.1259025487707
8526.01 1.04139935593669 3.12738044740804 5.99493149322552
8536.45 1.21380958737372 3.76443711279704 2.37925572347194
8545.55 1.07629123210963 3.42785014925924 4.00757960234478
8769.66 4.09910384978334 3.09910691900472 13.7336269278512
8813.19 40.2672663439895 23.196315336564 15.6595670084334
9060.33 14.2716701418319 5.02600715565606 20.2949197529924
9103.13 24.1796495383857 9.3346905326099 15.7977570342628
9386.41 13.5363550940584 5.49866331683528 16.7674469109443
9552.03 100 32.2226547353554 17.1980020466781
10030.46 20.3732557322847 11.8444424442276 17.6569733225078
10152.03 7.21613794958985 3.56749065597794 21.584676302522
10409.88 9.9578538616479 7.84695806968339 19.1293843368148
10574.49 2.6539295282838 3.21131081319774 21.6679241259353
10740.08 1.69916809364549 3.08033835722265 26.9126473634678
10825.84 2.45151068628328 5.11345079442843 20.172064039969
11121.39 2.21009809168442 3.78773997889249 31.0505453519309
11367.54 2.33965365360887 3.21360819284552 21.8816009980856
11459.74 7.19858533935415 10.1081771139886 22.6185981647686
11973.45 1.39611197104542 6.43739286841575 19.9124892248892
