4124.26 100 32.5527910307384 9.3715302443843
4281.38 14.8362220040345 5.35056192123301 7.65178939465841
4369.37 21.105488832586 6.83412358108709 10.3938087361121
4583.46 13.7604078970834 5.22885630347601 8.75485848943299
4613.09 11.6204988806448 4.89413048355867 16.0958203197497
4808.26 4.97670989425831 6.61437004744755 17.7282127488816
4974.96 33.9285706422907 5.17232287534472 11.9623895414943
5002.85 52.5704946371523 7.11915062459368 13.4656943187747
5326.85 2.57347543902572 3.26512451328754 8.85462510214347
5403.86 3.20598514020992 3.24826951883641 6.32770960814014
5476.16 8.53316270744198 7.83294219184406 10.766844897079
5645.91 4.23848026028316 4.12680783177211 16.361431469928
5742.13 3.20628426522472 3.98727406644891 14.2464211300812
5975.12 29.721238041784 13.3073981581721 13.2513201125175
6070.86 36.8177657408698 9.07025200370066 13.8500008623332
6152.37 49.5895824538404 11.9728034427788 12.7537194202232
6348.33 32.5998601612561 15.1630509710427 13.1932093073938
6503.48 4.5173273445849 3.88280124521526 13.0573155998227
6648.93 6.42412409334688 7.02505781711695 13.0318726759033
6695.58 2.71460273580952 3.01337169585038 21.4868183843337
7025.87 14.5046398743028 3.788950539069 14.8719816157991
7055.18 21.1874030994074 4.76987790690796 15.514053710267
7083.77 26.3861618048589 5.76490006962947 36.3678535925383
7701.06 2.19661465443805 5.08058848989591 16.9890395789116
7859.15 7.03345853645062 6.54259321068189 17.9537581385903
8015.43 5.23769862839913 4.1887962316623 26.768356669917
8294.08 4.52202056707918 11.2189439938439 34.4594663904318
8680.68 6.56322978728317 10.0446788172879 18.5067461420422
8832.19 6.43368756996939 5.2904445978807 32.8799630382437
8960.42 18.4074050249329 9.99378001180367 35.2251234183277
9381.07 13.7950710725627 5.27128530173762 24.5933175848331
9438.65 11.758241500603 4.86717284816805 37.2182722431389
9822.12 3.91628758979367 7.40396836195442 39.3216817170141
10230.96 10.6209364207409 14.1561951952164 25.3320617286736
10809.49 0.641048936560532 3.56432846256005 13.6507212081724
10979.2 1.45321364262557 4.11790245732569 31.9560329474352
11125.39 4.65209856353426 9.231359833517 27.6858440102369
11455 1.85144760462842 4.16434945406589 32.6528929682736
11639.64 1.42542326329657 5.36809401031449 30.9380644519715
