4108.15 11.990336406452 5.00238958873317 8.28696405044229
4123.9 100 41.2278949031381 8.64142969928162
4225.7 9.53527225256873 4.80363388350142 6.64094378829213
4263.39 5.35666617351698 3.02000629683827 6.66475782227735
4301.86 5.53885974016382 3.40900834320913 12.7369508137244
4368.26 14.3872079463849 7.77962893819269 8.01947563938484
4475.57 7.57311612666237 3.89219882455064 7.62878715787701
4581.31 15.0370545492245 9.1191017132991 7.85622588084971
4612.08 9.58965493032488 6.32991576523382 10.6070179933349
4809.82 3.24687439386218 4.05219415782707 8.23667120869595
4974.57 27.2839451892765 7.31743710012238 9.56733059525868
5002.85 31.9775149919569 7.57836669804528 10.0283525174318
5048.78 20.5895093177811 5.25193924352753 8.94318558500345
5325.63 3.55752201543841 4.23565052205109 9.46528540757663
5352.51 3.00997216086878 3.2432673301337 7.54416650337225
5401.4 4.20650343523842 4.12579938526103 5.82523136578584
5474.65 5.66412223556978 5.60714181795513 11.2539010149985
5644.65 2.73297571158558 3.54249892152322 6.18267222894701
5735.82 3.00512902879825 4.60646316479601 11.3066229470023
5975.12 21.7967289274292 16.4263314411634 10.1806098562083
6055.74 16.0538019554799 7.87007836797023 10.44760417629
6069.85 24.3976037378998 11.3227231155098 11.2168794434492
6150.78 36.8682330952807 15.5223367892635 10.1125410308641
6299.59 10.7696716243359 5.36715570497919 10.3691403998073
6346.57 24.2008295293231 13.9437742273386 10.4081086899077
6500.21 3.14243260470101 3.16152540679795 9.6272249479016
6646.07 5.72451999438054 8.97643091750009 11.0735753640984
6692.42 2.2886699662012 3.67110475533545 10.744020610442
6788.42 1.98514641034945 3.27127178894439 6.51543138189754
7022.48 14.9295656814594 6.10540095757288 12.4302821566407
7052.71 18.5331842447612 6.5315977602182 12.3425250715072
7100.02 22.4575958976647 7.91828097940138 15.2073034186988
7699.13 1.42702060755523 3.26016554342592 10.402344711878
7857.2 5.55637531033849 7.16910318223704 12.9008866793592
7986.31 2.89697282169158 3.04161789025955 16.7539837644326
8011.66 3.59306004253658 4.102171211444 24.1611993816632
8293.91 2.4261779252027 6.94176386982074 26.9097284414147
8679.32 5.62009051332589 12.2174651617682 14.2287440165692
8828.94 4.71888155300088 5.76556034346581 24.3753515879343
8960.94 11.3463874705895 9.34633076575237 32.3513260293657
9379.84 14.4968679204291 10.2326450569004 18.7569489379312
9435.3 8.7721225488481 6.60879619191621 28.2298860048122
9822.12 2.3411554502964 5.88497443194638 27.751303858684
10225.47 6.54635699709148 9.42580715696661 22.0171309969919
10342.43 2.37646627487601 3.02932235889407 26.9529468831533
10982.79 1.22820022381464 4.12192599648888 16.4804821009402
11123.49 2.32668168747423 6.81205665474374 26.5619393412198
11452.12 0.913537675585791 3.68067186017818 22.9606242489936
11635.18 1.16877931264331 6.87683492354483 26.3724707154452
