4124.14 100 28.8325269022658 10.9015675003329
4367.77 15.3700330833043 4.87733492661869 22.6421005221855
4475.69 8.24679458491566 3.04801370442894 9.59450592243411
4583.21 18.8005337160314 7.31994620980826 10.1884302776898
4612.33 14.280800527454 5.99080935467532 10.4839823568891
4975.1 31.5319602353998 4.85069314274354 12.2552617742585
5001.27 33.8243510047394 4.5448491521792 14.9904692468517
5049.31 28.063353426589 4.04718237473868 12.4244626832397
5324.95 3.71335270732062 3.67600396834803 8.14369722414631
5400.72 5.23975191241401 4.17858814147666 10.7177767977
5436.81 4.11913349387837 3.13888912916539 12.465404219246
5472.59 6.49294159034951 4.976942135807 12.9289025078779
5739.18 4.12537168024982 5.68863173766313 12.8007654497751
5974.69 29.856720695241 16.4440732275467 13.632417144363
6056.75 26.4871262352373 9.59137309296671 23.6028703241354
6151.65 38.1655995875984 11.1415799924466 13.8351001119336
6300.03 23.0133683951324 5.66266924194926 14.8440157265322
6348.18 31.6436548691378 8.02040969285242 24.8508381720876
6648.48 8.41298572858664 6.03309751222012 14.7198215144617
7024.18 23.2109347605158 5.4450599257039 17.2809602635043
7053.64 15.9381236367814 3.2076358863608 19.4352450851547
7100.8 31.9359835833396 6.60102094560687 18.5467124469651
7857.36 4.62387884794066 4.81460783195543 19.1055826053398
7960.02 5.51150146848536 4.45784526473239 19.393633893791
7988.11 7.96695777930589 6.37331288516468 49.3362149659415
8286.1 2.44093127845165 3.88787383128204 16.9573620185474
8681.87 6.97198898974613 10.2613275411438 20.6097484072634
8832.7 5.81038951126891 5.00036830365364 24.9503087384455
8982.48 11.3978774932914 6.2103676087419 67.9733270702163
9382.83 17.0149518311847 9.38182601583012 25.4645204545996
9437.77 13.408148994449 7.86386256563755 27.3025012615417
9823.38 2.09461198501625 3.97529287112151 24.1095420940746
10200.8 16.0745414198584 13.5225223402994 38.9414301677934
10349.04 4.63311255894084 3.11234286653154 33.2142616860565
11052.76 2.10724033055165 3.91592743354738 27.7982764203298
11123.3 3.55990225872228 6.42349498570955 27.5022692020939
11647.4 1.74495558493174 9.17134064374404 29.9317826925944
11976.74 0.196177099193431 3.85856365125671 2.10124011488733
11986.95 0.307324704762979 6.47291015260281 2.00997283332435
11995.2 0.53090887689322 11.8118972774723 6.93320308927832
