4027.67 11.3349148983219 5.2531636587179 7.89046942009236
4122.7 100 29.3980691964768 10.8200317458932
4225.33 16.0456802739487 5.28996962418094 9.87983567151878
4305.42 12.7013713802293 3.75238732170898 12.8235021182036
4368.51 23.9439598376759 5.77827873744714 21.5919171454498
4529.62 15.1600644436003 3.1368492795764 7.67554936127726
4582.07 21.4040752025098 4.54833428611964 11.6444829093043
4610.94 27.0896124176284 6.52828835600866 10.2014794035013
4808.14 15.2693430669073 9.47909311124863 11.0033507226708
4973.78 61.2128141085001 5.96259356388312 11.8368867209801
5014.45 35.7837776306372 3.03256999843443 23.7140543803744
5047.2 38.6650735834784 3.43517503614196 11.4696615884759
5324.95 5.87286292514051 4.30107446330263 9.59740213233908
5474.52 16.6582467570125 7.30438962702589 11.4888276779466
5585.31 7.60434431725783 3.39776755705952 9.15349532138316
5736.8 8.4894601378678 5.22271121381577 15.309142112782
5974.83 46.1652448441775 9.92607629624189 14.2122543501719
6055.31 26.069052864759 4.00577993795668 21.3629476010374
6150.49 50.8873529577025 7.84686670769378 13.4462953797738
6298.42 21.3696478177348 4.19819363150363 12.3889152092952
6346.71 45.193105004602 10.3249326881097 20.4742578475079
6646.07 14.3433475002538 7.05470567081119 15.0928094008377
6692.42 7.07713034252439 3.55876065201315 14.3513944368415
7022.18 42.3553579739011 6.01145962513411 16.5213120594199
7099.56 53.4014074586375 6.53261099617496 17.4600269347739
7704.11 4.76973137119784 4.73559874931062 18.6651752430962
7957.41 9.65677549828623 3.81258338212577 17.7383614176906
7985.66 8.25306954499581 3.17232451934147 20.9701796287673
8010.19 10.2910847572589 4.3052085370164 23.9158427397088
8289.59 13.563991895959 15.0415597905788 22.1299878754508
8679.49 14.6040922483357 8.92763123900997 21.3272938595092
8836.3 14.6734914054309 5.93574698796478 24.6590187887941
8976.79 25.0525615287138 7.78857285952758 59.8429882448945
9381.07 25.1545701006913 4.78204098804471 27.6025511495991
9436.01 29.1008294204063 5.88067942222405 26.1271177181789
9820.87 12.0455935202183 10.3012512072963 27.3939939636584
10227.85 21.8960173811859 8.41324855694351 28.9678282838486
10347.57 9.05480553059997 3.28001093433524 34.7020302842575
11124.06 10.1052283618939 9.18619864854335 29.740091182839
11342.29 3.9049586580876 3.83181683379437 28.0249682642934
11452.5 2.80292401788825 3.07893323310281 49.9200197888094
11634.8 4.1914957627311 6.76944065839771 28.5854842348581
11999.52 0.922497335347727 4.89003991001386 4.63606930875903
