4028.03 5.56435371004803 3.08071428083631 7.3586453132566
4124.62 100 33.9611150774988 10.0449314627349
4224.12 9.73685603517428 3.79076081266815 7.78648456827432
4280.52 9.73122428281291 3.99781147648176 7.8293633463054
4303.7 14.7579584808465 5.90330214396421 9.59925625748838
4368.88 15.5658649842798 5.15180372792725 9.04045301388214
4475.94 9.5798896754713 3.04675946093815 8.75850833503773
4582.95 28.5980083444327 8.43831899139637 8.612916246635
4612.08 13.9177634352532 4.40175341430366 9.97340729704774
4807.62 6.17886533250684 5.64707269147244 10.3372186914767
4974.96 32.2863298150676 4.47347085431984 11.1853677900299
5002.59 28.2726313991001 3.361952674475 22.0342887317984
5049.05 55.6896658115575 6.81681654442492 10.7488678950176
5401.27 8.19053883918984 4.85631074033112 10.0861063633038
5440.91 6.10180119296862 3.3142139589401 10.6645312942519
5475.89 9.36906331886009 5.03789141200115 10.8752251932938
5643.26 4.2615489193296 3.44352091195532 10.2737364040668
5737.64 4.36245878898714 4.85572709508185 16.3431037949149
5975.26 21.1001348698081 11.1108345896638 12.0835950211831
6056.89 38.0162104025241 15.3893327695398 12.5720860977099
6151.94 28.5588757303056 9.72541248956422 11.702269121507
6301.2 30.0186595632478 8.14983039148247 12.2353281435135
6347.74 25.3164431512008 6.97126448921845 25.6556159414404
6647.28 9.33721529996618 7.7461043921453 13.385118789568
6691.81 3.83752998441468 3.29519251056589 18.1396101767941
7023.41 21.7594398015798 5.35559060718163 15.3565643683514
7053.48 16.1651986363461 3.35723761149688 16.4330019589406
7101.57 43.6990706713948 9.25458821307295 15.5136705799405
7448.24 3.62463454474107 3.2803602181479 11.6201024702141
7700.09 2.22242057649733 4.02062762777014 28.405351914801
7858.5 3.94074061022898 3.6388206897322 20.4854794126177
7986.97 8.89831669436123 6.01599906555959 18.1425078129305
8011.66 8.00240379169995 5.67989500380343 21.763694768546
8291.59 5.27617471913286 8.42387690847959 27.6126869044456
8680.17 7.11043111648825 8.98250130417549 18.1818839773277
8833.05 10.5771015814066 8.56948454772531 23.1531079532051
9004.04 13.3930785369812 7.20231713867875 62.6024119455178
9380.89 24.3787529219771 8.96217550486686 22.5450078667018
9436.89 12.0696344110687 4.59909362741768 30.0648131201287
9823.92 4.12577710840448 6.51908089412269 26.0050056770942
10229.31 11.0017965887491 8.28050021605344 50.0674248197774
10347.39 4.41373315970303 3.06663816788587 28.0065722944455
11056.73 2.92698852153222 5.24765318366483 24.8408702271227
11124.82 4.021212404029 6.84856206669956 26.4030893793679
11450 1.5435266441566 3.8874691391018 26.7854543034882
11644.29 1.70564543691779 6.38619819678797 29.1651424831889
11997.36 0.460196772549276 4.95396279586905 2.90634131763909
