4021.48 5.60399854280524 4.41840630271138 3.29280282908894
4028.38 6.51301085424212 4.95914898076974 6.37292035596784
4123.66 100 46.3572685143254 7.31945095283027
4225.21 10.7605518312535 4.89005661255761 5.81009904950861
4279.67 20.9282286309454 8.95256386162503 7.09385872422627
4303.45 13.2276943418914 5.36299219071039 9.28251133959748
4369.25 17.5427818549611 5.98881750229819 6.5769397447657
4378.53 16.408539329034 5.60177703477322 9.3542511380374
4582.7 22.8425575267759 9.67978496033881 6.08537007578343
4610.68 15.934469839556 7.48628337249554 6.99855507357825
4807.75 7.98074922357454 9.88844144337235 7.67365643531593
4974.31 40.1182242589393 9.5189533083661 8.13000700224893
5002.85 27.4793208260001 5.5889647477137 9.28141609574959
5015.24 25.2780348146077 5.16858068242663 7.92148764893227
5049.05 44.5791131015887 9.35516590761863 8.72180884304908
5205.32 5.31883245781123 3.14853646109923 9.71499879790554
5323.87 2.99582202069684 3.11427402443853 4.68019176444704
5399.9 4.44023563066841 3.78537559105015 8.5734465921214
5441.87 4.82044823916025 3.71380193123274 6.86980488256904
5475.48 11.9869892858217 8.86677002322047 8.27814459566616
5583.24 4.52001275919238 3.35481240315295 5.83921348812783
5642.42 4.24370973680812 3.40286091777429 7.91519842505659
5737.78 6.02566982240168 6.09189914110827 10.3003654957438
5974.11 34.938599454349 18.1679954235762 8.64846025068437
6056.03 29.0891486620098 10.4454441186335 9.29213246596828
6151.21 38.4727550489374 12.0719697401069 9.1670692590933
6300.03 24.1463238722986 8.7032825036436 10.5385403847868
6347.74 27.0781818819308 11.2286784325352 9.91597215831553
6467.68 6.25886188215253 3.82967137000125 9.63070882365537
6502.14 7.1428833778165 4.96001876283911 9.69996842468572
6645.77 7.97972128258896 8.66840687050688 10.069176373172
6691.96 3.53028933018712 3.8985424704924 10.4593998224054
6790.4 3.16328309715617 3.43180284029075 18.4296710527733
7023.87 24.5187868905948 7.97551138195404 11.817483635492
7053.33 14.4398056859099 4.00397006656446 12.5487994209388
7082.38 20.4163071182161 5.35912360094478 14.7605132914468
7100.02 36.9973495279573 10.0613903074579 12.3531784159113
7700.74 3.23915315428503 5.80772447364275 28.2169409046428
7856.23 2.97280947621961 3.16257566378123 9.30585324614731
7905.12 3.26170981397053 3.04167045078128 11.3947621336129
7955.78 4.91191583292222 4.12442043359166 11.7087507934684
7986.15 5.74146552298118 4.66122327728939 12.9988862678183
8011.33 7.34222099001093 6.26185050381507 12.4243560023697
8290.59 5.83565669571213 9.58375602556658 25.5306992349088
8444.17 1.52113871607019 3.78200925038116 6.40225535823629
8679.66 8.49189220248273 14.0947658209213 13.8085447173162
8832.36 9.97520678433154 9.59969525174205 19.7221466597912
8960.42 14.1055417437168 9.49389745951027 57.1580318171273
9379.49 22.1494483119686 11.5102429085308 17.1946981676683
9436.54 13.9268242484936 7.69984535667216 19.36230908582
9822.12 4.60674296238144 8.96002387000151 28.4076422660564
10196.96 4.75955751138266 6.20434139188844 17.3486952797321
10229.68 11.5849999564308 14.0640897943735 18.8036371686558
10348.12 5.03307126803121 5.26370510170334 18.5010540499352
11054.27 2.07852348751063 4.05274297455368 21.2165584378527
11122.92 5.20913374669912 9.34834634994905 23.0488573184466
11455 1.63910666860838 3.85183183717655 23.0542386138532
11634.99 2.17556921192929 7.7118702640619 27.7283739685718
11771.2 0.594089169895571 3.05984139251212 4.33233432149973
11998.34 0.484781741505398 5.14502036511468 5.00031944638431
