4016.98 8.4419781666512 5.37897989196573 7.19708134992379
4024.23 6.22474544349849 4.04334106828015 5.06462628391228
4149.33 75.8237232024107 24.7586283690127 7.17516783172414
4187.54 13.5048557360774 3.15878891637978 6.4304545023906
4209.63 73.1352625566121 15.2898616917866 6.61279200667923
4281.47 88.1462042734835 16.4068824472661 7.79994031538263
4319.89 15.4956998651866 3.08295858371475 8.03388681202068
4438.57 7.52397134945547 3.53254238557917 6.19005701516016
4489.52 5.2797027071043 4.0729083638596 6.79614153215061
4591.35 4.60452278948922 3.21271065858943 4.02242437006771
4669.47 10.9906553029319 5.61160230140007 7.48422417865186
4751.55 6.35367647799107 3.41678859919966 10.7814847852733
4852.46 5.38199053634153 3.22061212133131 3.30720807969283
4892.26 8.0180498931944 4.55913244059546 7.24529572114534
5058.42 26.1895786121706 6.75414037558589 7.73799041857274
5074.05 71.1393731798501 17.1644978711154 7.96336062100909
5111.89 14.3268542128187 3.13572560709576 11.9895029393811
5168.57 49.0759867421234 10.7558757770655 7.67762330279311
5249.35 43.7094024404217 12.678771108735 7.83308926403879
5288.88 10.4972678695953 3.64333551243918 7.98610068917424
5377.33 23.32035722624 12.8559206151589 7.47211074906863
5416.07 5.94106187162425 3.73716604958483 6.02570614328943
5591.99 5.38074980667193 3.50699101032442 9.89144372022929
5611.84 22.3904928767938 14.0414460428523 7.98538113852737
5649.96 5.57643370263045 3.32092121823266 7.78033747978952
5751.68 6.58516585344217 3.54444597128431 7.13766243000919
5811.96 26.6683632924109 12.8030781461692 8.36179753434226
5926.98 60.3780923447314 27.5355997246837 8.22644025532918
5966.36 13.1093678748285 6.35081980750903 9.21981046130259
6175.08 46.1375729073109 6.67538107446508 18.9010164053334
6240.43 63.6739258823857 7.72438902853988 14.8167524288865
6271.68 31.4070173826801 3.56953268102317 12.8465465221961
6311.37 45.4657785226096 6.21301657508182 9.09222999959093
6566.99 36.7184515875614 14.1126240045612 9.16761558611142
6740.71 50.6534109721443 6.72080562026349 11.4998412617742
6784.31 100 13.140917977165 9.36438028021894
6822.57 25.705788542374 3.55012810872155 9.97038434281149
7058.98 19.2027845634264 3.60070748036027 17.7504316190943
7101.66 27.1543376461686 5.13881761561637 9.8097253026217
7134.98 43.147397682255 8.42142654069457 17.2979486077656
7471.87 34.335758678734 5.77390440809654 11.6973534201561
7581.91 88.2985406100496 12.4088568125701 9.97449241145387
7620.25 30.687445841066 4.11104302759445 15.5526519304585
7650.5 33.830487433474 4.92297388453652 14.5373603066828
7831.07 13.3238902266691 4.73380834006931 10.1814245490523
8002.44 6.89027733596008 5.42446334339429 10.2602806378682
8062.4 4.83133546304389 3.57513580902573 11.5743710774304
8267.9 15.3468574702993 9.71252121448589 11.3252812739011
8307.95 5.50745599787046 3.54307396794136 14.3093722056856
8702.59 8.76481785632234 4.84018811046403 10.5099783100741
8792.01 19.7452561600974 8.08919924058067 12.3862045351507
8851.85 11.3854714690259 3.94704286841305 12.0932647469199
8911.54 9.72556054242629 3.27644143010043 10.436163322529
9008.31 11.9231947764488 4.34912576315315 11.5119088441024
9098.96 14.2225284973013 6.2708018575241 11.1225350370896
9397.85 10.5473510391693 4.11047769508071 11.3366390405117
9460.59 9.65402654302214 3.62898324385491 12.8502993362199
9547.6 24.6822906522364 9.88140639706318 12.3591800431313
9707.89 8.04985297440033 4.38290452151405 11.6766779376539
9906.48 6.90951889239426 5.52995261024039 14.167610157845
10024.48 6.20048397245325 5.04150083805373 11.4386116523474
10148.75 7.77601964660951 6.33662515485843 12.9289351428706
10208.59 6.03796808380306 5.18507223537192 12.0570446797956
10405.83 4.88689246647246 6.13780538580565 14.3005281815131
10865.45 1.75666215941125 3.93221403539314 10.2219944952521
10876.54 1.38572737511041 3.08778864275358 5.71971077297894
10956.37 1.98351833902618 4.44555633085457 9.99295204967166
11352.97 4.51288493703442 4.85821844726486 26.4854486778895
11385.76 5.98987174985154 6.12913434606478 17.1288648952086
11827.62 1.25926524974377 4.27941877583406 4.7886584828957
