4150.41 80.0675019498945 18.2755473663906 8.79669153690611
4211.69 38.9058093076783 7.67770274760656 7.75428229942281
4282.94 71.2604039578667 15.8742790923567 9.43402543733828
4454.15 7.8618094335082 3.1586350200726 7.67623567283317
4670.87 19.587753839618 9.51682689988563 7.73510799773885
4894.74 9.11017361580788 4.1998993997809 8.66558618511408
4915.09 8.20214711427656 3.73183140025354 6.99641191728097
5076.17 25.5178720920737 8.01412806711303 10.0326931241098
5250.83 12.920620878269 6.25163999173534 9.9202511131125
5292.52 7.06934222895089 3.45274920361325 9.76438492670968
5380.05 32.4843664700382 15.5083536746573 11.1405605546051
5416.75 7.8969192152032 3.87671321689096 10.5597282998951
5614.2 34.2838553295626 18.3654983888816 11.0419895154255
5653.03 7.30418402230536 3.7167009684332 12.1948975264913
5815.63 22.7085926473646 8.67507707556561 12.1110639336257
5929.97 60.900821686903 21.2279620216198 11.0794934319538
5969.36 11.7658329462211 4.44123765725409 10.7836107064431
6187.13 25.347091553064 4.18897753008337 21.1928097714763
6241.59 77.4264013046767 9.86623554035203 16.2706501600233
6314.89 43.1978716840218 5.64902995529951 12.1853262190525
6570.73 41.4782529070661 11.8933489465847 12.1346767579735
6786.13 100 10.5315915874401 14.3162761876074
7105.68 29.8197404867913 9.40497832766792 14.8289225020753
7145.07 10.6655653381579 3.43418590683005 19.4778598077637
7503.44 20.7145123180698 3.13171409324218 34.2181895169279
7584.94 40.4076079313297 5.80732404475088 23.8076142183481
7834.31 14.4090770349072 5.05565049803497 17.2979010417721
8067.16 9.76152077374969 4.57658261019339 24.5657614190977
8357.43 4.02281440127636 4.09180785944019 14.3979768393056
8484.65 3.40222315039609 3.60757332917123 24.9009752738275
8703.95 6.03880750287767 4.20311384748543 13.6187452641479
8810.28 16.6411520531944 9.36097518129751 30.030750062213
9127.25 9.4424447904545 3.91004845025912 24.8191760666377
9236.77 7.54443088571437 3.23593803587237 32.1814834072356
9401.37 7.17406103205602 3.34357859990612 21.6269337444246
9551.5 26.8672676245402 12.8891051011138 22.9755929411167
9907.2 3.89490023646029 3.39510776990056 13.0366042722471
10028.28 6.41569371425659 6.23363235424872 21.095382606818
10411.36 3.25800032072378 3.5397359682132 26.8092592776939
10869.21 2.45927146584018 3.54720110978017 29.5255158815617
10960.71 2.8646891775815 3.91764517502122 26.7790641810734
11393.82 4.67133158467322 5.14307275981835 28.2567761988521
