4014.24 3.77303420872886 4.25093969102471 4.76815678206185
4148.72 66.6369668011408 36.6152212258457 7.71076285725121
4187.3 8.77867979913417 3.96394403275256 6.8066160192584
4209.14 25.7215831680494 11.3318863713794 7.13714899217121
4281.23 44.567378060057 20.4875766185559 8.24623164021614
4440.57 7.47344738304507 5.48024398628188 5.68082484562274
4492.78 3.60434738697721 3.34410833026941 8.42724615321367
4669.09 17.5861556282103 16.2584339209176 6.58701209459105
4687.98 4.12897324041725 3.66872704582658 5.01189092988352
4892.13 7.37048242710374 7.02508159933538 6.03484429127093
4913.92 5.99308472057681 5.39830747111292 6.55789814875516
5057.62 8.12705021997792 4.59972057039831 9.07947547585445
5073.25 24.0679579649684 13.1047170549064 8.60897795322398
5109.76 6.12847667518199 3.31222994311816 10.2230261259938
5167.5 13.2441070136146 7.71775163052714 8.2552812879394
5248.27 11.1522389790646 8.52076445238636 8.66105975656501
5288.88 4.23948407250011 3.51581141171611 7.64545891090256
5377.46 24.7862822864167 21.9987646395565 8.39607935112144
5415.52 5.8639592773732 5.35756136490654 8.30741785075315
5612.81 13.0550334374808 14.8582259825799 9.07127619831772
5648.99 3.04921574972007 3.32733992843961 11.8250224777339
5752.67 6.21124333479368 4.91639095447859 9.03330420275779
5811.96 28.2427600848069 18.5701713167241 9.0931916767604
5927.55 33.4422449351379 24.0805134016815 8.94261143473159
5966.5 5.42516570775869 4.50023199563071 8.27230840249285
6175.08 13.5347973171649 5.40076652232837 19.7130397626916
6240.14 54.9647045747887 14.8418737683534 12.9343165738064
6270.22 13.3573499563147 3.04353100698293 15.7135909496337
6311.81 42.8495996952219 10.7404152596233 9.85577356959129
6443.11 9.87030551381829 4.06783874171208 10.1241062331537
6505.44 7.47960932176157 3.69340479202527 9.77567377664764
6566.99 21.7779008082217 10.5680202527865 9.80834944641356
6741.61 34.2810454445451 6.02272960243473 12.2283585579617
6784.91 100 17.4461934434309 10.6836465034394
6823.78 19.3945741795283 3.53964359603718 11.1978994861347
7069.95 8.12576551914802 3.95597495183363 10.7885801759376
7103.36 14.4403145865684 7.41434236223818 10.8044201088605
7134.67 12.7897527992149 6.85315117207527 18.8675939230925
7472.18 16.9665883149338 6.51586780175321 17.0694813980117
7498.67 8.75129046048575 3.01825781279121 17.9116790714443
7582.07 35.1723074028978 12.7834862232983 11.4144141278957
7651.63 10.0576713405872 4.0331271695281 15.3076012547835
7832.21 6.83802657128272 6.0670843634946 12.7783763180114
8003.26 8.51148963208672 8.0051727556622 11.5588590034649
8061.75 8.93541776043494 7.67439469412645 12.8915031778179
8270.88 3.24794240627052 3.96854037562494 10.6484864157574
8702.25 5.58939609647416 6.56151733671564 11.2794373757588
8808.06 18.8975398431739 15.4419253925014 15.2379091847652
8847.23 4.64832405355255 3.35325242888702 15.085608795458
9007.62 5.23886938376285 3.45766689021076 10.8759049539512
9100 12.6132383117051 9.65309803986406 13.0489472572062
9125.51 4.6072318757477 3.5166516628341 24.7471564811822
9397.67 4.41563747500478 4.2671405939088 11.9180919585433
9547.96 34.4720257038397 27.2808180359956 14.7109897511928
9587.34 7.68068038385537 5.79995199806768 16.857070631786
9907.38 3.19737186359295 4.30981030064519 16.1358064940505
10025.75 7.77496180757176 11.5685478586085 14.1922955747032
10148.21 3.56362235249505 4.87130109697881 13.7255072976895
10408.04 4.50509962320227 9.0748142200145 16.1115252187992
10872.97 1.46260646284413 5.05575670606177 20.5675276571583
10957.13 1.05075128154134 3.499224534051 13.9396653533913
11356.99 1.63031292686348 3.4805537019568 20.9913862318172
11389.02 2.76379923885947 5.66633488632061 18.756324872973
11453.78 2.5379202493172 4.70718284540479 23.5215278131691
11829.38 0.73533652733963 4.6436685076686 7.32534976496754
11970.89 0.337196229718863 3.49972864025358 2.00329928252904
