4149.08 55.8972797131621 19.2844912151203 8.75513330337799
4210.11 17.4289156417163 5.62700274043724 8.13357086336964
4282.33 37.4637273610874 14.1753679042807 9.68048757043107
4441.44 5.64838951357057 3.30949343564727 6.47546369067459
4454.4 5.40218321721022 3.24532349907845 7.66945841246888
4492.53 4.91042620253206 3.18893474094171 13.0215649757538
4669.73 16.6166646311824 12.0910175160878 7.6563296162476
4893.69 7.33811982127406 5.31727865865381 10.5146425562862
4914.18 6.00407908459576 4.32955052932893 7.33646511927418
5059.08 6.34815519772794 4.81326467957687 11.5890366498215
5073.52 13.1012658841198 9.84987783906352 9.81280457442062
5110.56 4.15043891176645 3.0985417330487 9.23173665314243
5249.21 5.42175583745099 4.21765157919544 8.86287229860136
5378.82 26.1953711514305 19.3436499206339 10.9349577986159
5414.56 4.33424617348217 3.31908773993971 13.0066772391638
5613.92 27.3427641447295 26.6549893094566 11.0778085834691
5649.12 3.62751325037627 3.33861438337308 12.7485263456792
5751.26 5.13623810204695 3.56979649314947 9.67178994100414
5812.1 19.8251724873926 11.9281217897163 11.309599093036
5928.26 37.3816466241037 23.4840274567288 11.5736995508323
6176.68 12.4388175530762 4.12271401347229 21.3147459903366
6239.55 59.5299911049265 14.0042354972458 14.6026054800268
6312.54 37.1857222118951 8.38940069797268 11.9486779085728
6444.44 8.66271693758936 3.47614797310245 12.1288384424679
6505.59 7.12241009124158 3.18589262878506 12.9511636940524
6569.68 19.6402224385354 7.77873367713599 12.7706979065351
6741.46 21.8771488621448 3.40435339463184 13.2878289430564
6785.52 100 15.5756940422 14.0976983853643
7105.22 22.1723101844251 10.7901184627586 14.8040641131756
7500.9 15.9590626864516 3.91221166429701 34.8914676942641
7583.51 32.3433839880243 7.96983188179299 21.3882748933956
7833.34 12.2554750370238 8.16023741208371 16.1482029808567
8003.59 5.95396149414698 5.17349534736618 14.6337289348994
8062.57 8.57264139332315 7.45672726117159 18.3844968815283
8354.26 2.86726071841944 5.02051269138267 17.7385226291372
8483.47 2.81591955865662 5.19127037373153 19.6434522327309
8703.78 4.24370157097804 5.31159233092763 14.7663033344088
8808.75 14.2181393088103 12.4836188192004 19.3333384318266
9099.48 7.01140294128029 3.97962889115987 16.0890305949088
9127.42 6.52825054465789 3.7071328956117 24.1066174694497
9235.9 5.95733060144635 4.1843259240007 28.4127612956163
9398.73 4.67846596512481 4.0459325641515 20.4739940241452
9548.49 25.3575675218224 20.2257679391755 19.6931475029869
9906.66 2.51278614307614 3.38600912277236 18.946573284642
10026.83 5.79974638838303 8.82769862055309 18.6956717406702
10408.04 2.80435399464917 5.04000532283466 21.6915672528921
10867.71 1.58653982969435 4.22309464475207 21.1104200571808
10961.28 2.16344695192684 5.52041310356705 25.73560414432
11393.24 2.87514690953354 6.12486897879832 28.1669084503137
11453.2 2.43567786110573 4.8948543885788 27.0820426437967
