4011.75 7.50393888407185 3.50491976748847 7.92599548279122
4148 59.1702207226735 18.1313391090684 7.90135597317112
4209.14 41.9436725763375 11.554059407524 7.32862906697483
4280.49 78.2455489882365 22.8134104259037 8.02940342943657
4441.19 7.78032686194616 3.51363820352105 7.33708611991096
4668.96 18.5860432414559 10.3298195028839 6.87952234282875
4894.35 5.84785160451826 3.11197585138754 8.88517367679833
4911.17 7.15821211729766 3.71455119291829 6.97664109008656
5057.49 14.8300920551108 6.28086892305688 8.11214142010067
5073.25 40.1484807863779 16.6687338946461 8.32455026432854
5108.03 7.81605541079223 3.23869184162653 12.3158867071452
5170.44 9.06340008368144 3.99405380444082 6.86619788045573
5247.87 19.0389297476425 9.96232778357279 8.68625083293864
5376.92 24.4422331562748 14.8376927204928 8.58466805062744
5611.42 28.5995071556857 19.6849040250164 8.84532960838351
5645.36 4.43994337425283 3.03146030072865 5.41533952319332
5750.84 6.33662370617711 4.10539324918255 8.32381472844281
5810.55 24.053442705143 14.1086354440766 9.75953553617001
5926.41 58.9248514218171 32.0992702091682 8.97278256859499
5966.64 6.39865152327904 3.66657788883949 8.55497417829974
6173.92 25.2935305356769 6.77777035422629 19.7992194992412
6238.24 68.3978355867372 14.4092923623971 14.5925553475354
6270.95 23.0372575918137 4.36370298146835 11.0830221813931
6310.34 48.6123322254191 10.316809746295 9.5505010104298
6442.22 9.31746163402772 3.47982630595926 10.6232182669282
6504.54 10.7370539878921 4.56227136003846 8.19716171365417
6567.44 33.9849054102171 13.2796100929951 9.39039180819964
6741.01 39.5967988382802 6.55711461263636 10.8200494528273
6783.4 100 16.4677303213581 10.3266976214154
7067.63 11.4524183299281 3.59282684283412 10.6648401842449
7101.97 31.7851555390135 10.4097913545924 10.9672271417467
7136.22 16.1221684431344 5.43339544972654 19.8541528848164
7481.54 19.1439005285153 4.10792886569977 20.3258195513936
7498.36 18.4489120454937 3.72476472306921 13.5475321952081
7581.27 62.0541970816033 13.083603883524 11.1024555389031
7648.9 18.1687631088722 4.24808813267454 13.8036599041789
7829.29 13.6054639414628 7.44705706725369 11.9517556533838
8001.95 11.6765034912766 7.59731347531514 10.7274782872519
8061.75 10.9314380273644 6.8084807873886 13.166321370044
8083.09 5.56318384666379 3.32565847148371 12.2233664495288
8351.92 3.4052478027474 3.81063180494471 11.6269087806613
8479.61 2.83274517666811 3.70008920684343 7.98865331701381
8701.91 13.3616466055683 9.77622531626947 10.7609341585721
8808.41 20.4375829599243 10.9913144628705 15.9714893549717
9007.79 9.40700596656214 3.89006599028675 11.2227425939982
9098.44 15.0649085584989 6.87507844454586 12.4540506098183
9122.56 10.2314525597081 4.75226135823911 13.5239332681176
9232.06 6.02156987842711 3.33690794245631 20.0256393342224
9396.09 9.96346322869576 6.26081014992133 11.6794867819226
9547.42 37.8275942270661 24.8931890419152 13.4418721459733
9585.56 5.46427997922909 3.5171999629842 14.6535006809409
9876.23 2.95217296991739 3.29341476034866 12.9292016149757
9907.74 5.9365367727308 6.71618366892838 15.1104151676482
10024.84 9.65800006191619 10.7198353832503 12.6801471709787
10149.3 7.34363291860485 7.67949399968955 12.5439190455036
10406.38 7.19757023040929 10.0933787245903 13.2995178607071
10528.51 2.24136318898918 3.83402841103467 14.9012216694209
10871.09 3.78405467078817 8.29760274778484 12.8554250979705
10959.2 2.30724555806635 4.85952446533815 13.9748954751285
11389.98 5.76818390648873 7.373195078152 16.6967418938893
11454.93 3.44177826534338 3.98463988825656 19.6111082303705
11828.99 1.39092403572876 5.39537857111238 12.4347597190226
