4012.58 3.3024048754773 4.34462980740553 3.89418659560533
4015.91 2.86270874034792 3.72239065789769 1.2351453512083
4148.48 72.8778747734101 30.2671907159228 6.91204629954518
4187.42 14.8465894336584 4.83432763939694 6.95639272056542
4209.14 27.487169603814 8.34533462257678 6.67036370571714
4282.09 42.000477859599 13.6195619163347 7.25970742170193
4440.44 4.32994140179672 3.77872137911472 4.23054300532294
4492.9 6.1112826073347 6.74737153154851 6.78809610194185
4593.5 3.0132658279382 3.00129742671901 3.48071976683696
4669.47 14.2681421284851 11.9235124892565 5.91199956371111
4689.39 4.78959521587195 3.78448183113023 5.76711935043113
4892.13 8.96612170214797 7.5447417371314 7.03306961688668
4913.26 6.52894074579778 5.28585948345675 6.09436660930623
4929.86 4.76868050962159 3.67510809363202 7.26901273506064
5057.09 7.66033190111218 4.02898087195681 7.96439923537946
5074.31 25.1147724676739 12.763145132771 7.46418109219394
5111.63 6.02565437444628 3.11230487160721 14.6834622865154
5249.08 14.6371042448516 9.51072931541267 7.42535358583609
5288.47 7.35027239278699 4.84502523867661 6.43219456646511
5376.65 32.0825119970385 20.9059011260997 7.51409088089258
5415.66 9.46879521268523 6.41826988678394 7.86463778850157
5611.28 16.0825662897677 17.6324637717069 7.44774004193823
5650.94 3.70672481649388 4.04579208698914 8.32286683481198
5752.95 5.77990127548036 4.51228835004473 7.08733285958624
5811.82 24.4516155773523 15.2150541987073 8.36199028099327
5851.13 5.72549516773262 3.31020447961248 8.29665458782983
5927.69 29.0365861896692 18.2726560756048 8.25811541981057
5964.93 7.24892342006416 5.23974012776116 8.66332891073216
6174.93 12.5042799951938 5.43495162976103 18.8516566451526
6239.84 45.789086614874 12.5118609118149 12.9259846975356
6271.68 14.766119654434 3.33162560889191 14.4497211886082
6311.22 44.9061697695129 10.9891448560524 8.68321363389532
6442.67 10.6603479603839 4.14656000939259 8.34357976244883
6504.1 7.65092109382665 3.65468224715839 8.36257188234777
6567.89 21.2993883149105 10.3215572212903 8.24673162448107
6741.91 25.2208775955337 4.30825856752499 10.4579476745985
6784.16 100 16.8816954144973 9.40063124639528
6823.17 30.9783664003024 5.4379984557922 10.0165875930006
7103.51 13.7538049339693 7.92228712004767 10.5078293932675
7142.59 7.86369054806227 4.76605573319126 17.1719903164631
7581.59 32.6172459223412 11.1604750168663 10.1524638977507
7620.09 12.6121849453375 4.13912170581881 18.4838685250597
7650.83 10.023963490601 3.47741477004336 20.0498763337791
7830.91 5.87147271899934 4.21772280728297 10.1587537967071
8004.08 5.60294716751721 5.4202175525676 10.0284622894615
8061.09 7.50636202573266 7.05887396442412 12.6805943166464
8085.56 3.59212668707126 3.15099219974828 9.11279313263731
8477.09 1.53859005659887 3.26230585144625 2.9623721019143
8702.42 4.20892172137566 5.18616600460106 11.0519845870131
8808.75 14.0849812154169 12.926398046084 13.7411380955309
8848.43 4.20528283532711 3.4375035923284 14.9155660279284
9100.35 7.19553369054415 6.34248352897563 11.7221791407082
9123.6 3.74338579697789 3.30813883597054 20.3847376829508
9399.08 4.51661619304252 4.34659621624885 13.1335707427043
9547.96 23.3281702894939 17.2461407046637 14.8488839798647
9585.74 8.05637912771601 5.72583937232398 17.3477863006829
10027.38 5.06415482755783 7.92878769036935 14.2669331564048
10409.33 3.21244345335998 6.44481174142604 15.8784069953344
10870.15 1.56466425467289 4.15112123947161 15.7596077773524
10957.51 1.18015819273308 3.02626756955462 13.9642558035921
11392.28 2.16924763890186 5.03802903959798 18.3999096208227
11455.9 2.1298712996175 4.68279113172313 21.5385137878693
11831.72 0.527176566510169 3.07175951609202 1.66306376378998
