4021.24 6.2536162129905 3.1285919543497 8.2137805834659
4123.78 100 39.6042776621491 7.32399968988375
4196.29 23.7727694643185 8.53141064836968 6.71656358536893
4225.46 11.5417890934661 4.09934889843672 5.72153084189085
4279.67 19.8692593443193 5.92450207116207 7.45002307913001
4298.91 19.4017952948015 5.37279983630071 6.02215772240743
4368.63 25.945160999953 5.34462082402466 6.41783632304487
4421.95 16.5629323337738 3.36978955054934 6.41339140429955
4580.81 36.3894486230712 7.3812704511892 7.5558581777359
4605.23 15.884571476549 3.24277645679147 5.54620412307577
4625.4 20.7979648706199 4.40104203776427 6.9279005394983
4800.51 12.6757089412486 6.93582555678994 6.90894744805155
5002.46 69.0644651045567 13.6626735645069 8.86822850930002
5048.25 38.4548868242581 7.41277606827969 8.65331291717303
5252.78 14.2381713790056 5.87535833023124 9.37686781039611
5399.9 11.0475379264197 4.66926631058393 8.31936776321618
5473.55 18.1838735875209 7.98732795255797 8.92743779376451
5553.34 5.98112286035326 3.38714954992808 8.39398591550162
5643.54 8.97247617455465 5.39869353593163 6.99843572745976
5738.06 8.58328706025376 4.90352250294868 9.00731128589632
5775.74 7.39200982724156 4.61371496564037 5.8632358039622
5986.28 13.7790457838805 4.01230685905092 8.52711177116726
6002.75 18.0466599049616 4.64515582518588 9.01258396852427
6055.89 32.4479038189678 6.04196157552375 9.77117995043045
6070.28 64.5443626374423 11.284830000583 9.70890612206586
6151.65 51.0302975607749 8.3640801155354 9.6340520254862
6346.27 43.5835659166494 10.2151360718047 10.5981612089872
6501.84 9.2200360760859 4.04873936518125 10.510876693962
6691.36 7.37269365223686 5.00291891294909 12.496907319347
6790.09 6.25077641079527 3.78762015018467 12.844870919439
6840.7 7.54756611157298 4.55291259166273 8.42944629261638
7017.86 15.7964135572711 3.92206065470134 10.5664063792492
7053.95 58.7112682785937 12.3301482941245 10.8261966945065
7083.46 28.731255184386 5.50948080806374 11.9124051619647
7098.94 26.6122761783834 5.04213269392804 24.4915345757217
7695.43 6.78358113824095 5.75468464577967 9.20662429000004
7740 5.86031076876655 4.70016253702014 10.8097405074759
7855.58 13.6813657551497 7.05645625460327 11.6795994914528
7905.77 8.72040640253653 4.08643965796531 11.978696672054
8022.79 11.3224426051939 5.15076127279138 13.1055514839427
8276.47 5.92798411178651 4.68965146299701 22.187601776006
8329.53 3.83126166379475 3.49056532636198 10.0569365299907
8678.47 9.24850578729548 8.92681762266707 11.9488920464282
8824.49 12.7056435733955 6.48134411610712 15.138877624724
8961.8 20.0731643999868 6.89984515680261 15.1417535426881
9065.76 12.2397107571794 3.79525694699271 14.9664541733164
9378.43 31.6657652726669 8.24363285948365 18.5121062788839
9422.79 13.3443929445996 3.20344334682513 16.9975609091143
9464.77 18.68563888502 4.87185945785173 16.0029540977266
9806.69 6.79903191747855 5.58529181110279 14.5637094456761
10099.48 4.27085807855489 4.40697636958305 14.8628955403783
10226.38 14.0056721710848 10.8380450590801 22.5615718435492
10295.79 7.02027425985296 4.57265881273978 18.657766444805
10982.03 4.19871078744864 4.44498254586765 18.5179164064684
11125.2 8.2222133864673 8.01322854521284 22.6974460113634
11283.54 2.5046256520776 3.39525092030081 19.5216248915767
11449.04 3.73063481365982 7.14218097287935 21.8438622685499
11636.35 3.16670214189438 7.3630936913698 23.6380120020622
11704.66 1.60997697821034 4.2394843926622 11.4549010169048
11998.15 0.557941180869006 3.24402269511554 2.47893240112899
