4125.35 100 24.2928523193072 10.6798039114019
4197.87 16.2542892804807 3.72686288963685 11.627976576995
4281.5 13.3924382590084 4.33195603676728 8.30098708756941
4301 12.3448008907514 4.11953906111865 9.38353661296514
4370.49 19.5147034622815 5.44141449500919 11.0012644698627
4583.46 32.0838421984414 6.40326698576586 12.4605937992164
4801.41 6.99352040095606 4.09996941695677 8.08463458990445
5004.3 58.2234552374181 10.3127541275578 18.8968057031516
5050.9 28.2283434830271 5.03732298482455 12.5546301745753
5253.45 8.33098914293205 3.89737911592048 10.8416382999594
5355.5 7.99015619676513 3.42795195162189 9.57394168871906
5402.9 7.83440759764043 3.21521915165935 11.9412868734416
5476.99 13.836695753352 6.04056007341627 14.4641185184364
5644.37 5.61477332487554 3.5738329786665 10.5437383211465
5746.06 5.6521819536826 3.5663043695125 18.0405875582137
5778.55 4.50884240409282 3.10539317085571 10.2263659027567
6071.15 58.3511691313638 9.82972570118353 15.9300611102954
6153.24 46.5005827318298 7.09379653887449 14.9001661916509
6348.92 44.1268870732662 9.92047806140337 16.457457514518
6504.67 8.52437043442834 3.63309864764537 19.3645752598795
6696.94 6.23584500233086 4.2698194409808 15.7132084455261
7056.42 51.2192706432651 6.14600820543431 19.1776913267877
7861.74 13.4058443077059 6.61508687143033 21.4713878456769
8022.79 9.48318779245728 4.4844728674818 21.8423043372395
8288.43 4.87554731684168 4.09371379259318 29.9863770179127
8681.36 6.57185451011094 5.80260803750346 20.4952122037739
8831.34 9.19884356336311 3.88972655412166 24.1715060944953
8965.59 13.9113052702583 3.58616501368287 32.6810918042975
9383.53 34.3978290101296 5.69710150773832 35.4827853319111
9813.33 4.90179401174071 3.32393438297339 28.5876372953226
10234.8 11.6371523035417 6.20466358522141 35.4616560274953
10988.08 4.00251561658561 3.72175019212921 32.9276599554178
11130.71 6.7367347710114 5.62614675878811 37.0256350593354
11459.81 3.09951266422237 4.66791987984583 35.65835588564
11649.33 2.78834371703576 5.25126978184232 38.1817138716651
11999.13 0.542150645249692 3.45080662826785 3.43662218600548
