4022.32 9.36375097864219 3.72557280846431 13.2028496896478
4123.3 100 29.9725421223164 9.96041097085345
4196.53 43.6253112381467 12.4649923512384 9.37601479476507
4281.75 11.5110294602957 3.3637603519828 5.73032171162322
4300.14 14.9710479568223 4.21410748775867 9.34279306503686
4368.51 15.7459381711468 3.36478803777573 15.764678779934
4584.73 21.1509058703139 3.82088787328524 15.9873105756596
4628.2 18.660720343844 3.39390231418071 11.0937655619737
4799.86 9.37752185853476 4.18015942638076 8.77315989672115
5003.77 53.0484016579399 6.08171089163401 17.3218006065799
5049.71 37.8351647572708 4.40203844541937 13.5145883450796
5253.31 18.5331018087666 6.07618450333671 11.6006055933021
5475.61 13.6338115427401 5.11575273858804 10.8878652657495
5747.19 6.56517289869737 3.03428177119439 17.5754301663501
5773.91 6.10594362372363 3.11332918898689 6.70873160666179
6004.61 20.1050012066404 3.81814328772691 13.1747553765645
6071.01 45.4282385920269 5.80039453099149 26.0856920166971
6149.76 33.6911023394156 4.26461370773038 14.2605589992299
6347.6 45.29362851456 11.3616444613842 18.2708797494824
6691.96 6.91664651273332 4.10891958206974 15.2676221840702
6786.15 6.77830605560404 3.42639173810392 22.5614046039791
7054.41 35.3073473533745 4.67584971007182 17.3157518581575
7102.97 31.9274198162696 3.95395681989242 45.0923393126741
7742.74 6.73904484710665 4.16031557072487 15.6481461927024
7855.9 10.70512897747 4.16152754210481 16.6039501908335
8021.81 10.3418898408584 4.0179245538425 21.6237865175426
8283.61 8.28626271979441 6.11281925728142 34.3827381356532
8329.7 4.88734127282434 4.07296487590218 17.234626131818
8682.55 5.85980048119333 4.32003275338284 15.774591730029
8826.03 12.652106473087 4.44903529547654 20.5928726994807
9386.17 21.3365941738179 3.71272235260365 33.0453530597679
9470.42 18.6250130594479 3.42463539360766 36.470725283476
9810.63 5.6163192145455 3.24631084603934 22.7953754624523
10110.39 5.09718244334112 3.07222814368505 25.548495869436
10235.35 12.550168797883 6.52777499120614 36.4194031171774
11124.25 6.7980139070413 5.60786748415204 28.933594443557
11456.54 3.6128387078947 4.72373252703561 25.381778346482
11646.81 1.9206998257327 3.16317888888628 27.0977138750204
11702.71 1.86114704962681 3.58017122254858 22.3083271676987
11937.7 0.902274723790333 3.75903660498495 1.82558929005427
