4029.57 8.79807608244883 5.26542911652371 5.38308236004241
4123.66 100 27.9986081702292 8.9074379979902
4197.14 76.8851097473033 17.6922781854348 9.12303906804846
4299.28 14.5762462130374 3.75048928151888 7.73741884487117
4369.37 13.4445158904711 3.21979653984541 16.0007053124718
4627.05 23.6294583169151 4.46970231325457 9.46581829546267
4947.94 30.4800479401714 4.67971878778908 11.214224330567
5002.72 44.4409250844379 4.9659711450756 13.2804429279004
5048.78 29.2887535561435 3.46892740725301 11.8357927527459
5253.58 41.7139138486476 11.973158263875 11.5240644916421
5473.14 11.1779654448292 4.23069827481334 13.444739215046
5774.19 6.55642326600398 3.26971662224209 15.73471513403
6004.32 43.9573598439413 5.39452982294311 12.67983653584
6070.28 48.8156605242612 3.74477371600899 25.4194825184413
6151.5 39.1261039170302 3.01960802401184 14.2874230390908
6344.36 69.1237612001332 11.4857752896655 21.9186906275299
6789.79 8.05284081372399 4.19446765655312 22.3642735086787
7055.34 31.634753928099 3.36280266012315 16.4957200599738
7115.36 33.7108237570834 3.34876532770517 46.5624540111676
7182.31 30.4189601306461 3.11615652252647 29.7751067861846
7742.58 15.447335627939 7.87515024467694 18.9359827308426
7856.06 12.1178543001043 4.32821479069078 19.9215290161828
8022.79 14.1225847930387 4.80112619690276 21.1539609141291
8290.76 11.3448798020406 6.32397673268668 20.9906392534103
8680.85 4.39589239488342 3.18139573599027 16.0418147814071
8823.98 13.1599413845886 3.60762355397835 22.0780641507354
9140.87 14.0333685160539 3.30352019495574 19.6392767525558
9466.89 34.9028427033891 4.5254460638419 38.1501159618419
10102.57 8.94590431468765 3.41267504917455 25.1333940624991
10243.76 13.9991976976238 4.74079400479651 38.8907783991726
10591.14 6.19899826817663 4.17396486092922 28.2222310670295
11119.32 8.48942339739631 5.14077472805053 34.6532581397732
11454.62 3.51873543102403 4.00892576695301 28.3615686365938
11702.52 2.38382514610557 3.86840698824754 37.3538842326525
