4027.67 10.9786496275608 5.39403292728555 13.1520930526731
4124.14 100 36.240780478255 8.19612610427976
4196.41 37.7497223880039 12.5994202566547 8.6358282425781
4281.5 10.6212035854948 3.09266157065323 5.91247105427647
4299.89 21.0271574285245 5.6706664537558 6.99987957574467
4369 21.3349828338759 4.01587108200098 7.50085505086736
4582.2 34.018490566884 5.04414040686472 13.731091665064
4625.91 29.7797681017844 4.59828480839351 7.49641132466422
4801.28 14.2948828926602 6.30676128912711 7.23418732591472
5004.04 57.9518189485003 8.48605429915501 10.9802824578201
5049.84 46.4327275624709 6.72351353636695 10.0572829287576
5253.18 21.9357178553247 8.71171528786882 9.94714875599948
5400.99 8.8387098059179 3.06957892912377 9.64413415134823
5474.79 16.0400468010494 5.58668989857467 11.9580696233652
5643.26 8.26062547243965 4.38296267752092 9.94945661426482
5740.59 5.65923555448244 3.2698180112481 18.8416072942955
5774.61 6.09006158054414 3.87098848274696 12.9916978136289
6005.33 23.0344970826582 4.7806102498861 10.5563138666475
6071.73 44.7619047148311 6.2378429837905 12.5068190982083
6151.65 37.0911705296799 4.91768295255784 11.1072384244426
6347.15 46.7551389650675 10.3695063226551 19.787747204763
6689.1 6.87919772003593 4.39121112356046 16.5262183810573
6790.4 6.08480809964875 3.5985253716638 24.6790171626808
6842.37 5.13722263085284 3.01776193089144 10.7430660185519
7054.72 41.3159435055034 6.86411050567283 12.6489698747309
7104.67 34.1589312282518 5.43097483081751 43.183551536551
7698.81 5.29992097860144 3.57738107037004 10.835198314373
7741.93 9.00150640854378 5.60803356988069 14.9095636601114
7856.71 11.861008546425 4.39784837273174 15.0161714558453
8023.61 11.8034082558772 4.11887387204453 17.0980673359827
8290.09 11.5959052007898 8.88209445189713 26.9606224238578
8681.19 6.53339398794254 4.88526611153358 15.5879380338974
8826.2 15.4194598014524 5.45442822685411 17.5628198701143
8962.14 14.6929091187082 3.71361046835814 15.4257497636954
9380.02 29.74891854233 5.34129973472815 28.1238611337249
9467.06 26.9012512128309 5.07180481891485 19.8760623842791
9810.63 7.22162911831296 4.61775631876804 17.83810982861
10101.84 4.8140597484251 3.59911877633922 15.8188241561147
10232.24 16.3467363083008 9.8211354160256 30.2737711352001
11121.98 8.33948343075599 6.4476147630861 29.0905091394416
11450.77 3.7891618221519 5.34567790338606 24.5531323500927
11642.55 2.26645679907783 4.05800968333671 24.386142718995
11707.76 1.93506769883698 4.02519772252565 24.9529880492846
