4021.01 6.09203187471208 4.00272928559844 6.097389420127
4124.26 100 33.2601876102825 8.80713707530685
4196.04 11.2293893764133 3.18064128505394 8.1242572352312
4226.19 11.5572583625095 3.43395429446833 5.39325098375321
4279.42 17.3807237032551 5.55665812957038 8.30052101311867
4299.77 14.8178909947514 4.69895075267581 8.53370423429078
4369.87 25.7208558452587 6.58234253034907 8.23460195765892
4422.7 15.8803385756836 3.88133463618035 6.36226036380958
4581.31 40.4160763802528 7.69469219462291 10.2112106147806
4604.98 15.5973428662876 3.02914375401583 9.3819130582342
4800.51 9.94782388209011 6.44176401364684 6.93791151769165
5003.25 65.8364797933548 14.2022811791739 11.1673696515445
5049.71 27.7322491838241 5.93578275425125 10.8654001635186
5252.37 6.76833858784233 3.67431855611357 9.23018778687128
5402.22 10.4401791506954 4.45087865330842 8.96001145444643
5476.03 15.4392317380702 6.80542098942514 10.2153375166308
5555.69 5.74470634169172 3.44950136969415 6.14905862273463
5644.65 7.09649566066631 5.1980165123213 10.5888521613388
5736.66 6.28180040057887 4.58289838353458 12.7771044086521
5986.85 12.1397587068498 4.82917689431724 8.50475272773929
6070.14 59.7553915743565 13.0769287748806 11.7455591328026
6151.5 52.8338345394647 10.9787363757307 10.7421940105896
6347.45 42.3708900583806 12.5375940688458 12.4255622958153
6500.95 6.86723877462206 3.53273421813005 13.6187186987627
6693.62 5.78032147481933 4.84980892180447 16.7331267699847
6840.39 5.4270274869079 3.53615345191755 14.6502043803266
7018.79 14.0377263969696 3.39203678792705 13.1308894024378
7054.56 54.3163147779791 11.2920927117337 13.5393518027831
7085.16 25.2059721808254 4.91359341838668 38.6692534045824
7693.51 3.3841637514385 3.66885137743264 9.72987066432233
7857.36 13.9435913493992 8.62861187629827 15.5701891900235
7905.61 5.88895850839313 3.34938710869324 14.9528748558132
8023.61 8.74988703585895 5.14060037616542 23.2433210437557
8275.3 4.30783912412446 5.03594026274584 24.9009833437831
8678.81 7.52551430782903 10.3036258156292 15.4280996808593
8826.2 9.06285034078633 6.26445331977403 19.0850001494346
8963.52 16.323564852214 7.0251276371195 17.8716994674669
9066.28 10.8798633511791 3.99269014742996 16.9935982466486
9378.26 32.0878077523716 8.80088183863264 22.1388090115543
9423.49 12.535314032261 3.19818280372576 25.4354317790076
9807.76 4.77984018563129 4.96584313141159 19.9480903407512
10228.03 10.4578267646826 9.33499768644734 27.2797981413169
10294.88 6.62326910943204 5.23659128362021 22.657578520475
10981.09 4.26506741264623 5.64822926043795 23.1156808313481
11126.91 6.363762706497 7.70428625659277 27.0497433002874
11453.08 3.13531341946968 6.94374853301623 25.6780009931608
11643.71 2.28983218636592 6.73678666169223 27.9591618872128
11705.24 0.945783763783635 3.23955023663085 10.4737670618943
11917.51 0.426436648271071 3.08936367755109 1.04579250604183
11999.13 0.294097744633486 3.03654612224341 2.15965072671679
