4210.72 18.7403936343388 8.81630502413544 8.1121440004963
4219.11 7.38354389721126 3.51735337562272 1.22091435763377
4369.33 24.0344181468588 5.47582442399797 8.54502605042853
4421.03 24.8456572798598 5.48326945607509 7.32031074370207
4587.68 20.0326347654301 5.62929014629077 13.7258851369234
4633.83 14.6988888191265 3.69672187708997 8.51451091249874
4676.49 14.2109611364678 3.80032049030918 5.30173740555711
4910.65 7.71930052121444 3.54816044398653 2.74616893459279
5058.95 52.5151030758267 12.0027559824672 10.8430046710791
5251.37 18.5533051564927 4.34143255117814 7.38766379358094
5283.74 25.2587982276599 6.14265853128492 11.1589520130419
6143.61 40.7569168573488 7.07646630341984 11.2538467941267
6187.13 29.1735793305001 4.38499540931724 27.4107512399969
6274.61 36.0835041196618 6.25419925620482 11.2942255624075
6724.99 7.15131440348882 3.54866839663131 8.86807223084543
6754.92 14.7027442028539 7.49505778100361 10.4308341301003
7065.31 12.786302551795 3.78173040654621 13.2290220689056
7149.89 44.779538270762 7.59087324784215 11.5978703022629
7269.32 24.4838356209967 3.8186457025844 13.2056612229235
7587.02 100 18.8690782995544 18.5185127235354
7640.57 25.5185601295172 4.14972724670332 24.8000013365527
8133.11 5.73071057785606 3.17961265770224 9.39076833902436
8189.22 5.87447742461539 3.21604170417938 11.0586936512809
8288.33 7.29235041332766 4.30474627213833 11.4444029574443
8422.94 6.16305045340138 4.46538464211564 13.1740981104467
8818.66 7.31549819694423 4.39442877079564 13.2115619573633
8959.69 10.0407943534257 3.34862860261005 15.6190262432938
9062.58 25.4911132205359 7.50046132177664 18.2399065909631
9389.76 24.7355288357613 4.88943166121325 30.7052371152513
10032.09 4.30654867151383 3.43869249062955 4.54665441879661
10213.71 8.68398230474041 6.2815640763217 15.857239568204
11131.64 3.21532482692788 3.17592560990108 33.1895305438884
11689.79 2.28038766773187 3.88748361657746 7.35846632301946
11699.69 1.84564833601906 3.14080641675762 10.4957050943758
