4212.67 55.1722900424594 18.1751462573664 9.65130150918776
4368.84 20.1036099496179 6.90017897255186 8.53511157272351
4420.41 8.17404101097176 3.41134164371973 2.67903737304368
4492.03 7.2006311708743 3.70334704182411 4.60904479320925
4587.68 12.2612030712601 5.19491399998061 8.82773021927915
5058.95 75.9900641062331 20.5295261491932 13.1273486178734
5284.01 19.4712120913192 8.019775242515 10.2224488092679
5805.47 4.92721964052882 3.20901447135596 9.12782597565365
5857.08 4.6514914590019 3.34910951644463 3.71598895011084
6144.62 49.0698399434686 10.9995841016477 35.1549723753114
6274.76 34.3945280678262 7.7387100253324 14.8298363535396
6537 8.72026248955741 4.71722884710761 9.58725484591287
6727.26 14.3620071535649 9.24532169389898 17.7350366438395
6754.92 5.62193069412193 3.48263624407125 7.65605320108898
7149.42 11.3330873441645 4.30393505599041 8.35851335982079
7251.8 19.830025020846 7.00518031702068 14.6104753540303
7337.07 7.93513600877149 3.09709750859414 17.0105143928231
7588.93 100 23.8033396103725 26.3667336976387
8187.56 4.57994901603099 3.19619253710124 14.4009445693082
8422.94 4.26403731865217 4.04052610239041 11.629242807825
8817.63 4.79577152877349 4.40611385845494 15.1597683341479
8915.49 3.72833422394289 3.16809390833068 13.145373286241
8957.8 6.59530890904762 5.73128890705288 12.2337890347571
9060.85 6.2557041227118 5.48934136856444 14.4872725889418
9388.7 14.1958724667723 12.4452140045726 22.2006428471122
10084.71 3.34117648365302 4.42446424775534 18.8489184432765
10214.44 2.57461091040529 3.16951364173174 5.20317862074626
10321.59 4.05995779853031 5.42267976484029 32.0179100508285
10578.2 1.94661069484707 3.08842035721693 4.91879833853818
11118.54 1.78623354058668 3.82216759694918 3.23695033252079
11136.58 1.5978065559391 3.3610932938475 3.16561972592899
11785.88 0.846348978932215 3.10784346484147 2.23214708192972
11795.24 0.924308499380859 3.5050136502628 1.52689764458046
