4151.26 4.90710790364753 4.03536777944452 6.53254293022019
4215.34 25.1463951272632 22.9715471979717 8.13195924143747
4353.4 2.95668320647669 3.14052525157778 12.2906465013648
4371.56 10.7211620695733 11.9033431412501 8.49506556207416
4386.53 4.12806401016763 4.70949293881501 11.2721128577623
4494.03 2.90967288256183 3.72982560012889 6.49243724729968
4842.2 1.44320721638087 3.17817305064774 7.59981888171933
5062.39 42.1668147561445 32.0055037422839 11.4173585481558
5255.95 5.09459644217024 5.37119748109497 8.26251504431912
5288.06 9.88350686091295 11.2903017892587 10.5951225952176
5411.7 3.72578318229321 5.5646435468262 10.8868168654644
5604.2 2.0902844780673 3.73771833921472 11.8979564549118
5636.59 1.9443992913465 3.49286439173254 10.9065891288119
5708.9 2.04446083781392 4.03853620363075 9.45228334666444
5803.63 1.84558833933254 4.43050289772764 14.6754776018588
6148.83 23.7666902227681 13.1574512013441 13.8287701266336
6193.68 12.0299593326987 6.03916400779782 25.315384550323
6280.02 13.8774473913287 8.34114384404161 11.7282187138399
6499.64 2.16574434162666 3.24764272403204 9.86656333920473
6512.58 2.52159024732552 3.85228943401875 11.7767629803157
6542.96 2.15836178169283 3.42278224932508 12.0321354091539
6731.79 8.11095912218442 18.067102511933 12.3803841547497
7021.96 1.87842223977823 5.08001572884448 10.4046195363853
7074.43 2.25289517816465 5.02660589230935 17.4680605734784
7255.86 10.7513462586903 10.1818816252357 13.9365143370578
7296.1 4.52436030405025 3.90846290853667 23.5245427122682
7341.32 5.60411442628865 5.02068507505181 14.6204100127425
7592.77 100 38.2967850610609 17.1463799505755
7647.78 11.6092406773297 3.94054008400815 25.8179892243861
7941.06 2.56754700000608 3.03566472083699 16.2081857147041
8323.76 1.39425419875105 5.17689769046173 12.3146917568847
8822.25 0.793459689445985 3.81789013600419 16.1222861520146
8924.94 1.54255370355019 7.76871423100128 14.0619316551074
9234.5 1.24159898845481 4.10428742146564 15.1838076218755
9312.51 1.57126778069514 4.57659382385558 16.0058702935912
9396.26 1.44553015735844 4.24499807660236 36.6107542230129
10097.62 1.32679763457228 8.49306823381671 18.3612960698865
10147.84 0.534184901075149 3.12388585649575 13.126288394591
10328.2 2.76558832891097 15.167126102542 22.9540430930028
10861.88 0.423432334421807 4.72182022092526 7.50354776477798
11135.06 0.431223120431633 5.33565894555674 22.2346029346427
11155.97 0.262280428021608 3.04379379989904 3.80364253049447
11777.89 0.245665818980603 6.11287267575429 4.25295845667279
11791.93 0.203111546842241 5.2965493989129 1.88729175297522
11805.38 0.123504633498652 3.34192963244835 3.57378597867319
11811.62 0.114459577596578 3.17083061578209 1.11768621664487
11820.6 0.134182394233024 3.88186256802476 1.25368899544083
11839.73 0.101992188644053 3.07801048302637 2.32280778823588
11857.9 0.0987050494048872 3.13251981485818 1.6482122989637
11874.71 0.167881825429082 5.67152481083102 8.6259811150212
11883.31 0.167290497874004 5.79842698529328 4.23273755147602
11890.16 0.0867279360138777 3.02293807359382 3.03024088055281
11904.45 0.0995149044489193 3.64718857306793 1.51857041186668
11936.18 0.0751828093432134 3.05534394363008 0.941183813156385
