4072.67 10.2498292437113 4.1921965426057 7.74852663364118
4214.49 34.7770375726525 15.5189080292302 8.5857396586598
4369.45 29.7385945005827 8.92130065529028 9.2932900633441
4424.01 9.70084265851298 3.19528707521302 6.66483846106985
4597.68 14.8527054885929 4.30291795653661 12.5452728801783
4637.26 12.9661260389716 3.28895719911804 6.91630014680322
4680.19 25.3719044862832 6.77595938191025 7.69062489441876
4723.05 19.2192622127677 5.48501771799006 9.83961795653795
5061.33 67.9814418984821 22.0002228108491 12.4060685398899
5254.87 15.5712379186041 5.71315064355217 11.3532723799699
5285.77 21.2148709534452 7.86643283215001 10.888705127335
5799.97 4.63056111101019 3.36786280908752 2.618465767212
5802.93 4.67712645884284 3.42891122655745 1.90164455786999
5808.29 4.57159198053236 3.3896047797886 6.09434226099529
6147.38 41.499548553153 8.15973886845929 29.1020312026503
6181.9 33.6395325844879 5.85163782575604 27.0382623977184
6277.1 25.1640477330367 5.02783927234828 17.0025933738561
6541.17 6.22493832406566 3.78445762303247 10.9354599282597
6729.67 10.496758564156 7.0292816736316 12.8201725849094
6755.22 5.76663371394285 3.8782402295973 11.3887504897712
7069.02 7.82727722104049 3.94349299491307 19.4505133731473
7153.46 16.4734379300464 5.28252078951539 18.1829511244268
7254.77 12.0571280923297 3.76293605112642 31.6327224092138
7296.42 10.1036323080006 3.3899313144881 18.5027767385409
7590.21 100 28.041461011552 20.1386378881425
8137.06 5.61621156016602 4.33703428560965 14.3841532245569
8195.33 4.2329637235257 3.28332705365725 14.8062020593898
8431.98 3.58206820903716 4.04284159717943 3.55240670995045
8821.74 5.38669157958846 4.24850973649451 18.3173815325645
8960.55 5.23265397564844 3.2751583447192 21.9930663611376
9066.22 8.63269039043353 5.36495166608039 22.7938105512112
9403.3 17.7112216517654 7.73103926081588 33.635433534635
10098.52 3.03894407387308 3.6162818643148 25.2591254629588
10218.1 3.70845786923522 4.25542525415594 20.239203839421
10323.43 5.86394299440128 7.04743359022857 29.5438832354703
10867.71 2.00870980883104 3.70171746673163 14.4009458735291
10878.8 1.95996243824427 3.60702223865708 5.93956764215
11133.92 1.63879723080603 3.286542627763 13.4714793306357
11140.19 1.60242817557724 3.21579994350083 3.95572834925588
11446.85 1.29797218772013 3.07177410545252 3.64458079772339
11773.02 0.768467051065671 3.30382805164271 1.16745860534866
11781.21 0.824188569071315 3.6539044106495 6.8709651178433
11788.22 0.854938740838673 3.88881042497984 2.64136572149073
11794.46 0.732198070694235 3.38742513777292 1.96971967243007
11831.53 0.600657372407194 3.12533150655709 2.19356251794306
11862.39 0.715667249929163 4.03890496735273 1.26612520886374
11870.6 0.738631314421897 4.26044993347616 1.8086237336156
11878.81 0.603090365529959 3.53732474988797 1.13476741097475
