4096.51 7.20164174303883 3.19865866617909 4.02671217757597
4211.45 41.4603296066005 18.5576228811919 9.13170212329533
4299.49 10.1104438288936 3.09683090396953 6.70594991037615
4369.08 29.2977889839412 7.05876266736969 8.09386494127557
4421.9 22.362821589461 5.77500457742958 7.7512951536437
4589.07 23.5961338721737 7.24907600156621 11.0899770083397
4632.18 15.7838203107854 4.06724676792298 9.07950150550914
4675.98 22.1272419070696 6.092885354649 8.37219691053269
4718.31 12.3023461908666 3.55497297420523 10.7282013638569
4911.83 4.85725320578668 3.11203823677095 4.63517439140742
5009.29 8.78070548884558 3.36004674515498 8.16524149027828
5057.49 55.1926241349122 18.8392540611976 11.4463479161732
5252.04 16.3756687171406 5.91183458893523 11.179323844357
5283.34 22.7876157235139 8.34737944446136 11.2580897879807
5605.45 5.46467909680141 3.27895166075621 9.89624761169125
5764.9 4.42905886778673 3.66175203568903 4.28400960904037
5802.36 3.90347950972097 3.48480383329771 4.46627049994913
6143.61 39.3883283233073 10.1001138470513 28.3644096995313
6177.69 23.7600849921768 5.51299714186104 25.7086460580031
6274.61 31.3671991368721 9.02332169069453 11.4218444960798
6537.89 7.05870022702988 4.93206849065002 6.34455894556959
6726.5 8.83719511605793 6.62951645959966 13.797757704082
6755.98 10.4439061567475 7.99698327612048 10.4244389718815
7061.76 11.0726662024368 3.82665121075686 16.3966642651876
7150.04 32.9859496389525 7.15773123053592 12.4261939239104
7177.71 16.2399421437258 3.06674558339444 13.5994811384644
7250.86 18.53023472495 3.7660430510887 13.2876384500278
7269.32 22.2560191030401 4.64010981023102 13.2107153419756
7587.02 100 33.0307058014846 17.3513197785114
7639.45 11.8289600839687 3.44966635484599 28.0560767769266
7969.93 4.74636642127704 3.52171848400869 13.3472975869636
8132.94 4.04704353443819 3.16025048012207 11.9604145760741
8191.2 4.38924999916525 3.57467031695353 8.70179803237534
8288.66 4.48670239759887 4.21270401102646 13.708152103578
8424.78 5.65193421880892 7.51931652761232 13.7859704115745
8769.15 6.78998778355038 5.0961129521098 14.317914089459
8818.49 7.71292423443172 4.39571909197823 17.3864150586815
8958.83 7.80334601640324 3.20378089562613 14.3677034903594
9062.58 20.0486903001022 8.68471020965471 18.285418652089
9392.04 20.6675363767977 8.641129346462 26.5640686606876
10160.24 4.98897540624973 4.05451403579541 29.9369727780067
10211.52 5.49948068496511 4.62207373023965 17.6949476323534
10319.57 3.996539973458 3.54262624572638 20.5523568798453
11132.97 2.69431379200976 5.28112611026293 29.974601517366
11369.84 1.58180437765907 3.12181073893338 4.33602366083505
11689.4 1.75736915469646 4.7020325783604 10.5661114387131
11704.35 1.1477523461247 3.13044021516603 2.05302171084986
11810.26 0.959391667854107 3.42978261163845 2.09007898187701
