4149.57 15.936110899444 3.39772422796187 7.96519019091465
4213.03 52.7901878397434 14.8838100510745 9.41490096293728
4369.33 13.6872706353732 6.17357415702862 8.01266943421797
4385.17 8.5441806716151 3.93246076431832 8.34091068024827
4491.15 9.48070238747439 4.4963414759334 11.1779428270593
4549.43 7.1761673491581 3.10936868908309 3.76662891644537
4679.3 8.20634870533778 3.51176246329417 9.42765617876921
4720.48 8.35491686414075 3.76699354385577 3.25721285273085
5059.87 100 24.3551600591927 12.1255851862988
5284.15 14.5806263119243 6.75922475220237 10.2750250841818
5411.01 13.1515459249562 7.16124815305205 9.4957607596989
5424.81 6.29828629266168 3.39784869674349 5.27209302875326
5607.67 5.06258352422148 3.00350192719807 2.37855865018446
5707.36 5.01050164320778 3.23886151744463 6.68781493030929
5942.52 3.72381192639149 3.45133261552746 1.94696129089334
6138.25 58.6274303639867 14.3483544395434 21.4135317780629
6277.54 12.9417063239666 3.1854685116007 13.6044496272179
6509.9 5.71010882556862 3.23151796299304 14.408325393315
6728.62 28.889706840787 18.8877288467887 14.4828687719437
7256.02 25.7331285907382 8.30424320036135 24.7055853718775
7341.32 14.649288874205 4.86039401348042 14.9080161140519
7590.53 55.5227384739084 22.6731170828133 22.072517449953
8426.12 2.03235998474504 3.01844390780676 3.44502164589903
9061.03 2.93471263909656 3.93326923833064 13.2674391312285
9314.43 3.67371181737967 4.01410943825356 19.4987577207557
9389.93 3.37858423925809 3.98783962780432 23.8141131399334
10094.16 3.45555058179639 7.29594324885758 21.9468105397227
10114.35 1.68337052652303 3.30241496153194 2.47313590312478
10324.34 4.46148843553927 9.23774249430993 24.8335901048722
10379.49 1.59509537494289 3.06455470950621 2.45418908294232
10687.8 1.28090907966767 3.21311458566702 1.66618494980139
11657.77 0.725822168267435 3.10486624689259 1.56200066112433
11782.18 0.551753472040509 3.05560162894035 3.24938448999637
11831.33 0.680499572763419 4.31123575438665 1.495888876756
