4218.14 100 22.9381219325533 12.1666312131611
4374.15 21.4025248147097 4.38398524381792 11.5950705097875
4595.4 6.70575567626928 3.11313371295763 12.4613964260125
4637.01 8.64117544925709 4.25204379399206 14.8893901235024
4850.25 4.89142710507293 3.45482297427402 13.1006621599072
4954.35 7.86874212619618 3.58333754395308 12.3356793598887
5064.77 89.0212456747969 33.7459809447392 13.4676233596247
5258.24 37.0166460373505 11.5252148963794 15.8081435255745
5289.82 40.9413740585096 12.9182685705179 16.2320714921079
5608.78 5.96328193246684 3.9880823590311 24.1543985707258
5940.52 9.81394119033072 4.07891027516664 14.1836728722819
6011.59 41.4742251652998 8.1462501139972 15.3857631486571
6123.93 36.4400024850867 3.96245839801667 15.9577237778594
6166.23 48.7087529732305 5.0236310041988 29.5387992721962
6285.44 30.541533072851 4.75501520205105 17.3976690996142
6344.41 29.4944251189823 7.46591982224611 18.3660965098252
6549.97 3.62693327667665 3.07841894889534 14.2185545253897
6578.65 20.2086399101974 15.4347243079587 17.1226233665229
6736.17 13.716255550134 6.6745703000703 17.2282195564267
6801.6 8.53123264853815 4.69696361356262 20.9154693684022
7199.98 18.5500279090164 3.42193550018218 33.5112328626856
7261.34 21.8742519657645 4.2926640774619 29.4006299197536
7607.78 44.5139022679467 20.6292014824412 27.7503014693566
7751.59 13.0210874076409 4.57018754377538 21.7275349941237
7840.63 11.1438296123727 4.61764738061682 38.2292596225861
8031.91 5.94011789430737 3.74570298105578 21.1873484724292
8440.86 2.19408642308732 5.08885848016297 22.4259384230518
8532.24 1.10622174547562 3.40441384686885 13.0530717719776
8826.7 7.59651017713572 3.14060509055905 44.8838335921537
9405.94 9.81342603996736 5.1097893862421 32.1311256429126
9478.42 8.7680781719729 4.93323636198423 33.2576010884495
9910.99 3.95045108681134 5.53631293182129 36.9756397569236
10595.85 1.68967947454357 3.12552851272832 30.0033803659771
10889.7 1.16410947730868 3.81287490779585 24.4233697566469
11132.02 2.24920868892977 7.53123265337942 34.6723511476303
11417.44 1.17160575459535 3.67516746061894 26.6454467988387
11716.01 0.857173453196577 4.11560855069494 29.9674975477228
11872.95 0.454657234669358 3.22182290027542 3.47963917558263
