4197.85 52.3533729074878 11.833841706759 8.79923217099258
4213.27 100 21.2986182167593 8.99409672830461
4285.64 19.0814581024843 3.33839058752326 9.02923976375496
4369.58 30.6458415483162 5.49333287028182 7.96590465837107
4423.02 16.8486217124051 3.69903907799709 6.55983648574238
4590.21 22.5553474376066 5.40093260399768 9.78071748222737
4636.12 30.9318205086514 5.51946266547228 14.8551316031526
4678.66 24.2726682545792 4.55394139614132 9.3282348528619
4948.45 14.993308136753 5.49481702357707 9.25161932843639
5058.02 85.8740119585626 21.9929657578204 10.3227756200831
5253.79 49.6714381757964 10.8736929854518 10.7107008787934
5284.69 55.3878352360808 12.3451624019577 11.7894717806339
5605.31 9.85713300672595 3.36529792177214 22.3061833549109
5768.69 5.37459990123902 4.45212131247604 12.3916518533997
5933.1 12.6852291772774 5.36664914212891 10.0500042891881
6004.42 39.8343169437048 7.76669475532697 11.3575079019856
6116.41 39.700366768284 4.03133686543738 11.5770200412526
6160.28 60.7428156011833 5.83149933866571 26.8975508041885
6275.93 49.0577082869289 6.16640448094278 12.4595057840779
6337.8 40.771686716834 7.49886113748513 12.7456784058813
6541.77 6.46140108426029 4.20888995509974 8.34292269897469
6573.42 20.0768639770986 12.6898114127208 13.2570972687909
6727.56 13.1625740169813 5.33530499056114 12.445671298331
6759.01 11.5935900440837 4.51484036712139 15.2802212724509
6793.56 9.85516737911602 4.32067079754934 15.9654681145057
7151.44 41.7716987545256 3.7069049459476 15.1805307811055
7180.05 51.3502916309872 4.06538837331357 28.5193449968237
7271.35 34.6165279622209 3.13399647331133 16.7399514423569
7601.07 46.1179014810439 16.6293441354476 25.2987848109115
7821.52 13.108234160441 3.14833415692632 30.2948954465255
8021.75 9.68418538472214 3.39537922630595 14.4751808236842
8290.98 8.65017125318049 6.20980114601182 18.5097498057748
8427.79 6.02420511073175 6.9333660768347 18.1400920143788
8524.33 4.53279836100976 7.4743055978112 15.4031519679666
8563.76 1.81628383691757 3.35325735808143 8.84934578223874
8572.87 1.62550510251613 3.08586561110324 6.27956959248695
8821.05 17.5994979842952 4.55392196376811 20.9585882064857
9063.97 22.3831659538111 3.34293240749842 23.1292929163974
9390.81 26.101884536089 4.87253341316955 24.6316281744275
9466.23 21.5842149445026 4.27089008533684 38.9530992287291
9903.24 4.66258068175112 3.44768243389306 30.6116173241135
10216.09 6.96054141729062 3.45025840009258 45.2255970545248
10580.43 4.49542407429351 4.12316375970696 23.8637272939723
11119.68 4.0065265328913 5.14070216904908 44.5367970198786
11699.88 3.21771915318158 4.73948487400735 32.1262156263492
