4147.76 16.1493766771687 3.05560079057164 6.66816972515517
4197.36 52.0641366637508 10.8486693271785 8.28981421820754
4212.42 92.39016315172 19.9169403672611 8.76257976168017
4283.68 15.7949625627853 3.27114580998236 7.08056356548423
4352.53 19.2698906950713 3.5177714699304 11.079929986051
4368.96 36.9291961372859 7.03217248477869 8.11420991446448
4421.9 14.3914954020216 3.45877620057 6.92023665119177
4493.03 10.074063904655 3.88030134971484 8.66839704347422
4589.2 25.0225663502126 7.14524733546717 7.54168916180879
4632.94 25.7003186649728 6.34113791186384 15.4951116419024
4675.6 17.7643157151395 4.67882136568446 8.61020064770673
4949.11 18.2060871138032 5.3946660504358 9.98746183935873
5057.89 100 23.5092942515133 10.1017866009606
5252.72 44.1854237925851 9.68807566992861 10.4033072036846
5283.88 47.8532285102954 11.0454781518976 11.3597365291571
5602.12 8.82150667605837 3.37373942115502 25.3508772647456
5931.82 13.228665566348 6.90296881284794 9.11082322252696
6003.85 46.4953089848955 11.2591481502337 10.81148237245
6115.83 44.9352593827313 5.2123052064065 10.5665945837864
6159.41 60.7843644746362 6.46743848710807 13.0907600578539
6275.34 48.7665366902638 6.46876866528101 11.6045631765164
6336.62 59.4300995616508 11.1548518759576 11.8377524117759
6538.34 6.09666162408615 3.21041200498244 9.15038003335667
6570.73 23.4601082820794 12.6527517043943 11.9040836411514
6726.95 16.5370249521469 6.13045589175298 12.4250840636014
6757.95 10.7980317259796 3.73394715190565 14.5666847598532
6794.32 11.495168579531 4.33780110771001 15.202183649636
7151.13 32.297963073755 3.70487105049751 14.1578141744849
7179.58 42.4990724297307 4.31683352211523 28.4034993880423
7251.33 31.8143733169571 3.54996656236385 31.7630164075235
7598.83 49.266252133086 24.3784224411195 24.851926786233
7740.63 12.1872050245439 4.31454568457764 14.5298178771036
7818.45 12.5186036341788 4.25426798067738 31.7133032689544
7975.48 7.47674214502499 3.04849515108256 15.0374710457063
8021.75 8.57020286164032 3.87250691393635 13.4067383871297
8287.83 6.06034970184819 4.51384958756893 13.5725985387489
8425.95 6.44180069016626 6.7718053046423 13.5797224406488
8521.81 3.94959121811467 5.07676346194669 16.6538820315782
8817.98 13.4653517383759 5.01319262265768 18.7421042903661
8961.24 14.2818189214553 3.4460654420163 17.0404958299277
9063.1 18.7419989827356 4.51734112061013 17.0774175677598
9390.46 26.2314149021607 6.97139382210317 21.3103795316692
9464.47 19.6169019748783 5.38760170387714 31.7902731559443
9897.29 4.88019813565147 4.10405733810453 25.8148679051064
10094.53 4.97687925657616 3.07135700656773 19.4468902961544
10214.62 5.84101963513839 3.47346269827339 23.5526593568975
10581.92 3.57058622755101 3.83209418814754 19.5478762306302
11113.04 3.36023706789552 5.33662974775525 28.8326071548236
11692.89 1.97873780309526 4.32822070285163 27.7170996625846
