4197.12 39.9624833376868 8.79116103440155 11.1485238066025
4212.79 70.8472416283387 15.1885574443538 11.552892889451
4368.71 29.5387606697835 8.57117869922242 12.1555476654175
4492.15 5.42554799051958 3.59177289677374 11.0512399461768
4634.97 9.80715489655777 4.25190901416285 11.7638198712666
4849.34 4.72499099777152 3.35527231557546 20.1458143005011
4947.01 7.19187315604305 3.38319857189524 11.3281973864259
5057.75 100 31.3904621072926 16.0142297401744
5253.93 31.9251103914447 8.10178737672262 16.8156148063317
5284.15 40.9900546622998 11.0849656260861 17.4602864385824
5602.4 5.58005610568162 3.56665027663034 26.8317146587315
5931.39 12.5702230075382 3.63809731779161 15.6218213765642
6004.85 52.3849985508629 6.16311015180267 16.9420613839829
6116.26 52.367385190717 3.32010242739216 19.4610199046501
6158.54 75.0819219426585 4.70540060517012 32.7742958686786
6337.94 24.2972454843437 4.38446550430047 20.6832049920604
6540.73 3.89320947309505 3.01330889056738 23.0302941992959
6574.16 18.4931954691792 13.5912573345652 18.812711542706
6727.41 13.9483073009991 7.21458147791881 18.884743734221
6795.53 5.39326793307099 3.25136635466142 31.2770441241992
7253.21 27.6294774174178 4.56573836385471 32.9179793512349
7598.2 35.1084935790853 17.2810042170224 29.9995569145176
7741.27 8.93981133762383 3.09460311637429 24.8849804817264
7833.99 11.4919432577377 4.68989401597279 42.0291999018809
8427.79 1.91168120415783 3.80223210949088 23.0161760234532
8525.68 1.2554271502332 3.07306721688498 23.9164091747552
8819 6.64621043105163 3.01423746824751 29.5876414788272
9393.98 8.2987514812027 4.39892686769961 36.4442493833503
9466.59 6.46277707910175 3.5587603732148 42.2370875246597
9900.17 5.22158906032615 6.58320803840023 65.8689667235813
10097.43 3.98203067779839 3.18270235501377 35.171540391786
10229.98 4.16880323690016 3.53015762238769 43.7756505966991
10583.96 1.53226270307147 3.25215526264866 32.8024753797999
11129.55 2.15173784637809 7.10777109453778 44.6477756295717
11878.42 0.598195629339929 6.80614834326219 35.5953406825756
