4196.15 50.2084623720043 8.5172241879334 8.45377474615816
4211.45 96.6135836216798 16.3574999573864 8.70395129849021
4350.56 17.5535052755072 3.20031651653148 11.4296110039468
4367.72 33.2470345403845 6.54089392419781 7.94958505415798
4421.15 11.4357678632101 3.0952786576449 6.95200795352503
4493.03 10.5265696734224 4.88401145613651 9.50377416285846
4590.59 21.4057588102971 3.93491299520158 9.22927927307865
4634.08 44.4083170599393 6.21722759681783 9.42251246397154
4676.87 46.0378104819256 6.74903679345684 8.77685687552821
4947.53 20.6630977794398 6.47003020942271 8.36498505722739
5056.7 100 24.4862720311164 10.2334050824193
5251.64 50.169408437881 9.7090007927241 9.92755861855403
5282.26 53.7609087700495 10.3740809672119 10.7003953431167
5601.57 8.47748843021669 3.25704516390289 22.9538423370077
5765.74 4.74495255101431 3.05987298747366 9.44676731296659
5932.39 11.0332617783881 3.82138731141076 9.36120373975973
6002.42 43.2817946999412 7.75891046676536 10.9043041579025
6115.39 46.8310960002243 4.39075929623934 11.2512265679497
6158.1 65.0029543767139 5.73934817782632 26.7175536723926
6273.73 49.2606734346818 5.6436803965859 11.4192971876073
6335.59 45.6059639451054 7.37690923049925 11.7839308700813
6570.43 19.9756854012771 9.67195094837287 13.5218748418874
6724.69 17.0046236660377 5.94427429964781 13.4736361139021
6757.19 9.4421605137704 3.06887171890472 18.5762761228152
6794.17 10.2427425433568 3.67338902926815 13.2332869424727
7149.58 35.015511321628 3.35535159277912 14.0227596591922
7176.94 42.8514834294699 3.62128143403553 27.9342743758953
7250.86 35.1093391620396 3.18824359803955 14.0751847193496
7267.75 35.507538193835 3.29313836974592 15.4302166806729
7598.2 51.9345115638795 16.9098991543267 25.8221797354308
7817.48 12.6795960662235 3.21302791925019 15.8438905967296
8019.95 7.90782588135546 3.27312274375648 15.4810125722461
8287 8.74410172955117 5.89757862910579 12.9515673945371
8424.94 5.03068314431038 4.38842463161274 12.7034182387797
8525 3.66472274621691 4.00158368452459 13.233637117386
8817.12 16.2192885329667 5.5232595245014 17.1153107784903
9062.41 20.0612649126645 4.16855315230938 18.9327693860341
9388.7 22.1327537970465 4.5057442505896 24.811445577745
9460.23 17.9960406214614 3.70054505381717 37.0326070385745
9898.55 4.87661074883681 3.55062178340842 23.8858124494855
10093.98 6.30426633745898 3.59627799580185 17.5713868635357
10210.6 6.68232410884824 3.72265801586228 25.1138965582377
10575.23 3.84971384959822 3.8169698223487 21.508881572403
11111.33 3.74808325556194 4.34752681689741 46.9324343369644
11693.09 2.91785439551293 4.19033077778993 27.7155053845363
