4198.82 61.7022524500448 13.8831721960005 9.26178856394017
4213.52 100 21.5253020367291 9.53528213657046
4285.76 17.1928082852383 3.14499735660563 9.77555263532122
4369.95 23.1275326131375 4.70866167660307 8.5257841750099
4423.51 10.910268897097 3.01602574729835 7.11397699264126
4493.15 6.98291175666695 3.43249808784125 7.165375471679
4591.98 19.618937777382 3.8814019288803 10.6438769095193
4636.24 35.3784002896301 5.27894142407907 10.4797772541451
4680.7 39.2402471464444 6.03219270339233 9.63734093045969
4949.5 15.034816458604 5.85185793971163 9.33262512072724
5058.42 84.039815115406 24.3065358383046 11.4072827766167
5254.6 44.3308485708022 10.4328569265924 12.2141731437214
5285.09 43.0801317255011 10.3891104690961 12.7641757508263
5602.4 7.70825242123285 3.49163127923513 24.495709756935
5771.65 3.18949592752042 3.56396108314088 12.7085327082241
5813.94 2.260517566793 3.33831275832877 5.02175105380229
5933.39 9.96513711077047 4.84732309995438 12.1145960860267
6005.57 43.4971922334554 9.14239526866294 12.6379763339082
6118.43 40.2703353472298 4.40419092657442 12.4944291833772
6161.73 51.1080375126262 5.31520601872699 27.4127029887977
6277.68 41.4701166681636 6.07318206335277 12.5175886400084
6338.97 38.4926927562697 8.58627155248429 13.7568430200563
6542.96 4.73248653735949 3.45905548613278 12.2003793932345
6572.67 21.6763903913245 14.9107425275788 14.5651990389415
6728.77 12.2315888764486 5.18853836246389 14.9498017859059
6759.92 9.04943572368316 3.67433075490404 16.2054707974839
6796.29 11.4363487759409 5.32993693110935 18.1631232592372
7195.77 32.7873894522267 3.58743730388756 30.7324199070408
7254.77 27.0344770090054 3.23817357396374 32.1268543885872
7601.55 44.5670397842022 21.3255141390224 23.9089714158072
7744.01 16.753168656139 5.32490437208455 18.2063150609874
7822.49 14.2962808767218 4.89191494873517 34.5717450726524
8022.41 6.61192820004616 3.39320264720111 16.299692429172
8290.65 4.33892094189215 3.81892724617192 18.2761060685443
8429.97 3.87476663768979 5.57101950337413 16.8199476811969
8525.17 2.11425471706836 4.16303115771885 15.5242559554172
8820.2 11.9685320736422 4.08255965480834 21.5791488731265
9066.05 13.7173822249312 3.25630480742793 21.4828129650032
9392.04 16.617286836813 4.71240733574895 25.7403148193825
9466.06 13.9776757248725 4.11199309726124 36.3289352057855
9903.6 4.51453103410466 4.30099960230957 31.5959535092607
10222.12 4.36669973211308 3.20811511518768 45.7240826011166
10581.55 2.88557580994326 3.81799044331413 27.8122649534052
11122.91 2.80333717332735 5.02038201320345 37.6345030063876
11695.81 1.64328777112215 3.8790253062957 32.0735442102141
