4028.4 8.85506517162106 4.14574861185429 7.98155711965137
4147.88 17.7005510937599 6.55584636318945 8.02306919866624
4210.11 100 29.8778801148356 7.97077303074548
4294.34 20.6905935098599 4.15762008922154 7.55580518091301
4365.87 26.8949953135811 4.20935047991257 8.39612478219624
4388.89 18.7644480924972 3.09396758034849 7.79143479470349
4419.54 35.2531595687517 6.45193391798429 7.69233924363834
4580.47 28.0624387642245 7.98109946755592 8.88939270956416
4631.67 17.7586170242691 3.5919852027517 11.5439306620246
4671.77 29.4453219422618 6.39028182206378 11.8317753114761
4718.18 16.1075130545638 3.81178303521873 7.93723337598021
4887.96 6.43144276703904 3.37987638824026 7.06533026588659
4915.22 8.16971570468918 4.1431722217293 7.30541441239984
4978.23 33.7261326579486 15.4904382439499 8.519482416551
5014.03 12.3672147248618 5.70506211090896 8.66140040717983
5053.65 12.9874371708562 6.51812235692605 8.96951526265639
5172.18 10.8565839830878 4.32717970164151 7.99488537469824
5250.16 59.4908248721472 16.8119041814734 9.79131882752426
5541.21 11.6562213103581 4.68517455648577 13.1630004412154
5763.49 6.6856367513747 5.29071486977207 9.0286647902858
5815.49 5.71730059272449 5.32110013441613 9.26975727984973
5981.8 5.10328283421909 4.81505635643304 7.1072308944731
6003.56 6.10575896532935 4.2971164507424 9.54361354505636
6140.86 82.4735604992751 15.4123593383757 10.0340542280674
6217.1 84.8495559112622 12.0855813831063 11.0617148091878
6348.97 59.0248530776194 10.3306029005066 11.057420008904
6615.62 11.119474755794 4.48290748417906 10.8715155142054
6750.23 16.5338958576063 6.44096043213892 22.3178605558105
6786.73 14.2181533069023 5.77499687090887 11.6304386379798
7145.38 67.6007653944001 6.8596293087316 13.4387660664497
7173.05 54.6570316216349 5.59947291565383 13.0990338809115
7474.09 6.75112365633053 3.46460472042541 15.0599518757881
7595 7.68473406616225 4.05532331628547 19.8234452245315
7622.65 20.5835021956228 10.6603015329711 12.86646907452
7723.4 29.9792184747114 17.1066665967058 12.7084177671159
8014.88 10.0994632589796 3.32955991298567 20.6655546788252
8133.93 22.263773394702 6.68089489926835 13.6402535982843
8284.84 11.0884491257702 5.01001845962783 14.4583118587125
8491.37 8.45518892064829 12.4370902913974 15.7210362764527
8627.46 2.95059539956 3.20309323437013 10.1708162677496
8814.73 27.5946732921869 8.78755122066617 16.8107974188097
8998.82 21.9992467518312 3.68102627885984 15.0205315375097
9058.95 58.0298010186986 10.418221086045 16.0652187545857
9375.16 49.003266541798 9.08239332493821 17.0327794856767
9549.37 28.6274090213758 5.60838604301706 17.4919217848401
9972.18 4.5750732400683 4.40552604327532 14.749293865716
10029.01 7.67788402316851 6.77232257266456 16.6089767073572
10154.04 9.9881881151018 7.03640981422357 16.1553220108599
10224.68 9.71513240408603 6.720777023225 17.4824967812583
10402.7 8.37120354545398 6.21686577139419 18.3735180512103
10489.08 5.48366458893332 4.44777764550483 22.558840359854
11106.01 3.63601040420594 3.79654070825271 51.0847027674463
11258.47 4.52456751914536 4.7007482629208 16.1074361139672
11377.7 3.06044917729759 3.58092786526671 22.0512073638547
11686.87 3.0933229992336 5.55683309447935 16.3873177903351
11752.97 2.15173569216098 4.20277652330638 16.9219318811483
11950.1 1.79349715212995 4.46454991693868 16.7933210979045
