4029.23 12.5066241297103 5.35655861937458 5.86657942176362
4061.91 7.35118847387753 3.05144022614788 2.8441357835809
4152.58 19.6294911582262 6.40875775535747 7.9459810290482
4213.64 100 27.7059915255328 7.32670543455242
4296.8 28.0221770215956 5.40399721182738 7.22185213030752
4369.7 30.2030014946897 4.57046236896876 6.9922770406456
4391.49 26.7805638618804 4.24502683347326 6.58273500266205
4422.64 56.733668557578 9.78015080414469 5.69298622246879
4584.27 44.5738065757176 8.92790027530284 6.41006981264127
4636.5 25.1660355646596 3.55404923386209 8.55505735939187
4674.32 38.6631452855614 5.69940286075031 11.5032530302169
4721 24.9752709542066 4.15779419992455 7.02770638364655
4764.67 13.1301371329472 3.03195790032231 6.72715671447531
4890.18 6.22723151328504 3.13296903404044 4.54933028926007
4917.44 10.9817944527719 5.67675259865071 6.97569387515796
4981.26 34.4852066727862 15.2332373101207 7.85304659884696
5017.99 15.9198741197351 6.81027057973268 6.98380265077049
5057.62 14.7134841022517 6.35534456922009 6.8903250500407
5174.05 13.0639681427103 4.00071225278247 6.02368222876339
5254.2 65.9907603795151 15.1463109298361 8.540085686358
5470.71 9.83816080362047 3.02302373339372 6.40685782083074
5544.8 12.4110848191315 4.68400490586357 12.4227630127461
5603.51 7.48847991219071 3.3670797671731 10.0009763014214
5757.44 4.57827170552878 3.18572576746786 7.44615035333391
5767.29 7.2583812038178 5.22179451931202 7.55523704934149
5817.19 6.04267562984253 4.90348768283646 7.05571195815719
5905.2 3.76128922314535 3.51083169052472 3.60636827824146
5917.01 3.74826375971901 3.4367247392794 2.42753756349248
5986.95 6.47883000804972 5.38428712012929 5.89415762340377
6008.3 5.9574299028856 3.61130958800363 6.4271240163298
6146.07 89.5545555157655 16.3276469049178 8.88531382061228
6221.62 95.1896322713033 14.2420413589271 10.0866389838238
6316.51 19.6164176493162 3.10825151754069 8.61515003817112
6354.12 72.3773597652775 13.8044346879688 9.84467209627019
6510.94 8.65351162368736 3.00743039597785 8.6302163613791
6619.07 17.9124573142227 6.30079512844688 9.99996546374859
6747.81 16.3079626246978 5.66109957818959 22.0148077325293
6789.16 14.4236403497045 5.39373383580025 10.5456086659769
7152.22 88.5322121412455 8.86906132056583 11.04926210331
7180.2 68.0909102574182 6.82573471792732 11.3162941445171
7480.27 7.47749578164409 3.58367754820546 16.8457706933314
7602.35 9.77300359011281 4.86628910477126 17.9447021617389
7629.53 24.620795825606 11.9464066913779 11.1412116902811
7729.2 38.2749150751772 18.8287989502365 11.5528640913008
7883.46 9.43680199627457 3.90107954158597 10.9110489317327
8021.75 12.604194797713 3.73395501201452 13.492209055813
8137.72 22.593160555188 6.28058857432856 11.8193205133002
8291.15 11.5378228838568 5.00953194890653 12.7446116622395
8425.61 3.13062571969581 3.01114357936818 9.44375354019212
8499.43 8.9860480687385 12.5799161240375 12.5709063930517
8632.03 3.60677299117037 3.41752683726932 18.1317386692954
8817.98 29.556196986028 8.38191882741265 16.5652388321269
9005.2 28.1396328956894 4.25711519369581 14.1568927096905
9065.18 72.9162956700259 11.769874147163 14.7977961079196
9381.31 62.1960163129034 8.98127128638834 15.9962975655417
9556.64 31.9286079294546 5.03802922059265 16.3870319521684
9981.22 4.06652969211154 3.77342303690148 23.2523857881442
10037.35 8.05541104207933 6.91670215986603 17.0100441738541
10160.42 9.13819193768597 6.01122592114819 15.1536554827908
10228.33 10.5953952861983 6.93748277788542 17.9740878649191
10409.88 7.24036796028256 5.21416715488689 21.3198908695849
10497.22 5.6553426629878 4.60662759120237 20.9740898749733
11113.6 3.64663084632404 3.24443878144415 20.056710747911
11151.03 4.34350863404307 3.77650982967172 26.1308037724866
11265.16 4.61389749889705 4.00663162376391 15.9797560248444
11693.67 3.12316270654524 5.25896813517271 17.7056831114096
11761.92 2.53275755680492 4.67395186345038 13.8320029824972
11959.12 1.91429188260397 4.3674760909478 19.8074722467409
