4152.22 24.8275191748804 7.66395368505733 8.75394061725092
4212.42 100 29.1654862575427 7.92894659597368
4297.41 16.5662367236683 4.2362249591766 7.33417754534184
4420.9 24.3443708777574 6.37162634063827 6.34412820473699
4583.38 22.7445112912063 6.90399924863493 8.47483204677246
4634.72 13.7372948932931 3.20015545163052 11.5703590983212
4674.57 26.746477335641 6.7796899085445 11.9989016242962
4721.77 12.5603217017828 3.43741469972271 8.49214561724966
4916.4 8.3168342789439 4.06468100840833 7.41395653945983
4981.26 29.5099193611819 13.5741138046216 8.59945865990903
5015.35 9.18071817727699 4.29697284069234 6.6362965457738
5058.15 8.40327611675493 4.33404198854226 8.56443854130248
5173.79 7.12714020936299 3.11283615453554 6.09963487068489
5253.66 46.7266805329857 13.9116547898411 9.05565239794487
5545.35 9.10417738265266 3.80293181319624 12.1695038309081
5606.7 7.00880239340108 3.57652150843945 10.2977541409618
5764.05 5.0414017495155 3.78574571642302 5.60084402150278
5817.75 5.38279929943622 4.52878765258414 11.8099113185717
5984.09 3.87067492551726 3.04326915913504 5.70136695028486
6144.19 53.885214793942 10.8499990610233 10.1755576673131
6220.75 63.8848997086686 10.9901040024827 10.8428922073335
6245.83 18.8140448347617 3.09425038850727 11.9224215204886
6353.09 36.8401118685924 8.80643637853411 11.1462930589105
6619.52 19.520851714762 6.73075900069484 10.6690134822302
6646.53 10.9037791376375 3.38849260953923 14.3094272637618
6746 12.9987853930428 4.2028985790342 21.4119316137985
6787.64 12.7871468514292 4.56465502676681 12.0454972488624
7150.82 44.0229205702105 4.67881636744731 12.8718059632865
7178.49 34.6221464949202 3.63766569201183 13.6300572376449
7476.78 5.41290623053446 3.4620632923012 13.7203588583097
7598.2 5.48077799823946 3.43383374955475 19.9216387341176
7627.45 17.1627187536256 10.5450348472657 11.6240790647316
7727.1 24.8775585953654 18.596669393876 12.7150567167391
8137.56 31.0561401700528 10.2805106297824 13.9957582506649
8498.76 5.93510948237177 6.63069131993695 12.9320586821395
8816.78 19.5680499734613 7.34945882555683 16.9064893671202
9001.92 14.2416192684889 3.23277387822631 14.5511160045935
9062.41 34.8024915806149 8.43791248904321 15.2914452691257
9378.68 33.6007003740724 8.47881621605686 16.6946951040227
9553.27 25.2668094028217 6.96915774250907 17.278488431406
9980.13 3.31360836046792 3.87059613754232 20.3147139683988
10033.54 6.21565405703355 6.60983632771906 15.4777479934382
10159.14 8.49142143063338 6.81999412871272 16.4640949744189
10229.25 5.83230473131522 4.36581238512861 14.7457525331538
10407.67 10.1467380076019 7.76237362805079 21.5633669411345
10497.59 4.09060237487801 3.39216400043797 21.1094559360499
11265.92 3.03377668143656 3.22739882430407 14.1444552676476
11691.53 1.67835014438324 3.72505470705737 12.2108665569049
11760.56 1.54753499190176 4.11561801812609 16.0333630650566
11803.62 1.06713092719993 3.23477279473451 2.11682475120142
11921.88 0.7641342738135 3.10926335290672 2.19082095345402
11949.71 0.950805376040666 4.17975243079728 7.22424858447994
11959.91 1.17487169217208 5.32175177604658 4.93206405331694
11967.17 0.76836175488441 3.5547869660041 1.475636378731
11982.87 0.686254781726333 3.33254165137169 2.18694069970843
