4027.8 10.4704614890238 4.38952356582327 7.12622296190011
4150.05 17.7711905947507 5.91757959950477 7.98208995654295
4211.21 100 29.0149857295135 7.6922865579354
4295.81 26.5619474492209 5.54513327522417 7.65760229018815
4366.36 25.1519918227562 4.06922704779672 7.89622718826649
4390.5 24.7115184362172 4.21758436368011 7.12914357424779
4420.65 41.6496948762184 7.69779804263483 6.55412625107601
4582.5 39.1415996505297 10.6880466323673 8.10189673250807
4631.54 19.6009218850512 3.74440122582122 9.48758442974304
4674.19 34.2687708334308 6.97858049612303 10.1559071664005
4719.07 17.7422771567895 4.00810790135101 7.51793902853296
4915.88 8.64838882805157 5.61517189209008 5.97395411039179
4979.55 33.1128023989119 18.9808429530707 7.96895194144599
5015.88 15.4617111635225 8.70229382055432 7.96592899362531
5054.58 11.8497617995367 6.9089787445423 9.19391389242628
5171.65 10.7044205959489 4.49579661384165 7.05822897043163
5251.77 58.5926564237846 17.7660263953666 9.09900980425755
5543.42 11.2706363189375 4.86284969081397 11.7057420466654
5602.95 6.5145709138526 3.28747577165778 11.746703034265
5764.9 5.58612050111994 4.78981844108561 7.7814375325961
5814.36 5.38050185991744 5.13137285173298 7.24302066975633
5984.8 4.44654028790388 4.52602015161562 8.45500073476069
6006.43 4.34165263667863 3.22219916245136 8.31073729127729
6143.32 73.2518951037805 14.9587408775709 9.59945067271929
6218.71 88.1180679944085 14.0046744751132 10.242062162004
6351.91 60.2397915955976 11.6699822261525 10.625504915176
6616.67 11.3463711704053 4.8520412535847 10.1567869814862
6754.17 13.6017770130198 6.06882903857589 24.0050689174222
6786.89 12.3313820899775 5.76571482011784 12.6708113638388
7148.02 74.431751011328 9.36228562373847 12.1639345428503
7177.25 52.7219869918565 6.45469235908836 13.1770557187292
7474.88 6.03449960431041 3.15535940169713 20.1724430521308
7597.56 7.24139441820691 3.98539017811172 18.0271546113208
7625.05 20.0522781305103 10.7098974765067 11.9698031355174
7725.17 33.9203426452261 18.4425201772299 12.1128121913234
8019.79 10.8187655174989 3.69736327354636 16.5889369559518
8134.92 19.6726890243047 6.31633909498758 12.8081360755605
8286 10.6291793165277 5.41724431257109 11.5452118537287
8494.9 7.5101340351927 14.5141933202546 14.1073335414239
8633.05 2.33551794034138 3.22858808087359 11.7360867468724
8815.58 27.2247708366652 9.980170670505 16.6978138642207
9000.71 24.3852113999 4.60458868917639 14.0074953056574
9061.54 53.0728424206676 10.7308793174659 15.6903805935217
9376.22 53.1559256786576 10.4947517427961 15.9480210896727
9551.68 24.3366772599002 5.00041497159633 16.7904714063625
9973.08 3.60763030801586 4.16935295785481 15.6758615790241
10031.55 6.2676238122487 6.5531622556819 16.6475674275898
10154.04 6.76718579041992 5.41281323753852 17.0598325324936
10225.59 9.7695707702925 7.6269281306073 16.8689835542318
10407.67 6.81343931003114 5.61085154482998 20.8098703280284
10494.45 4.30385966008379 3.8854888522396 21.9778214711077
11108.29 2.71452834641083 3.36116644071565 16.9891318530117
11147.6 3.08429169754575 3.68970155549156 22.6194527004191
11259.62 4.41759111678772 5.20068196915348 16.6232386371921
11380.58 2.74100693749597 3.68965596384578 22.581180041876
11690.76 2.13042325515328 5.28024270107212 18.8671502115849
11758.22 1.47223475225147 4.0480504854819 15.4356427973435
11951.67 1.40645174296401 4.96008434541917 8.19438765976884
