4153.31 27.5765137704548 7.30475517924394 8.20865046597919
4215.22 100 25.5195494260975 8.32990658153903
4298.27 22.885071274853 4.7624859721969 7.84252844619186
4393.47 23.3585721481373 4.06541178465527 6.37035648723395
4424.14 44.2687542003192 8.21265533530457 6.56755918853924
4585.28 40.8708570128368 9.48337389006061 6.91361961154053
4674.45 42.7456630329365 8.53140574312495 9.09058219504368
4722.92 14.1165991923809 3.13347282522646 7.76237315192793
4918.49 13.1394875897856 5.7950797162972 5.81475803453941
4983.49 32.2453975896334 12.5385881182813 8.70474517066032
5017.59 10.3232768480157 4.02123768702709 6.5882154894116
5058.81 12.6619887770611 5.19816707786191 8.08391435691101
5255.01 55.2608491789306 14.2313046041602 9.50277417091911
5544.66 9.10117535752469 3.83386547018525 14.1737920635314
5606.15 7.78834298073011 3.87795635215587 10.6892747550482
5758.15 5.692519482688 3.87146869058322 6.86220422103452
5770.24 6.45142238924297 4.43843367624427 4.48150707522109
5817.89 10.7568111443484 7.71937300661865 8.5824997849013
5955.36 4.62910384949378 3.28917143418855 2.04628298580974
5987.95 4.42691541772763 3.03270142922681 4.6409726687707
6148.25 67.8377188786716 11.809012116046 10.8059799253551
6222.35 71.5398084157854 10.4058232452037 11.7206421650644
6248.89 23.6510666760449 3.23519353364552 12.5409715905698
6319.59 22.4069832489677 3.63753121394905 10.6142331091096
6356.47 60.2521756349582 11.8533316255963 11.1148978714937
6511.09 11.4061159262245 3.95888794087127 9.29993036459382
6621.17 18.3197260411927 5.57384450029246 10.8339922639043
6748.72 23.5151631906849 6.65218866694601 22.063098209881
6790.83 17.417267691222 5.45878120242043 11.6202440599454
7153.93 68.0040137151876 7.36827903261904 13.5070314495451
7182.23 68.5793772843044 7.39394301460525 13.7477519487484
7232.43 26.7512216861276 3.20672776341135 12.2209945326285
7480.59 7.88630785362352 4.01630117712003 10.5195012807862
7629.21 24.0962076045912 12.3885884317741 13.2962949841349
7731.13 35.8376322431861 17.876949071798 13.558900425468
8023.39 10.5619650709097 3.0494611971657 24.9954249589227
8140.36 28.3144529295189 7.21036282986287 14.1494433715734
8292.98 8.38667198514377 3.26701688060691 15.1623472112788
8503.3 8.81366211574498 11.7664528048801 17.3295907031697
8821.05 26.5724000711496 6.64242737863584 18.7179017148374
9007.27 21.7164086139983 3.11538356378712 16.7363978280173
9067.26 59.2191646679764 9.22936015701188 19.1027073252189
9383.95 54.1449126396299 8.8970695718211 19.886194047318
9558.06 38.5139467017527 6.79108956045188 17.8549684910449
10038.98 8.97601196286117 5.18209273295584 19.5422039717232
10163.33 10.0096447312401 4.71797035216094 27.123986687564
10234.18 7.27813088805465 3.48255657375365 20.6311763987997
10412.65 10.2929228947932 6.09671548352225 23.1028487162839
10498.15 4.79275470147595 3.3630696667094 27.5982325938712
11152.74 3.6030066218028 3.02512873617946 48.9623755409866
11389.79 3.51876210268855 3.41704270807331 22.4962910444938
11693.09 2.17916038521101 3.54905087108912 22.1190905220956
11759.2 1.83554486841528 3.2626425266414 13.5760155275639
11959.51 1.86841171783 4.22149514951614 5.09748590832896
11966.77 1.93851925631905 4.41760946341916 11.2723121899453
11981.3 1.30291371911036 3.01942489636964 3.08824970045498
