4028.16 10.5795861769557 4.85518120424461 6.32796237657112
4152.1 17.0792273604367 6.09803426649844 8.27771495970137
4213.52 100 31.0783868445338 7.58428840828856
4297.78 31.5734536193041 6.72827245662701 7.6870043604913
4392.48 31.2190313932389 5.36571707763558 6.48875315916393
4423.64 58.7885655835913 10.9445700005516 6.7516844461843
4584.77 55.8971299736848 13.7849539517028 7.6138154580276
4674.7 39.8006625894286 7.82019513019981 8.8214015379499
4888.74 6.65890929945783 3.79959291762536 7.37712409013966
4918.23 13.5799088930425 7.16303757183337 6.61846922031236
4981.12 30.3089332133604 14.4396135247048 8.02584663549351
5018.25 14.1086828477675 6.82794171067476 8.30737400312682
5058.42 12.1721225980457 6.39485343039193 8.15853037054694
5154.41 6.48972500043272 3.02202317067479 6.16844319337633
5254.87 50.277222322038 15.7929590309848 9.38359385259719
5547.7 12.7961064103753 5.24407853834264 10.6749336200555
5606.84 7.52321289937252 3.64761572456206 11.01960099999
5766.87 7.40444360005457 5.21013412491726 10.0615783077856
5817.47 7.51348766470424 5.59962787226328 9.90057606183291
5986.81 5.85975247137957 4.13910547157159 7.53235024063451
6008.44 5.91605334612658 3.29853368884496 8.17123387629908
6145.93 74.1258230307838 14.2640194255353 9.62607526956708
6221.04 87.7370174285452 13.527082330566 10.2367278782822
6353.97 75.8266860514323 14.8610602780352 9.8988954689039
6510.79 9.65917055714264 3.61140517586699 9.14363782264536
6620.27 14.4389368566838 5.18679081616263 10.1218778315515
6748.72 19.3346743879385 6.67837285687076 21.1562923280144
6790.68 13.9412695350735 5.31460918922528 10.8394105515736
7151.44 92.8627469945931 10.3881355993126 11.5292183710644
7179.89 76.2480048157904 8.2200591992705 11.8355401132703
7228.21 27.0087010890494 3.18079866927577 11.8977223811826
7602.67 10.0485827423339 4.29729736153813 18.7732082048869
7628.09 23.9010003757427 9.90324759649855 12.1805340536775
7728.87 53.3413428849664 22.1340297506998 12.2055145507593
8022.41 13.1140224617555 3.63238754087501 23.2670767587642
8138.88 26.0807837360664 6.7004828139036 11.6610172707306
8289.99 12.7962039030538 5.30683549114954 12.2101148064285
8498.26 10.2772044851153 16.4533681827741 13.6004845093157
8635.42 3.399455868704 3.19026715320534 14.2761208304546
8819.86 36.8647248170079 9.72770337676039 15.8448765674893
9004.34 34.1491875831962 5.08949500967326 13.6656019685834
9065.87 80.9704047957703 13.394842723592 14.7910688039574
9382.02 82.5694169304347 13.1108512233849 15.9664555003437
9557.35 40.0524255203095 6.53570125673946 15.0855993496989
9979.23 5.17116646534038 4.22673872155648 26.147880078157
10035.71 10.5985184019852 7.82483231546474 15.576665132674
10158.96 10.5068679710513 6.00132020048108 16.0195851283515
10229.98 11.0599161756788 6.35057336171379 15.7372049701153
10412.83 9.15880885192309 6.10894818971756 22.4046082413006
10496.67 6.1443588335718 4.70561970871266 21.5391706939845
10678.48 2.73393526319076 3.11258903214047 13.7782840355903
11113.79 3.4187970243454 3.0223139539156 21.9487162200585
11148.17 4.3014086991421 3.76413801388998 27.1174370132212
11265.73 5.69314663123811 5.23911043598602 18.3162661800543
11385.76 3.78837107440998 4.15392687779516 21.9892849014268
11694.25 3.14127013233203 4.79373449756037 20.0287079997706
11758.03 2.88277101415121 4.4326390065434 14.3839475035948
11962.85 2.07601882476279 3.4697759673323 21.6936678064103
