4196.03 15.2458358426995 7.448103597583 8.36489079095827
4211.33 19.1725307167605 9.70916276985351 8.0447054577171
4352.9 9.55734267285875 4.70199474298903 8.59238418624955
4366.24 10.060051553109 4.91698658709771 8.48528121509662
4457.65 11.4157585694776 6.14735546497079 6.6830380467909
4623.67 15.380320392707 7.15399229531281 9.0060162048685
4676.36 9.33745163141009 4.52995050426005 8.00226164061769
4827.3 5.71507180492428 4.01300870302964 6.11848650804404
4847.78 7.47523942411773 5.4491812140956 7.29746994831112
4946.09 18.6552228197196 13.2962609655719 7.79544589366378
5022.6 6.90668750661921 4.50961719245195 8.06605257579758
5059.61 23.1984249936964 15.1448075571146 9.27143602269371
5101.79 6.39003896688125 4.27828980044637 8.19921438611982
5250.83 20.5713718340251 17.0363949548535 10.0743850925328
5369.7 3.66012711975319 3.54856113931852 4.48791303380131
5409.24 3.33132110719226 3.36568286801617 6.336664983849
5413.06 3.09537820265672 3.12327787527271 2.3500325699606
5468.1 5.67205853951274 5.94729361327085 7.77187083073568
5601.7 3.52979650742401 3.97868307683258 8.0007146243488
5799.54 1.84255772651637 3.24116073264215 6.68749092326107
5804.06 1.75094758686482 3.11787914605471 5.5335417630522
5890.42 2.063230376006 4.20775870102459 4.4288858527043
6002.28 22.7016705297067 17.6657128147806 9.45179820750946
6114.82 32.4656832901135 13.0040504686024 9.72879297801592
6130.72 27.1108596240238 10.4641342487104 10.6465551060492
6188.15 18.4205119801547 6.66111376810816 23.3878948206539
6273 9.4304816892658 3.91144291403138 9.86395448679013
6334.86 9.97081427289472 5.10097785937069 11.817083234122
6440.6 7.02046930703338 5.32012744241332 10.3673497340797
6608.43 2.95933051992785 3.69241530647289 6.47070634757983
6784.76 2.81996930883775 4.42345360637256 19.6538915422407
7066.7 3.08725427794732 3.64781201083882 9.80056823245286
7112.81 4.52691526854301 4.72617808044128 11.1169361974726
7176.47 10.4133215827063 9.44194287381749 11.1583290100825
7289.52 5.26842475317334 5.39525868298468 9.59757314520357
7334.72 7.71870468911043 8.94206029060641 10.8448202441723
7585.42 100 45.553467313512 12.1147480211584
7836.09 13.2232479106582 9.25995951730977 12.6790610495173
8133.11 2.21167930622724 3.45718745021061 16.0258398575197
8287.99 2.7095335029039 5.0334067981615 11.4463638944926
8314.6 2.54390210122844 4.95866775232679 17.8080875170053
8785.86 3.53746521650394 7.03640422704294 16.2794406470639
8817.63 3.04852529424486 5.41594669245024 15.393620646315
8902.61 3.69242359225752 5.27852372044245 16.2977703966735
9133.67 9.00995175705843 10.4238601308914 14.7485263855706
9401.19 4.23744991657048 4.16304385666311 15.3200225287983
9459 12.9286086033973 13.3408624099233 16.5091230850576
9856.98 3.19853404693187 5.83888766949513 16.738754680322
9896.57 5.05627404325882 9.16520947830127 16.9313995289413
10237.48 3.61810198446846 5.85587152719497 17.4361750572971
10318.47 3.92663062936049 6.15706027574794 19.6054347641093
10450.28 1.77908825524267 3.25733941508932 15.3113152261758
10856.06 0.922475945104026 3.82619729166249 11.0328678871938
10922.26 1.68992837045716 7.43551773578506 14.8087039392594
11106.01 2.13611526124364 10.311089315873 17.2683588268355
11133.73 0.6425228078479 3.05112455230095 2.07740443260082
11260.19 0.649311411047264 3.14753878835494 2.23457819073519
11329.79 0.900872386501226 4.52482107183685 4.96121537796898
11338.98 0.679997877781875 3.39986706040224 3.24965810804861
11441.66 0.672889126045577 3.56350124254964 7.18305617794067
11700.47 0.434542099123616 3.3078034337967 1.80856815897278
11876.47 0.306851525637967 3.63537175476742 1.78493382012675
11934.81 0.941918861881845 12.9323732767583 15.0689380976237
11946.77 0.224584718526295 3.15207769256027 1.43028052916634
11961.28 0.227694982869862 3.32594411702859 1.128571798341
