4028.63 4.8307293691684 3.3929361261155 5.2342211953619
4195.67 14.4118475393826 9.78276190590422 7.53381861311027
4211.33 12.8089920075044 8.97308643084136 8.10831130446331
4351.42 6.29483782650981 3.86263518048466 8.51524078961302
4367.23 6.81330723014743 4.0817882253018 6.71812696839879
4458.89 10.4803988174332 6.39998765455366 5.94592079852737
4623.79 17.1939026646563 9.15794074202549 7.70850517642612
4675.6 5.58144567988269 3.15452219819392 9.32723587092551
4847.39 7.38764246564221 6.44548341390873 6.31096379533938
4945.83 7.15548877993239 6.02723911245607 8.60265191418694
5022.08 5.78355853076224 4.63360639227325 9.15254538011504
5060.14 18.1246900525644 14.3186645392868 8.2962259632759
5102.45 5.32948458069493 4.18366686880408 8.44479622593917
5252.04 16.6732373896163 15.8942764998667 9.46457544222085
5371.47 2.96003056224044 3.45686503003404 7.52361933682823
5466.73 5.65280436074184 7.46076035039162 7.77626222694289
5581.04 2.3250369668799 3.25377041909526 8.0012889491727
5600.04 2.42897000076326 3.46123125963432 4.68614986876128
5802.79 2.26913310627322 3.82265278027611 6.42200374840741
5892.55 2.17011069119002 3.90092479467657 6.14756815435612
6002.28 17.0160887821594 13.763555151433 9.79963617268822
6114.96 24.403146844952 10.4686535372131 9.75711424852216
6131.74 28.1460250313507 11.6360360922888 10.1460923436607
6190.19 14.5150279665579 5.64600757751385 22.7156382201074
6273.29 6.89710267622673 3.05580089898966 8.60170006266162
6334.27 31.0878700615495 17.5933286483762 10.3530119190254
6440.6 5.8851045615336 5.16599662492088 11.1769955784112
6790.83 3.4745707633575 5.05636626921729 21.0081625673665
7067.47 2.76229131467452 3.46168564564022 4.3997798336859
7113.12 4.07273580592271 4.23609030185557 12.1131873936592
7151.13 3.63409715996513 3.2748646255815 9.12515295838784
7177.71 12.2849650668568 10.3563055459885 12.3041510140456
7290.15 5.45639742795167 4.9554274910062 9.79372617184436
7335.66 6.46507303209186 6.67218598529097 12.0531769567451
7585.58 100 45.8957616398761 12.3261484952409
7836.74 32.2161481289981 18.6262801301856 12.7768040653491
8287 3.13702873277989 5.53502940000967 12.7152230840293
8311.61 2.18850346740674 4.05970781229562 14.3114695192689
8786.21 3.62772923528361 7.97988551626854 14.4980753665168
8820.03 2.99092815961785 5.84163284376444 13.5361252841667
8905.01 3.33543404798444 5.26363083448575 20.1342837302236
9026.61 3.13468220440703 4.17333324731348 14.6517129180993
9135.41 8.78622825705173 11.2994758241741 15.269995904102
9401.54 3.90111866857686 4.05735820951877 15.043294079007
9460.76 15.1177330672752 16.3924506312753 16.5899795536679
9856.98 3.05089703753062 4.90390021643062 15.6725658000578
9897.47 5.88035146876959 9.42288980934937 18.9056171093089
10241.13 3.52924004031415 5.96921345668698 18.2403813473902
10316.82 3.71036515129641 6.28008372809378 18.4160957770528
10587.49 1.22125586664999 3.32960348357281 12.2332286505516
10917.55 1.2570149876435 5.54113248782908 15.0530780947029
11108.48 2.27426388293922 10.3011879957538 18.5997101349021
11334.19 0.881344257629017 3.91602008851373 15.2729386664814
11440.7 0.665791884936087 3.08330572494528 11.4763707846687
11697.55 0.548643062450365 3.60069006246382 8.41853266870203
11708.63 0.501954171918523 3.37146029176975 4.74262341109898
11932.85 1.1483329602163 12.4292609138608 18.5075880942131
11953.43 0.268641150601178 3.03229063216863 1.53245917525965
