4145.95 8.31613150062422 3.10795719991844 6.10976637248405
4194.7 49.1294540813484 19.0304089590774 7.43400605224269
4210.24 32.6630186905106 12.8468073418604 7.62092325229696
4349.82 13.2940940477534 5.85155290128284 7.97346369074421
4365.75 11.3639817868438 5.15178069971722 6.75454017316679
4456.77 6.74117658094757 3.85349392868212 5.90573605482314
4623.67 10.9987454539794 4.80838128841492 7.52799683964804
4672.79 7.58720789415863 3.47710257953784 8.68134465600633
4825.36 6.14958484739646 3.55145626931908 5.74584209934619
4845.97 13.6714333411504 7.81435514497651 7.57155274500383
4945.44 21.2220795103684 11.4108739283875 7.47928051607141
5020.89 7.70787816090819 4.06590442316263 7.69536628755577
5059.34 30.5809521832445 16.6761008860375 8.48775925249993
5102.45 8.97812096506966 5.10835781895161 6.39041732289661
5249.62 30.6267648226371 20.9486135108932 8.72415477141658
5369.29 3.74450576253574 3.14733428727658 7.41254818120888
5407.73 4.27515015866194 3.89211386731589 6.56812256392823
5464.26 5.82224582722803 5.74386313833905 8.08977254166075
5578.13 4.05537684670323 4.2426174848377 6.70388735775214
5600.46 4.79734074938914 5.20590151783789 7.97404478209319
5779.67 1.88839261048362 3.06753328623561 4.05535692653211
5794.75 2.94909768117228 5.11795304505531 10.4768292231447
5813.23 2.82912332820958 5.21855423401672 9.23547787627285
5889.14 2.36038681015725 4.77611766214952 5.73859932241066
6000.84 39.8537666684086 22.1236906601702 8.49796627247451
6113.08 53.4567697011617 14.892315388017 8.84088074606188
6130.15 67.7094182985173 18.4123327901644 9.00988082484855
6186.84 23.391480682029 6.17049337424568 21.0288002010084
6332.51 40.0787005822787 16.5998478492396 9.0067496717611
6437.93 10.2920867924979 6.25235354365859 9.83319352129638
6608.88 2.98948267016409 3.00909701036511 10.7456903267903
6681.11 2.88240310838128 3.41403850407696 8.86347752619713
6770.06 2.70042616938098 3.62923004964471 11.1578892253037
6789.46 3.36435188248583 4.7497181824231 16.2434116970408
7066.24 3.8275980249426 5.20261401098766 8.22276779784534
7111.1 7.14469557035176 8.3174972410222 10.2013345974892
7173.82 6.15566496162836 5.83954224208353 11.1757798088265
7190.63 6.2772288441163 5.89447162672658 12.9256852539129
7288.11 6.76165824458068 6.46570814996799 10.5436287124685
7332.83 11.5406949013988 12.2422539597742 10.6580567079145
7583.35 100 47.0861724719208 10.7297521733772
7834.47 34.1606566416378 19.6862405339207 11.0163397004453
8128 3.02416637895196 3.62805834502677 12.8223836189036
8285.83 4.67722827412204 7.10199247462122 13.0592403058581
8311.11 3.26970953654553 5.20403159785855 16.895828532708
8782.96 6.67082803544519 10.5212834336191 16.8208041145917
8816.44 5.85192033510826 8.5114078005285 12.6515183556639
8900.55 3.68019988145537 4.74965303073024 20.1066972634708
9130.03 6.98046226844281 9.18375574643636 12.8379190323703
9222.63 3.17994314168788 3.76112953310678 13.6896786400866
9400.14 3.65031559706521 3.47534345166071 9.70006351768461
9457.41 14.2078046428176 13.711790745253 13.8803047982856
9856.44 6.01112763519469 5.87241853457325 14.2914375694927
9892.61 12.2263695950604 11.8500219521996 14.6762550515377
10236.74 5.8259296797179 7.03575444808133 15.7981996551407
10314.98 6.14287341576465 7.92434765197033 15.2046974911136
10584.7 2.03866866427922 4.24352751402315 16.4520439410535
10849.11 1.13098783589592 3.64597808161102 6.57113900915101
10920 1.99418954368696 6.88152224188363 16.4736237321595
11104.69 3.26610607354626 12.501425911199 16.4509735171814
11260.38 0.880972514044562 3.23532283652687 7.65980136671533
11329.6 1.5477725320945 5.82089532637102 15.7919923387162
11448.97 0.879672785798185 3.50496395576464 9.53325153001606
11760.56 0.564888515989687 4.04106562976952 2.17327430256955
11770.49 0.563147066272289 4.13532645062558 2.39713601003859
11929.71 1.59478474154901 16.4515985787183 16.4377608693758
11947.94 0.336883061041509 3.58304243799038 3.92947514884145
