4193.36 8.8296383893846 6.1171597562179 7.93801896155583
4208.78 10.9982389768599 7.76854174656118 7.84881596633295
4348.71 6.44339905242305 3.84847731894904 7.73008985018441
4363.4 8.28215997510506 4.82965261036066 8.03764056971977
4591.1 5.23096600418636 3.00362934728064 6.57609603620767
4623.29 8.84598159060645 5.08946635083363 8.53451252891773
4843.5 3.86654778245327 3.79331040477725 5.06415066051431
4942.69 7.15678973878163 6.5127007000815 7.45730026235742
5057.89 17.0788922772718 14.1692084854399 8.57895660952909
5099.79 4.12624334645896 3.35738004860433 3.30745881881103
5248.14 18.9276581148663 18.1371694450692 9.72807205905156
5464.26 3.2890868765201 3.8313427011907 8.01128892803536
5598.51 3.06706643200335 3.62273734343966 10.1399293816285
5887.72 1.91244131468753 3.00697701868206 4.22141043738611
5998.55 13.0878807826356 12.4667936736084 9.80789586457649
6111.35 17.221263004561 8.89845255358368 9.53470104740882
6129.42 22.9663978880588 11.3955647524282 9.36676207900837
6184.52 19.1949633022965 8.7701516017786 21.2139070547028
6270.51 7.81323327417709 3.89978628005998 9.44643989770793
6331.92 18.0932231100676 11.1619371562549 10.1538176286895
6679.46 2.8342369171555 3.70369592979329 6.75418567626457
7066.08 2.75775015115762 3.34560059151626 9.80174343040017
7110.33 3.126613835066 3.3529501060393 6.41090422661637
7144.3 4.33638748883973 4.30767070394156 10.496093253746
7174.14 7.1188092283724 6.69327911914907 12.4863058162227
7287.01 6.54715783269886 7.00317341923491 10.5671753912866
7330.63 4.14208975884934 4.91153049570667 11.2562622261567
7581.27 100 43.1365473213414 12.0711843972294
7634.97 13.2347652092996 4.54829706944257 15.3762118491959
7832.69 21.8899416750806 12.2650736396786 12.2755264050393
8127.84 3.98600860764686 5.72202534123101 11.9691456134369
8286 2.07024670152933 3.62378283192019 10.2834003686075
8312.94 1.85042533202814 3.38166460009768 10.9906241486642
8777.67 1.83644335651461 4.15485810147471 22.479742944739
8813.19 2.0752154170702 4.30256226173605 12.1913030759515
8897.8 2.08983956477567 3.63842438009262 19.8565704675675
9021.78 2.21880714085951 3.2491830384327 11.4606174288383
9128.46 4.96094014399439 7.08392876491841 12.7923132784017
9397.5 5.2169647780096 5.6374288831724 12.6126092342529
9454.06 8.70749964607818 9.63895349747706 13.8069410696335
9849.79 1.63736104721522 3.80408012046232 14.2698620521933
9890.81 2.85937476238352 6.79992775254802 17.1215879780138
10233.45 1.90873399406909 4.31947517722416 13.637309744121
10311.49 3.0030729566741 6.88454572534421 16.2434537832851
10850.24 0.927421911081458 3.3702697592305 10.8703593924056
10911.15 0.912764406589057 3.32034156046304 14.2417337724128
11102.98 1.47019178705086 6.16326021422016 14.1948118406654
11130.69 0.725829415943112 3.01416517951605 3.12133842620824
11684.93 0.494799920317284 3.32621411682746 1.47382738458691
11691.34 0.457944698728997 3.10931171385017 6.02739047030627
11757.45 0.41198932476104 3.23196795994384 1.66786802463866
11765.04 0.402272357411768 3.21171018658713 4.05945326606707
11775.95 0.458225288114172 3.77210355777425 2.73437654662666
11788.42 0.412549775373028 3.49435352527416 2.65578529827508
11804.01 0.359979640563178 3.16458298650842 1.50973102978969
11923.25 0.621804925618042 7.19302423054645 4.79788368095615
11929.91 0.549964169811368 6.45959807223265 7.09286005926151
11939.12 0.293277945738281 3.50290298396044 1.21459293159569
