4197 8.46373260165435 5.67524367740609 8.92609231207825
4211.57 9.68199872734118 6.84970651739224 7.96629701503934
4296.3 4.1274118829042 3.20750270475824 6.1202420943664
4402.52 5.43878317505145 3.10178226692579 5.02652601569935
4456.27 9.2909330176056 5.64440227136969 6.20344965059212
4623.41 14.6512044639446 8.25662140742701 7.75633161908627
4674.45 5.61524800730605 3.3357803291556 9.29720813588665
4847.52 5.13849050341513 5.25589627215524 5.77137076957752
4945.18 8.98716900236483 9.09537455302103 8.06864097824382
5022.08 5.99290731360592 5.66370284686074 8.00623817119595
5059.34 12.6749053297065 11.5543060385214 9.37366003941588
5101.12 3.88994026205893 3.45273255464509 8.50193449593007
5251.37 14.9451769504968 16.1945545093922 9.82431660601378
5370.79 3.37056215373283 4.32137071609557 7.23091807696255
5465.77 5.37989937610889 7.68336968591153 8.12143456737613
5580.9 3.11105439837646 4.62942388798674 8.17187731795548
5601.01 2.29471033167786 3.45991997138031 6.63256486858063
5770.24 1.9759128023757 3.83043842950267 7.07465361578488
5803.63 2.09750645378924 4.39071916542841 13.9566004587596
5814.36 1.47092865022953 3.12647693983646 6.94013199095389
5889.71 1.57411502196131 3.74518322594069 7.51382665408255
6002.56 13.9933398098318 11.1713029773057 11.0718670568003
6113.8 21.0570906483484 8.22080321086319 11.103423776507
6131.74 27.1331430019927 10.1596457622275 11.6194683919321
6188.73 12.9529639140817 4.51297689547309 23.3009606700289
6271.68 7.96864929217997 3.19121015186209 10.6388732708774
6334.42 22.0449258578829 11.3980063848807 11.1219329486712
6437.93 5.50346712144357 4.480798800264 12.5593616780889
6681.26 2.52778583539493 3.5024368736558 10.7241878245422
6788.1 3.58670385988674 5.50754019434368 26.7053233954475
7112.19 4.98856589283992 4.19065494863009 10.4577942874921
7174.76 18.5047439261721 11.8194652698816 10.92808546792
7333.77 5.53760541494604 4.55331406210005 11.4186323588528
7583.99 100 37.1811977141242 13.0821021829497
7835.61 26.4590279540537 12.6292539477757 14.307887331086
8284.01 4.3185082385103 7.34842056308765 12.2411310530442
8310.28 2.02779945242991 3.56296700435288 18.1253082275143
8437.17 1.21674869653669 3.05978839966299 5.00580455106683
8783.13 3.26962681616985 7.55147359501377 17.5380502739827
8817.98 4.07015252711688 7.99968867493932 12.9993228386411
8901.92 3.72121318250895 5.53030659032626 18.9004844538231
9023.68 5.13644655315887 6.15250715119053 12.1101184268737
9131.07 10.9048027505098 12.4339481709276 13.0994103679895
9457.23 17.3618336338098 13.5376443862095 15.3304681631416
9855.72 2.31364509701411 3.71108620249745 19.214791101238
9896.21 5.29204356387261 8.39244640191857 17.7139761287453
10235.65 4.37507210444042 6.71036410609962 16.1862884172806
10315.53 2.61582421222618 4.01041080852148 20.2702205564583
10444.56 1.73576121834204 3.13612665458775 13.8739668028429
10918.31 1.66830269623882 7.38011068027599 13.2277049768436
11105.06 2.92108722658986 13.2691587113469 16.9617564475957
11326.92 1.1855802330993 5.56583562841461 13.4640759503764
11523.14 0.572044247808746 3.18489677364856 2.71594513495256
11695.61 1.01875357976975 8.19794477345687 15.2088617576956
11762.12 0.320462250811258 3.09296733524457 1.09578571686507
11808.11 0.271839770071332 3.08679485359261 1.58444110208256
11930.5 0.976754476959993 15.3470500415069 15.377690178173
11952.85 0.210554782350877 3.50995816079987 4.51100159240923
11960.5 0.18518908364779 3.15754409506165 1.55655544436195
