4196.03 18.2034391590592 7.56713024886067 9.80025355939415
4210.96 18.1217376869226 7.50302260730691 8.90670877815319
4350.31 8.65099222528037 3.36695539323155 10.3142276428043
4367.48 9.91300927261005 3.86141761274028 7.98022673832656
4457.02 13.3286316424509 5.63861156245114 6.8922622197033
4594.51 10.3650575506072 4.56415884580781 7.00522031806486
4624.43 22.4884914817608 10.1745623805827 7.59321575812919
4826.39 4.45367132631233 3.08812496160316 5.90453678489666
4846.1 9.15373928416277 6.21603251747719 7.97253079154143
4947.4 8.36182855185329 5.02007227194441 10.7534140921134
5021.42 8.88277376299817 5.17075823256657 8.55152417257341
5059.61 25.2690377658948 14.7136967345316 9.49417272828396
5102.32 5.36589302050542 3.08691212926966 9.72996281609267
5251.23 20.5526256482177 13.8562973170022 10.458355138433
5369.02 4.60771417184204 3.60054597562593 7.86750098935681
5465.91 6.31460699842733 5.68309636760892 8.16317380808687
5600.18 4.64199527513953 4.93461678204381 5.50803407696276
5802.08 3.0137222916518 4.47863033047706 16.572909960727
5815.77 2.33487273886594 3.55406851570847 5.87966552710805
5890.56 2.12687082502257 3.84305213183654 4.48969805819888
5894.82 1.65277810964678 3.01570933735973 1.25812345993836
6001.42 22.7990820957626 14.0176387981314 10.0823329395398
6114.24 35.9506832511387 10.5357461541595 10.5890583448181
6131.01 41.9690772840419 11.8320650007057 10.549438934645
6189.9 22.9708693455794 6.09841603038546 23.1628687711263
6334.12 22.4791842356206 8.85929552839662 10.6964251589416
6436.89 7.5380641178656 4.47630840521523 12.0540832244815
6784.61 3.97691367274057 5.03901274475747 23.558856039258
7113.27 5.18875463110809 3.78204830095453 10.1816771078893
7147.09 5.85515731721271 3.84119342492848 15.2394219691814
7175.22 16.4399810773568 10.1513528801153 13.3678502360108
7290.62 6.73926328526806 4.7485569401906 10.2207149479
7333.93 7.57728109740209 6.20155050957103 12.6327891813389
7584.79 100 41.2041019260619 12.9290800060708
7835.45 21.3081232017982 12.4054091622019 12.5502268019691
8133.6 3.35154284504138 3.63374548008528 19.7045028278944
8288.66 3.04140605077535 3.52084703861053 12.1643359592599
8309.11 3.57617948123813 4.2852122204014 15.5672837789189
8783.99 6.24221826013151 8.64686941101542 20.2378856289088
8818.66 5.63458859663817 6.89411258610082 17.5641279540941
8902.61 3.77215349268488 3.80606289631428 19.9746252281839
9026.44 3.70087703888973 3.38016123536181 15.6795079629537
9133.85 11.6924498241153 10.7319775518226 15.5039975758464
9401.02 8.9323661755431 5.44094176141257 16.6050981913504
9458.47 20.477571128275 12.6846577913116 16.3266642707113
9858.24 3.74719897383456 4.19215526738598 16.8646303265868
9894.23 7.02428956307694 7.82204097698364 19.017145875765
10239.85 5.0814076254367 6.26256377343415 17.975077656336
10319.39 5.16194917701774 6.75109563402663 19.2072866528324
10581.92 1.5971775249736 3.22544502038038 15.0281445246583
10850.42 1.2723688726584 3.42930024415018 17.5574478187809
10916.99 2.25694782421499 6.29704990102909 19.3292113052576
11107.15 2.4199207183479 7.69284741396821 19.3553018577986
11330.56 1.07659435975205 3.7583092640393 15.5448602593533
11438.58 0.918124514072309 3.48470298079138 20.6240485721955
11692.89 0.61028966170616 3.48571525431246 8.42524749284166
11762.51 0.591648922184107 4.00697697049158 1.57154882260875
11768.74 0.490953665661674 3.36946042750674 5.29217931084168
11775.17 0.438204416998238 3.05400007218675 2.01825454917162
11839.53 0.373973147751555 3.08326137573338 1.10188550971179
11932.26 1.03506726238895 10.4970697223489 14.1547056701493
11946.57 0.306851160945206 3.20022196542631 0.952764140731233
