4027.68 5.39933085405098 7.86357215239343 5.53365208846162
4212.06 100 55.4757076329295 6.81965375785148
4250.42 6.49152014026291 3.01868794179469 7.31917977336798
4296.06 6.89772365613225 3.10537405826119 7.1564339280103
4353.77 6.27160610698476 3.26248315645638 10.6409838541886
4368.09 8.2609726445628 4.59655326383744 5.78313445074946
4422.27 10.9256979672314 8.46500722345429 6.28997394072121
4535.46 9.49698036620872 6.49603040274078 6.79986436371018
4582.37 10.1333402155789 4.63564975941068 7.94951344634956
4634.97 14.8794612243548 4.82985535324744 8.33264034473996
4677.64 21.6059644901266 7.06697650902403 7.54285263820657
4719.07 15.4175779691292 5.35182146421792 7.85498977995576
4763.51 10.4574561649212 4.50729018069566 8.81267153283716
4980.99 12.8990160371823 10.5074927006297 6.80525502193541
5016.93 4.98538698939692 3.89009694120009 6.84584409710624
5060.93 27.7348886710387 22.2297746970725 7.62461181520666
5252.31 49.8152972171418 27.7574624309023 7.68209944446335
5387.14 4.92866022665398 3.02763291497156 10.3397638587712
5576.19 10.3118502652719 8.80723827530114 7.68510180861995
5764.61 2.67667191978025 4.25298785895313 4.69506955831184
5805.61 2.54245891723057 4.57099141355257 5.95687592032846
5897.09 1.84954010115323 4.7286477360854 3.25049046986351
5901.22 1.18538745435004 3.02151829405785 4.04585266412505
5906.62 1.23034571962639 3.10855246560084 1.24965899782001
5986.09 1.95044809791275 4.38095421518369 4.42884958227842
6144.62 32.6997277611483 8.06190032575257 8.15528809973785
6179 27.0365431302169 5.5283463088135 18.7264647334541
6220.02 33.2248512678648 6.8039403437491 9.08327859304609
6275.93 16.657575186001 3.50462781845136 9.04467586959345
6351.61 13.6395245950803 4.54608363496441 8.70500866073689
6542.67 4.05329040134264 3.56797661310924 8.61793567788391
6737.53 2.80284385023506 3.03517786864078 8.83788629539958
6755.98 4.15490023152154 4.76879646151952 9.43150638298903
7062.68 21.0609781578147 8.00806537390137 9.64562872549777
7148.8 27.3710095197318 9.91328736170366 10.9164024516667
7291.4 5.96845757362799 3.18073036673095 8.21645777072263
7383.19 3.63212417336808 3.08020697402533 7.80310278633624
7586.7 61.9464580946428 27.9983190215498 9.92006087836853
7626.17 15.3481378604774 5.9387954421904 10.9258178448454
7654.99 10.1088381925319 4.07486481864575 15.6751481097681
7726.3 11.6802525693534 5.43941533861547 10.5554970969088
8023.06 2.88348963060692 3.53883398835931 10.0461898581434
8036.82 2.57882976907747 3.16761838679219 17.5650603615077
8134.92 2.83686327927967 3.51713873615221 9.77445941306632
8289.49 10.8282010633364 15.6846053980706 10.094389401027
8330.59 2.15012377492244 3.46309333676224 15.0696820410521
8495.9 2.3010849725213 6.55374320621622 10.0128135362629
8606.49 2.94893682542233 7.9538533125151 10.4706112305503
8819.17 11.5249454300366 9.3130562664489 13.6276187989079
8933.36 6.886464787775 3.73593165161338 12.7600756952525
9063.1 21.4743072825173 10.2696064192843 12.917936971915
9380.08 23.4110910053511 6.59899584253837 14.5587567052135
9403.3 16.8739735559895 4.47019797810379 17.6342237505414
9980.86 1.90943938653826 3.411518256928 11.0103699662413
10227.97 5.09775545311801 9.00483887498198 14.812007593011
10541.29 2.17658919898977 4.54693764984357 17.9281456381377
10674.38 1.88518626740106 4.51680795384099 15.1934520646701
10851.93 1.23639429905136 3.65558225123852 3.45754569240307
11111.33 1.62552843446839 3.94158484435487 14.5252418015589
11149.13 2.74471824307805 6.52499968176038 22.8567911014306
11264.01 1.88085903058502 4.317630514679 14.0445700878681
11691.73 1.52525684223097 6.67232540896972 12.8816887209196
11768.54 0.899437715553877 4.40081350269394 7.1191922190319
11793.1 0.627243602001369 3.19029776189612 2.53105481085186
11800.5 0.650141097638304 3.34750841384279 1.86972873430022
11807.14 0.659861140558634 3.43539620677052 3.36119226299343
11817.87 0.681355257166811 3.61218387895193 2.63258554363711
11826.26 0.593049257747099 3.17650173162739 1.52893692387079
11957.75 0.62090917306577 3.8695408340101 2.62085276559083
