4213.15 100 34.8341078304964 8.3509938790603
4355.49 7.45302287222181 3.68617799491835 10.4527941359029
4423.39 8.53825237835241 5.86014059693975 6.02814782967289
4538.6 20.5245437026834 10.4922255603536 9.36930578519332
4584.14 8.78961324674398 3.69340664393279 8.71092861532907
4635.48 8.24477006965249 3.01325931838904 9.20768165741811
4678.02 12.7123919624908 4.87753683338008 8.38447381413425
4721.38 10.1977480529601 4.12293640609531 8.24628846867199
4765.96 8.47138448218405 3.90872638180403 11.2390997733892
4862.59 4.01733278835436 3.0161705024822 7.44027262290092
4982.18 13.1262703485781 10.7387302348036 8.39202351651875
5061.86 30.1056494318137 23.6283548021091 9.49643004428253
5253.25 32.8325815826939 18.8605836692351 9.44587496120948
5388.63 7.40128410570871 4.30066335984803 13.0555855366547
5575.92 13.623988532735 8.38949032387846 11.7778923405713
5808.71 2.51144074509387 3.19095076643588 5.95527650038366
5901.36 4.20016975326002 6.91508020419432 11.7965507597173
5928.12 2.16815445375309 3.44035586467972 7.67076255144548
6145.64 31.5126180683083 5.35469634006599 11.3042144431465
6180.89 25.035064226336 3.54427019093849 22.1944212294356
6221.62 25.6349193945203 3.636681985297 13.0538545596146
6758.71 5.8142694207085 4.5226515256118 13.6490498289641
7065 9.74052749139822 4.39098446663781 15.483625636617
7152.53 26.8588554651592 10.4239343950748 14.8721444774337
7588.3 63.4820983227729 13.874625037221 15.9239882858228
8291.65 3.52960571140338 3.70574338567116 18.5116740977646
8496.58 2.89462014321258 4.91590919493441 15.2517595915051
8609.7 1.8088034261814 3.77737920026657 11.0523997383007
8819.34 7.1780406330024 6.82237616047717 21.5390662018181
9065.7 17.3593484541124 6.91612879006552 20.678034294775
9383.07 22.2174978024058 5.24770528364638 47.7524510439544
10230.34 2.91699236513295 4.72031077412943 26.3683047898248
10545.56 2.12593879439925 3.54349823189054 30.0141342156876
11147.6 2.06804942668751 3.83491934228122 35.3297916914271
11699.3 1.07493837980193 3.91089039111444 11.6396335051795
11774.58 1.06273219295344 4.78989356012933 9.43707093243211
11787.64 0.787754067295205 3.69021382670415 8.90080285091972
11802.06 0.759428634188852 3.73410545306537 4.07934052008204
11812.01 0.686703048788005 3.49315603142532 5.12659822025489
