4027.56 8.47633071444393 3.67011931939655 2.36372414098878
4030.42 7.10592715268126 3.06189122474964 2.88316668623247
4213.4 100 21.4919818100983 9.86550823546804
4422.27 18.734830346203 5.78885793898974 8.0088046935125
4537.47 18.6030085311806 5.28755085183792 9.83081588387722
4584.77 20.3634831429187 4.7167724871531 11.0229177706224
4677.64 16.6037795524609 3.47139750765215 8.41094530345799
4983.75 14.9824059302126 5.97499144465021 10.6528124455135
5017.86 8.19460596002395 3.13696167992165 5.9356942588056
5062.26 26.6702450920198 10.419444506503 11.0352832043009
5253.39 43.3508957412919 11.9892800960735 10.8661176419464
5577.86 15.5328298321715 6.42595869178217 9.33678777887144
5899.94 5.37245584971114 4.29022805406017 4.22383770343004
6145.64 30.5745811517368 3.73846277736894 12.061646103647
6221.47 41.8256380660819 4.32435480102325 14.3218761426251
6544.6 8.61248883764237 3.04007648307944 12.5177767546656
6759.01 6.23395849468173 3.96963207812126 9.67603057382803
7064.54 15.6389750644648 3.00339686537467 12.416706281424
7150.2 26.5089079551654 5.0979618490335 15.1418307637632
7587.66 60.5073303920027 11.6573817003648 15.9795052770578
7628.41 23.4376969999352 3.82350276467602 18.1131636708105
8291.15 9.60246689892129 6.93477217483696 12.5682845011052
8498.26 3.08781382499203 3.4596492724892 6.70640475993423
8607.16 4.26730926098096 5.94272661129325 8.77650471614834
8819.69 9.38046617732853 5.76693443185883 19.7042763914433
9064.83 24.2413904777234 7.55078836604207 18.8722904053793
9381.14 28.2211406182523 4.44102730706483 44.2278736819426
10227.24 4.99990987608249 5.38175051650641 12.6899718837158
10539.81 3.21521118016123 3.53164005542095 15.3283416986051
10683.14 2.81462550657471 3.33939067346213 14.3943155845409
11155.02 3.83407825024899 4.65570200502277 13.6121064022409
11691.34 1.49844131007668 3.03612945370462 4.99609566922845
11704.74 1.52197797871411 3.18340863785064 3.45002757123075
11772.83 1.65992920075797 4.14856296308077 2.87140314667158
11780.43 1.58106839425447 4.03772465168363 3.01251551473615
11789.78 1.23593458790771 3.24038074956182 1.33981392612259
11806.94 1.57634689768744 4.36098760987622 1.70347624629903
11863.56 0.953557732033877 3.02711984614965 0.442730335627857
11960.69 0.769489086207441 3.16437423143864 0.756407197226508
