4027.8 3.8676339243953 3.89354254387436 5.88464965853382
4195.42 9.88157180749051 3.95083815443423 10.0136716132056
4211.82 100 36.9372585602806 7.35476577152895
4252.5 9.75327267197271 3.30648779241492 7.67980890595572
4353.77 8.29221579843237 3.81045170205573 10.188603169252
4368.71 6.75590109423302 3.31868129135278 7.46411937190169
4421.15 10.2348849294349 6.65384947569621 6.19186820856976
4535.84 14.6375597262137 7.55273553190857 7.40364004428102
4583.51 9.37115552439385 4.10854350059388 6.91749268553576
4981.78 12.0464950594193 9.96203436936919 7.78309736609026
5017.99 5.92615318963065 4.49446178577318 7.9469924882942
5061.2 27.1452116100455 20.1353237834767 8.63211036440407
5252.72 42.4326305585266 21.4643759413913 8.32394117463264
5576.06 11.4006101412707 9.98321712008615 9.09175163691725
5602.12 3.93774162055537 3.43765996194353 8.34675008345948
5768.27 2.02960954981427 3.30618811915051 6.6545253708473
5805.75 2.46549488515019 4.79183031309834 6.60698497219619
5883.32 1.27373364226578 3.18798155354253 1.3083198200884
5901.79 2.5795634273098 6.77875169071437 9.63595318331136
5919.43 1.38259914500638 3.5550740435266 2.14226186785527
5928.83 2.06166952437393 5.25361883334482 7.34915641410316
5986.24 1.8117316130966 4.32753795901576 4.2434937223079
6144.19 31.6511428752536 7.7680623712874 8.89839302077417
6178.71 26.1705353268097 5.25672021828597 19.5609310482223
6219.87 32.668292327675 6.49739007469382 9.92492346249765
6352.79 12.7322786753424 4.03757307798923 9.35143208494628
6511.68 4.84441595928914 3.68122668542647 11.1291975632512
6541.62 5.31794912946027 4.50432740839483 9.62507764414659
6755.38 4.49727385778356 5.83428064488374 8.64338258897169
7063.46 16.6486286006552 5.57065024137899 10.8782262393606
7149.89 27.8173858028018 9.20442312479881 10.9509656565988
7292.97 5.77349217483618 3.0029056361318 10.2031830085907
7384.46 4.46149405311831 4.18154598603037 10.1029304557351
7587.02 53.5147636598699 21.2131003261895 10.8361446542258
7626.01 14.9393146081607 4.89362671439653 12.315865692588
7653.55 9.10151738882177 3.05967248772933 16.0465996993289
7727.59 10.3927530110296 3.95077620545977 12.0829886459724
8021.75 2.57638789735234 3.5918383139375 8.81266044450695
8037.15 2.28571167447417 3.21088731683366 17.5257910479604
8134.76 2.18424149167704 3.16930185310011 9.52715340343821
8289.32 7.02026996699913 11.2039682581001 11.1725790312485
8497.58 2.41536286354715 6.81278608474557 11.3136363511458
8608.85 2.94138472659328 9.17290769133343 9.97513742793672
8820.37 10.681180494119 9.30171723027702 14.8413807163433
8935.26 6.33249480379766 3.55975062218865 27.6992358745611
9063.97 20.3391055073985 9.98245287217549 12.562273953914
9380.43 20.233546435298 6.38215812837541 15.1862405985521
10227.6 4.24224942765294 9.30304024407049 20.3927903241674
10538.33 2.19139854990128 4.75999213080578 18.3332019553109
10676.61 2.04036503310201 5.15386186120309 15.0942480909889
10860 1.13998111768418 3.49902689038505 13.7461823912072
11113.79 1.4385244171912 3.55048433867903 17.0421555293342
11149.89 2.39534332268791 5.87026755553599 21.9074064812867
11265.35 1.5571567412073 3.85280635400183 16.1681893120058
11691.73 1.40451698766977 6.77942132633776 13.0380077063455
11769.13 0.997849115077723 5.63401163573627 3.35486341323849
11789.78 0.553718870144759 3.27358390730802 1.94913495688343
11800.31 0.52018583041505 3.15215971290178 1.47391787986817
11808.11 0.550351159902662 3.39804821130717 2.32535066181117
11959.51 0.448081897379094 3.7240444326556 2.37101433926364
