4067.05 4.18503869371347 3.88291240900041 7.26521367584701
4210.96 100 45.745463510624 7.269806682526
4296.92 9.05001740746893 3.42207878689941 7.53976339300789
4353.64 7.6922203359705 3.14511757296667 9.75536387922057
4421.53 15.624280882372 7.97964010097455 6.18554113386017
4534.07 16.7551945352591 6.78717494814976 7.23894839636614
4582.5 15.86989806125 4.98794943929915 6.71216391221151
4633.19 15.8290605220825 4.07166959732875 7.88436020087283
4675.85 26.8757137933342 7.30058092271397 6.8505409765794
4719.33 21.386679853242 6.32818451725687 6.85785605090405
4761.2 12.9142815605918 4.53414986205505 10.1165855283571
4979.68 13.7766440024558 10.6250336155878 6.72830611222889
5015.35 5.95631784601258 4.48324353136035 4.39926496285898
5059.61 31.30626122419 23.8485658727907 8.20453642997381
5251.37 37.5679729318017 19.3232851207961 8.08159711433109
5383.86 7.55565260906423 4.28505544220079 9.32241293118204
5427.28 5.28327501498806 3.14465199960039 7.71372158226131
5468.1 5.63288984654395 3.53158436081062 6.16132311565434
5574.12 12.7955804916535 8.76702538225368 8.99077172875241
5704.7 3.64258784932663 3.3967324969002 4.74160843893333
5764.61 3.02635682362102 3.33299634262595 2.49528610175912
5805.33 3.36016075237915 4.13372893733076 1.71028075123104
5898.09 3.1936127634423 4.72216938486206 6.10173085656606
5901.22 3.17954743509446 4.68809049380439 1.85864831625986
6143.18 35.537643342216 9.30226381083953 8.15326175271184
6176.82 26.3106158067496 5.72004512032638 19.6273230508459
6218.41 36.8424728480679 7.98201309501081 9.43869805381473
6274.02 16.5657647927225 3.60027030218019 9.48154828744282
6351.17 13.7334587025189 4.45685625451472 8.93186716286164
6509.75 5.76486565717454 3.37435618301209 16.608903649616
6541.77 7.7730592380569 4.74511605932028 7.31213795716849
6754.77 5.70435515098996 4.81542819564931 6.98623372268685
7060.52 7.59964006477057 4.96288066227933 11.4826618141115
7148.64 35.7502711037483 19.5523476368856 11.1097734068508
7175.85 6.68159327275342 3.26624575816149 21.0097903077012
7290.46 6.90770480549702 4.17703647135793 11.3182972326631
7466.95 6.00809851280529 3.74097487192603 10.8462154043618
7585.9 77.9356389416096 31.204786775786 10.2391852388855
7623.93 17.9155165702328 6.23391653600424 10.8102749737054
7654.51 11.4119683992325 4.09778160377748 14.2334119885891
7724.37 13.541047663567 5.51001840602355 10.2953818129245
8021.26 3.92552842689208 3.79231246370239 7.17194515609754
8042.23 3.05942781502723 3.02781931222921 22.2090506369868
8288.16 2.13781774807851 3.46827981936472 11.6289388210062
8331.42 1.80465420320152 3.28521511279447 6.0006408853933
8494.73 3.26738200223073 7.68935169165868 9.21148228646962
8604.97 1.91014587664548 4.00396347790449 2.51564724959098
8641.52 1.84029665965533 3.37891824881725 1.98414581709221
8797.64 3.89016960252444 3.79950984126178 9.81592762172477
8816.1 9.77185879219105 8.81828638841709 14.5525381244206
8931.64 5.70316572895804 3.29974681685764 13.1485421845973
9060.16 26.2423653501226 12.5718589034375 12.2907743550422
9376.39 29.1293492390503 10.4777872639579 13.8419344738159
9401.72 19.8080527588589 6.75838729153507 15.5145299015348
10030.64 2.54071774721256 4.41172890835013 10.7119056623469
10221.57 3.23174132600892 6.11003500172124 11.3395336880531
10319.39 1.75559892683644 3.36073772231731 6.6852579989154
10530.73 2.03350569815976 4.15769913442803 18.0205586969569
10671.95 2.04077461189084 4.47075441579779 10.4024525539971
10849.67 1.70340962254462 4.26704046620407 11.2704993518837
11108.86 1.65679227843421 3.72738801540123 8.85694252183021
11148.17 2.52605616995787 5.66102287060427 16.3307808047721
11261.34 1.70485215975188 3.82884845639971 9.99213166404843
11461.86 1.11189838844819 3.13960772738496 3.99178317667247
11689.59 1.26714689369691 4.49931892918258 3.60582838356095
11764.65 1.80622940689165 6.54568467819272 3.77161632937896
11776.73 0.915814210420443 3.32850812093495 3.5535104415776
11798.55 0.985952061999407 3.60530233122683 3.39746236374776
11947.16 0.815980756717015 3.02763345361399 1.11072302146022
