4027.33 7.31380034562332 3.91983559773144 5.38149214402483
4195.91 12.0886947340917 4.12204792850442 4.85107836122006
4211.82 100 32.6814311371362 7.13164038303967
4421.4 14.9482018300408 6.88318732665465 5.3161412245654
4536.21 15.3126095909942 5.82432480491888 7.16978235785609
4582.62 15.4394417624462 5.3601179788153 5.49932469538635
4596.41 8.92096070010739 3.06129644864083 5.16083292367966
4763.51 4.98366093841435 3.06671669328308 3.15452034625559
4805.82 4.65614063687848 3.25585846215901 2.14430643928426
4979.94 17.253981545677 8.85949924676831 7.52457893674364
5016.54 6.60121296746413 3.11904645440662 5.43385094617952
5060 33.8704754157827 15.8765957689853 7.74679848683718
5251.64 37.1559165300579 15.825956461051 8.14965288001986
5383.46 7.32633225206429 4.07925914343416 3.1257357630875
5574.53 11.2552206510504 6.67840189883508 7.69853848527146
5765.74 4.20532647312496 3.40535854391972 5.34496925255553
5895.53 3.13164302887965 3.36039477790901 3.03867296894714
5904.91 2.76351563286418 3.00317928094627 1.34574533112664
5921.85 2.95733936298441 3.27070586190079 1.75931940889859
5928.26 3.48221844401593 3.87957891139819 2.76300256071681
5947.08 2.74386820487425 3.11531310587614 1.23032547552248
5982.23 2.95320535069492 3.48759736142457 1.07383556924469
5986.24 2.87913205487675 3.41457201654289 2.45492286784975
6143.75 38.5628602950752 8.26567323992423 7.82027309078694
6177.55 30.2686799403429 5.33263862241016 17.7554527454859
6218.41 34.6456345707579 5.9624328061351 10.1922651912482
6274.02 20.1019614926733 3.40039364016228 8.84658346804463
6351.47 16.7439911049677 4.11380352960107 9.05003617212151
6541.47 6.17785012028626 3.01045984475251 8.12448704933831
6754.47 6.51414232738103 4.78054535842694 11.6181761957841
7062.07 17.9978071776124 7.30485431393441 10.9688794865315
7149.42 41.385982079165 14.3542446024996 9.97778143526739
7177.4 10.3172111570239 3.24201738987681 24.269525802596
7290.15 7.88704946950925 3.26501719515145 8.92983401567835
7584.94 73.0031468736065 19.3985558467242 10.0986484264859
7625.85 23.633416662382 5.33859697969385 11.449251541404
7654.83 14.7890753847521 3.44860756410993 17.5083662933166
7726.94 14.5380418538325 3.8478907035022 10.5379505535275
8286.66 9.32739956648793 8.29673490265031 10.6450334945694
8328.25 3.93356249047516 3.76766376798467 3.12155133965462
8494.9 5.02023728467803 7.2652473445584 6.6088131738361
8607.16 3.26891320672832 5.33462664291663 7.9119195617277
8801.06 5.11039618536664 3.29374153367222 13.8048554731504
8817.29 13.9088523659751 8.32263586013518 14.7680079966503
9060.85 29.3781640493612 8.71511403741296 13.0050191234386
9377.97 34.1215385042524 6.81330994591935 14.1705904644296
9403.66 23.0378996059729 4.35000097506121 22.4126225746913
10227.42 5.70364688639422 7.11669873808565 14.410220964297
10537.96 3.19520931061491 4.13173981632657 18.7980449855204
10673.26 3.14169209951003 4.32842418041272 11.83713053465
10854.93 2.04036095876646 3.12132905121981 1.78207818093506
11113.6 2.31396253552735 3.22737353308019 8.62195385438463
11146.27 3.83720062424294 5.35932264372491 21.3562066426475
11254.85 2.23846800446091 3.11701962052384 3.61729091880261
11262.1 2.35384181919359 3.28611882183331 9.89988137361252
11687.65 3.20257008035705 6.64347534079189 5.76582836766283
11706.3 1.45367784631445 3.09864265767517 2.00651749312419
11770.1 1.56500481841174 3.73767008712302 4.93762513502406
11957.36 0.931783462768744 3.13501940137881 1.74355262024255
11974.23 0.896517291091245 3.12287551807014 0.305221636024726
