4199.19 33.5909695659065 5.84352948595222 9.98908361524354
4214 65.1771512394763 11.964311763214 11.596790423805
4355.37 14.1586749626234 3.37703574758204 10.2111199208694
4369.45 18.2253782693186 4.53856668613832 9.72398866764615
4458.89 9.01923046954811 3.07050737077798 6.98236076968533
4491.65 9.48105202198604 3.61673686011931 8.37964707485116
4635.99 16.8638589754724 3.96277352299282 15.4349991437466
4678.28 19.5700616849075 4.72696504350043 10.2300413676448
4949.24 20.6713664934207 4.60804476663392 10.4506833607184
5061.73 64.8160254648363 12.7759584454407 14.2866155873189
5105.91 15.8946947018078 3.05763035048399 10.4461612602254
5255.01 27.8725299288452 6.02951638267979 12.5849939371237
5285.77 23.2881037410159 5.17847330934699 12.7539521635454
5602.95 10.5323422893152 3.36246695660201 6.60804672084487
6007.58 27.1426814210081 3.95685851661784 14.3501509193375
6143.75 76.6082687274458 4.91661292904212 38.4414357816477
6338.24 25.7165541703457 3.22977772627287 12.6620981755377
6730.43 12.796774501433 4.10172765303357 16.7381394481172
6795.99 9.81503572142219 3.18459751779275 30.4660432702394
7254.93 25.9327794294514 5.36669799349116 28.2816852848491
7592.93 100 13.7166085659891 30.7819552784003
7842.25 64.3782765449444 8.20702923379507 25.5651461036023
8291.82 6.89349040403688 3.20885316660348 10.9474811724322
8819.69 7.3247534549644 3.5550412418744 15.5280895528704
8918.58 8.83355494624524 4.0841094722419 25.2003878437736
9139.23 9.13215835547824 4.32877071791161 15.0908881210962
9466.41 13.9144558120085 5.08584786248759 33.8628530279693
9903.06 9.26576057680249 5.99176718970829 30.0455761892172
10245.16 5.15621731881947 3.24606292527429 23.0377112783954
11108.86 3.46583370029801 4.73440769015111 24.6121272507626
11703.77 1.3738586772039 3.01143807118626 2.12728556609727
11935.2 1.14329043125511 5.9648799539573 4.79513618404599
11947.35 0.939638245576983 5.09840397232057 1.81259478176253
