4199.06 40.011124131018 7.43290881427088 10.0231278212132
4214.61 79.1240302631364 14.898973411617 10.0484255949341
4354.38 16.1437546992529 3.91835462182798 10.982715803475
4370.44 19.1044885591128 5.07644937450798 8.58386420742318
4461.27 6.41689219034536 3.01606175300811 8.27229786908447
4491.65 9.57276618176519 5.01625914498264 8.19267354430303
4637.01 19.0797204098923 4.301141301826 19.3461168564818
4678.53 18.3849913160746 4.20851696329911 9.51613899841595
4849.73 11.1387857318241 3.19959257258079 10.8607413491782
4948.71 31.1138081348027 6.82906479384428 10.3814720500486
5059.61 86.5837631286818 14.9465167850981 11.9635231830034
5255.55 29.7828307501673 6.87092045627096 12.6053066220547
5285.63 29.5362540211622 6.98695927188334 13.5168367399356
5604.9 9.35609975681355 3.52960701566632 14.2211610189479
5811.68 4.77983872408102 3.44834080619378 12.1672398808278
6005 31.8708060090641 5.42495276167977 12.206757149218
6135.94 83.9075974561665 5.92725801333679 36.9496228188336
6339.56 43.8996456662885 5.59851815717536 13.8501819242729
6729.82 16.4916142704898 5.52052520819212 14.463122756857
6795.38 9.31617249881917 3.24657940510325 32.9503297931378
7254.93 26.9801361678531 5.66587866252833 26.2293960757279
7590.37 100 19.5623894833238 26.5501248120754
7841.93 61.8418451900197 11.0828303471029 19.722860711855
8294.14 6.50891916850475 4.40262409383063 16.5395174407058
8823.45 9.65561182172311 4.60983762578319 23.6056107292588
8919.27 7.06914262068313 3.11704349494814 31.8525263256397
9141.49 7.4639915277217 3.8111856754696 21.2913281944693
9399.08 9.98591500381674 3.30097117044199 30.3759719838818
9468.18 18.3952928668179 6.34574615176426 38.2118035687745
9904.14 10.7438039936143 6.52717617506147 25.6978064246123
10245.89 6.31719957432243 3.85289035153147 26.9685684458454
10594.17 3.14759440645798 3.26869578959358 23.3514297644815
11114.93 3.3538320660502 8.63556225766749 33.2729943102822
11338.02 1.73410449359979 3.90165612857199 12.7068158461752
11946.57 1.30163560608396 11.4519621720545 18.9567918000503
11956.57 0.830227997590003 7.52643381493655 2.2809726792766
11967.17 0.393962332033143 3.655501532457 1.63085795466213
