4218.38 59.2097752075044 12.8545764940154 19.4231494730047
4373.54 24.4643245228252 6.59766290156801 30.3148783763845
4632.56 13.7130171966362 4.86741944277098 19.8265809778868
4953.17 18.3017092896157 4.23909085088292 16.6358993400927
5064.77 66.8570701603273 13.1645801875259 19.2497390664494
5260.26 32.3425617384265 8.59290273580774 20.5250564758826
5291.17 27.745481430037 7.72824634028755 23.1161885447063
5610.03 6.44369672582143 3.57091408055002 18.5848834523404
5816.34 3.31314931554327 3.53271364178348 16.359250581485
6012.6 33.4177905420464 4.16104022064406 20.7432283842963
6146.8 68.1839151978199 3.27595575216786 58.0444798690869
6345.88 32.0239878480493 3.30417220128836 22.1083484185838
6736.78 11.8261515278171 5.98758303159995 23.4176562109333
6801 5.307995658187 3.1161353386689 26.0464344802504
7267.44 17.1250459795354 4.37990548065221 29.180879997195
7600.59 100 19.8528927805146 31.3079996317529
7851.33 45.3607703853376 8.44880775736397 29.8716263277938
8827.55 6.08068266210869 3.13147824170866 45.9047669403935
9146.71 6.89757905609525 3.70806743205756 31.1991254913773
9406.3 9.8443442544206 3.12215055182826 39.6085040890357
9478.95 16.0822208630212 5.42868188265057 42.0159294056066
9910.99 7.69712594582298 5.89542193719123 68.0385250379586
10946.38 1.15810308963634 3.3716358111471 15.7700357553695
11127.09 2.66549529719658 7.86360652120957 42.7585505121933
11952.06 1.52727185298166 11.4334934373692 33.5708106806142
11985.42 0.605907332517258 4.51451153728637 2.55015117332186
