4199.43 10.0012348585072 3.71914829989152 10.8416791288028
4213.88 25.1187324334725 9.8315294282802 8.98025299751134
4353.15 13.7389519002077 3.45996177393054 12.9917434287272
4369.83 24.5022886225722 6.15832738428975 9.69594944077835
4627.73 15.5294745087386 3.05458516028741 19.2793966543968
4680.32 15.9766888696728 3.46796686851559 10.0120269440049
4850.64 6.54999090600999 3.42885115289239 8.37646528457299
4949.89 15.7946422401479 6.94847207354209 9.55900951845615
5060.14 47.957752718319 15.0512509236148 12.4013015309729
5255.55 31.1815778713052 10.6215921800545 12.0096285544687
5285.36 28.1311645182078 9.98530069994581 11.8548494924398
5602.82 5.25574642202132 3.42094622282317 11.6145280832379
5803.49 3.19525435743821 3.94780769652219 2.98003309258092
6005.43 23.3949849591893 6.48356674121095 11.2735311208071
6145.78 41.7791104655603 4.18859443015679 37.8859598284262
6277.54 31.9708994675676 4.01714741755333 12.7131101600817
6338.68 29.7846822827279 5.58958050827711 12.4953831567072
6541.92 4.44819166360706 3.36051551446618 9.20343509492068
6730.58 7.30626783165127 4.2515871803213 15.7260707622991
6792.8 5.72559898009295 3.52068415658839 31.5246897678935
7195.31 13.9803659506856 3.11154261301118 29.300890303015
7252.58 16.9005947135681 4.07527311025562 28.1244286194242
7591.01 100 20.9019476914265 25.2045306552836
7841.12 31.1208935276321 7.06873279366178 17.2646329641957
8291.32 5.10493562710186 5.25249179474 15.0575277370463
8430.64 2.38016492253666 3.19625077265764 17.7520701066478
8820.71 6.2360810642162 3.89818223703684 18.0640721753425
9065.7 7.88920189942215 3.78774573153515 19.7766958220673
9138.19 9.20931166273329 4.92732404980136 18.6943856754078
9393.1 10.8653317798234 4.0652408515277 27.3060230292522
9466.06 14.692834121195 5.70839517352147 36.3543663893997
9901.26 5.02692167534879 5.96798369384696 25.102619209094
10241.87 4.18990560067818 3.76158566260907 23.3253454350561
11120.25 2.54326277946486 7.55960325968622 34.2170751158592
11709.99 0.580558991254037 3.17800502059305 7.47065958740131
11874.32 0.28511957171987 3.00500921400827 1.66407313403761
11941.08 1.1868501374507 16.4212819979467 19.3786062653289
11964.03 0.367306773899226 5.60455219110276 3.59343263691153
11971.09 0.204168656447776 3.20648077159345 1.9518503957006
