4215.7 33.374314141433 11.0452552658504 13.7009766103265
4370.07 20.7441819374954 5.93206919401049 14.1220203859866
4684.15 22.4080578963586 3.85174675651973 12.5926718908449
4952.12 13.820829570115 4.21330639461957 13.7456968603583
5061.33 51.5927122100605 12.8073877332204 17.523840867314
5255.95 25.9164930201028 8.15499226230241 16.3130466629509
5286.71 24.8383245152734 8.137097283586 17.0510557184671
5606.42 5.367280554533 3.2025323765473 13.5531995158672
5806.88 2.98394053596829 3.80610112466115 16.626739792162
5820.43 2.73625332434567 3.54175445665054 9.75518662901231
6007.58 25.7599410400972 4.52036259804135 17.6228937479354
6146.22 60.3805637863939 3.88402636498326 43.6434113433397
6338.97 29.154172100079 3.43286923582339 16.4418228176646
6732.24 9.14899189327093 4.95878563343727 19.4243686260979
6795.68 5.92864001706615 3.58101227528144 34.956109322331
7254.14 20.421816604191 4.01395675119407 28.4650201202558
7592.93 100 20.3869779065791 29.9436732212207
7842.74 50.8139249222691 9.87068184215939 26.9597589011082
8290.98 4.18792380805653 3.18071590260478 14.8171587522284
8821.91 7.52716742129334 3.95252212913474 21.9016196340563
9065.7 8.25449419310566 3.15853502174143 22.0788498283728
9140.45 10.1668510508572 4.23992143747242 25.7384964507364
9396.09 11.841193147933 3.17409730774512 35.7365602063655
9467.12 18.58792559928 5.09461475166872 41.5419191961046
9905.58 8.14611522015055 7.34272818987372 34.0534065593911
10245.71 5.714353699975 3.69302293316348 47.3668630790235
10928.1 1.29249044045077 3.58537862480921 22.5021706966381
11119.3 2.85132031121516 7.77546063661436 41.929665693222
11698.91 0.668027820682864 3.74767552265582 8.77832316929198
11707.46 0.593481507187953 3.41275877140389 10.6739845765933
11715.62 0.543220724686943 3.20325816527018 3.48367906404928
11903.47 0.353005781961282 3.89866681160855 1.93475768783173
11938.73 1.19280701838172 14.4858179454976 31.6922684667952
11977.96 0.324790709559963 4.40960717039284 1.46310067581544
