4211.94 50.0922434838395 12.0442671369479 10.0005591661065
4352.29 12.4012938244515 3.24521594245856 10.9357731113205
4368.96 23.2383462889289 6.20263222152162 9.01543267702073
4458.89 9.56479639490788 3.38903606880785 5.61424201034879
4589.58 12.5854584425879 3.3250325619317 9.38361423080642
4626.08 16.3316362703268 3.69100417092377 20.132996854195
4681.08 14.8026807632616 3.41829372788895 10.3442803453881
4948.32 15.1778830228913 3.92618461377838 9.46879913868543
5059.61 68.3687080168237 15.084647296686 14.537663347699
5253.25 24.2226535785123 5.48500739111526 12.6082761353773
5283.47 24.4261702015216 5.6114833642068 15.1212658811628
5807.3 5.55876497501772 3.98865409852869 16.1049726662432
6003.99 24.2136492866422 4.15154193287767 14.3886498440279
6142.89 75.6890827213703 5.13170975976028 37.86611871887
6275.49 36.5037116076434 3.13937046811274 13.9995065353614
6336.33 35.0871908304544 4.3223481359793 13.7316689651261
6728.16 12.1646158210462 4.66014985624568 16.2008305073778
6792.8 7.74610749248244 3.12808311400105 25.5203377664056
7149.42 20.3033809648084 3.21156022602288 14.4419440576439
7177.4 23.9154829839867 3.31349389637464 28.9492096714412
7250.24 25.3040300077272 3.78655919736071 31.1251986821089
7587.66 100 19.4542418450972 28.9823838759876
7839.01 40.1913702921525 8.86419866230405 23.2184594097544
8288.66 7.48865980514498 4.89086987549512 21.6999401243993
8421.93 5.44950312790467 4.42254493810801 12.9986739520209
8821.91 10.2566136326185 4.35718891698895 20.4788852955407
9062.58 13.2153301092219 4.40110125975001 18.1913895943562
9135.41 11.0832852365953 3.90100135275892 18.840169127785
9389.4 18.7663392569767 4.55999834006319 27.6423850135034
9463.41 20.0350017936302 4.80889556398428 38.7914856417901
9901.26 8.55565623934056 5.18818546053879 28.9238827102254
10921.32 1.90743391179053 3.01821350718891 8.56605236804353
11117.21 3.69465566972164 6.80714101984173 27.9756664747565
11682.02 1.23894919884203 3.5703942695969 2.38461797749187
11689.79 1.1928246881203 3.52488238486792 6.14827745917137
11698.91 1.15974597582761 3.53666965401193 5.41355056994871
11709.79 1.0183351572634 3.20891617108952 1.99316023826577
11943.43 0.92481160674606 7.82587057207139 5.31634077210219
11955.98 0.692695299093287 6.21041417834098 3.41998351665097
