4026.25 6.15323750502104 5.73871461375744 6.14784048224965
4150.65 12.1363640446628 5.68458485945371 7.77023710724552
4210.72 100 32.2754842741054 7.40771866010618
4296.18 13.3479441879214 3.23541779517861 7.50851585948476
4420.53 16.9079133258611 6.47364390873518 6.52069787634082
4581.99 15.3735117065586 6.23021301335297 7.64092404016628
4592.74 12.4096880744301 4.43809781117212 8.93508708749505
4632.81 15.0108768365183 3.89407403043594 9.09542126988254
4675.08 24.6702497592548 6.54557901688207 10.5019518181725
4718.56 16.5798108634754 4.74169159792556 8.23428187547779
4761.07 9.75149829375638 3.64472058297651 9.07466660940554
4917.31 4.10976841091837 3.51070458903451 4.599557445149
4979.29 19.3255776955077 12.4068955635807 8.78014650241676
5015.61 7.17924051539534 4.32453320865382 9.19670001885697
5059.48 18.401747592113 11.1539925554627 8.50836654969044
5172.58 6.31607340315403 4.09833517218471 7.98854375086739
5250.83 42.3811842236554 23.0135500899793 9.24885119408827
5468.52 6.62748198262689 3.91766886645585 7.18153411555613
5544.24 4.79582504415352 3.3016929920743 13.8982977794776
5701.49 4.47360224135274 4.24824281928321 8.70967725895025
5763.21 3.90613703397257 4.14882307214503 9.45140255404749
5813.51 3.31757446578304 4.02477164931565 11.9592589816693
5902.64 1.66452333568891 3.48769953226264 1.7129960104603
5983.8 3.07496377541286 5.85372478821745 5.50872128883475
6143.18 29.4760833727559 6.16763060587606 9.49258269419443
6177.26 23.020567027378 3.88775279212936 20.1993817607172
6218.12 48.55022836739 8.12069308645543 10.0573659017309
6273.88 19.5383249635052 3.15468824820823 10.6668982453075
6350.73 19.4444910302408 5.06006128424612 9.88890095925035
6509.6 3.57274282471412 3.17506916056108 9.04002092940573
6616.22 3.8582591560092 3.46522437483559 11.2828551408238
6754.92 7.36507040261455 5.25457150138014 23.8456513437632
6786.89 14.9275181630645 10.9645436449276 10.8464337372743
7148.95 34.0577687838332 5.6021794468873 11.5396593440955
7176.16 22.1985844454317 3.62322176885644 13.0871355639647
7585.74 48.6433422282235 14.1962341768509 11.6488208190776
7623.45 22.0501123635997 5.54562797253021 14.3838919362906
7653.71 13.6961274575417 3.59205884075149 16.0564814572099
7725.82 18.3246201408897 5.66737935868966 12.1594489355248
7950.84 4.1447753009251 3.20895744740437 11.8205672661734
8136.08 8.69152720998153 7.00162677252059 12.6383885312753
8169.56 3.97215693903481 3.24948808600929 14.3461231174115
8286 6.58670447688541 7.56103868098115 12.1817590905703
8496.58 3.36523406534647 10.8226775919955 12.5350095519134
8815.58 13.7777310179261 8.35219152884818 16.5503180051855
9062.06 21.2554493686543 8.34252236106158 13.8903683579774
9377.8 22.0874567928564 5.87736120573652 13.8283127841587
9402.42 13.7881883014871 3.39971167602677 23.5532729404349
9553.63 12.5113227769786 3.4559630018704 14.7848591762231
10032.81 3.11973991628814 5.55742440180176 12.5441792909041
10154.59 2.8385532329582 3.43691119233409 26.1910935447358
10225.77 4.36218249280243 5.06373066809838 26.0346652815733
10406.57 2.80056403832669 3.58141140810171 19.5466658589048
10668.04 1.40651788823726 3.81430189947364 10.3384501049659
11108.1 2.23807131636263 5.25736084699119 16.1642251037229
11145.89 2.29122104207944 5.30268862801078 24.6477536625171
11257.33 1.89967104939787 4.60682145712699 14.9769620582047
11368.11 1.1925878021732 3.24909260616003 15.4496231176399
11689.4 1.62931279760205 7.8597577309638 15.2424753493269
11760.37 0.927305906875416 5.2226506647616 13.7294468041346
11796.22 0.507036772243001 3.12014239874263 5.08025409707989
11930.5 0.380310363216737 3.15008813495172 1.2754565942414
11953.04 0.658455194862103 5.76243566155806 14.4197822147598
11969.91 0.357827215972698 3.26993623693464 1.33319305745317
