4026.37 6.93973051451047 3.93333847888017 7.12476867045461
4150.77 14.4602515365136 6.04046153027702 8.46639734556629
4211.21 100 34.8958663090058 8.14021830914953
4294.71 14.2039361984025 3.70005907609606 8.19431037171307
4420.28 19.2131781287375 5.77904066559961 6.6047781792995
4581.86 19.5535750861064 5.41646195840692 18.5696821515721
4632.05 20.39221778647 3.91873101488487 9.46579146741533
4675.98 33.8424111238246 6.78490200002476 11.0229136945563
4719.46 19.0429898501623 4.12109180903628 8.44997177999539
4915.48 5.64102779588106 3.82208162251561 5.72772771489508
4979.68 20.9216287316363 11.5047460903518 9.37439221610202
5015.48 7.86871311209345 4.05197215364765 8.8557080059818
5059.87 23.5172943319871 11.7214744120092 8.90594980296919
5172.18 6.17547686694857 3.11589616807199 7.22005947052276
5251.23 46.7576331880269 21.3335993744851 9.88611851436326
5468.65 6.08838405328959 3.17619270560023 8.60234316063179
5544.52 5.41726673845214 3.31635944683545 10.5982749108798
5602.95 5.08500160461827 3.54768729289562 7.24230798538247
5702.47 4.54552154373219 3.6041464953764 9.6975936773897
5765.18 4.15608367753125 3.58350803964125 8.73060291970796
5814.22 5.03495541469045 4.8259051127673 13.4309375385001
5983.8 2.83108800049611 4.26063658762867 5.34069157587783
6143.32 36.4679103699235 5.48645880632743 10.6135170394873
6217.98 49.6213015045869 5.73794564037598 11.4991459579978
6350.88 25.0274403858778 4.37014979190904 11.3043928057587
6490.13 5.59782902499058 3.13744088325984 10.4003243417392
6506.48 6.86291291499154 4.2140152939861 11.8805708947466
6615.77 4.94882757333733 3.37750730119962 9.30081455227446
6752.2 12.2053457068116 6.49671419232577 23.255779762173
6786.89 25.6397288769653 13.9097019500504 12.9419439823951
7148.49 41.86208515709 5.46944664623753 14.0966868000041
7176.31 29.5270225513035 3.75010656179261 16.5320187777652
7584.79 73.0667079246295 11.4951293178059 15.4281691403467
7622.97 29.3560998870536 3.94186810264143 21.4618257083457
7724.37 24.0666572055407 4.16617507948353 15.1311711228773
8134.76 12.4001816317106 5.94991034038042 16.9962402172032
8286 7.58378360784781 5.0939066473374 14.7381254579777
8494.56 4.83730597775727 7.81864894483023 14.6991095120375
8816.27 18.1995610992621 8.28238889480985 19.5710082570731
9061.89 26.6925419685643 6.87934040470432 18.4106473164884
9376.39 28.8052204165121 4.96315070836534 21.861459141559
9552.39 16.7554174372037 3.01335433744617 23.0949193686592
10033 4.16641752438682 4.58599426307832 20.0094310221593
10225.96 4.96000471562642 3.81440306729226 27.3458137371999
10407.49 4.58776048349971 3.72993361545336 25.9223188200631
11108.86 2.65369127293439 4.93501601463953 17.2950995737665
11147.41 2.49581798807141 4.5201966146803 30.1044358553681
11260.19 2.17985986052502 3.87410664220715 22.729781756947
11689.79 1.65014150853803 6.09384776285956 17.6279966987076
11764.65 0.913684514607216 4.10212487893367 8.91656490134483
11780.62 0.638352941232972 3.003736519781 8.28051746243364
11940.3 0.462264352607993 3.2861959394168 1.80816581999534
11950.1 0.645635276584862 4.7163028185266 9.58155164868185
11961.08 0.711861020051506 5.36582332537189 3.75563604634226
11968.34 0.414478627257873 3.19149366855075 2.10859938330213
11975.41 0.441266257277144 3.47052030169991 4.53401582331026
