4026.73 13.0766436661663 5.75167495901302 6.00710357690423
4149.08 12.7216651738353 5.0677943051835 8.78978364551131
4210.96 100 31.8289413045807 7.93841628233986
4295.69 19.3630555155331 3.45381389684267 7.59904890351936
4366.86 45.4260228102206 5.83214094064368 8.23132454987262
4421.53 37.5248357569522 5.35927148195702 7.85466916622136
4582.62 25.379274441068 3.80182136043559 18.5297702865291
4633.19 31.1165668867701 3.45846172864623 9.96634509428623
4676.11 54.4625384795281 6.35318584336492 10.1394499308999
4719.46 43.5662020913952 5.57873631109043 8.91999310625579
4762.61 24.0417703391435 3.96943621240816 8.64175397131112
4980.47 39.9218107832111 13.0057884024246 9.68578158712717
5013.9 11.2643239156602 3.39778122134646 9.0753025435788
5060.14 32.9004690517434 9.80008433442209 8.98528873424311
5172.45 11.0303246892378 3.48481391276071 8.15860422617789
5252.45 89.1119784578186 23.4126011210387 9.46202519681628
5381.82 12.4891931679169 3.01354879288295 11.9225144445154
5470.57 14.8433091657527 3.67441522443417 8.55359934613443
5703.72 7.60613050847282 3.69141770468814 7.4351502874415
5985.38 4.94070139233449 4.59893970247347 6.59427583983143
6143.32 63.0193558932735 6.48053964048254 10.1140760962171
6177.69 37.6294107595209 3.07673506954541 22.9885954150113
6219 92.1032644920726 7.33618702886569 10.7895931704934
6274.17 42.858041206375 3.22663237705873 11.2019379413132
6351.61 45.0297000495711 5.1134169104337 10.4952732160009
6617.27 7.75860155521002 3.4053063380773 10.0543217077084
6754.77 13.7101451096473 4.26995943123923 23.2071043463848
6787.8 30.2077092690342 9.4435620878147 14.0356869620309
7149.11 84.0957853794415 7.39202945659264 12.3990044959028
7176.62 52.6155186575706 4.4638992243424 15.25861267849
7224.78 33.7402751074787 3.24449076539094 14.2349624246963
7585.9 90.9256334015826 11.8059066335688 14.0587605447045
7626.33 44.6315621136976 4.96580150537647 20.9947035756086
7724.53 26.1177154125436 3.43679065046898 13.6712131229206
8135.42 13.2232314487924 3.91311724921255 15.6030110843876
8287.16 14.6760397422191 6.71423670926957 12.3750994855654
8496.07 8.32338727048412 10.8964821905606 12.4728918207802
8817.46 24.3910412953057 8.56176455471102 17.0604385275965
9061.54 52.5845257256625 8.29636901385751 16.1581471844565
9377.62 42.6637610670039 5.2169297218878 15.3080532041949
10032.45 5.77226191287808 4.38706069728922 16.0885212095927
10157.87 5.48312200628749 3.06991364295814 26.0036563759077
10226.32 10.3704138177227 5.73827682166559 20.3455444123701
10670.83 3.110964547078 3.10154678999026 12.7793048190924
11113.04 4.59176871029195 4.63417009524372 17.0326824549684
11146.65 4.87857962839575 4.92845419814922 23.4069804639876
11260.96 3.65760491130676 3.94865012803932 15.897643726872
11689.01 2.81871082877996 7.51255999154365 15.8328541913379
11707.66 1.12551001139508 3.16545459374044 2.51672832680197
11763.29 1.31196010872299 4.4638489892148 4.11382614208924
11769.52 1.22445009766834 4.26532492316779 5.77676460564544
11787.44 0.82953483790074 3.10163079973638 4.31938418828577
11796.41 1.47152086236537 5.71681588943334 3.70556173037221
11803.23 0.812398156826975 3.24963093740176 5.58952525695167
11947.35 0.890164131500574 5.4848812149077 1.33245029228419
11955.2 0.910937599437408 5.76440285459736 1.94271849988399
11962.65 0.783470942169059 5.08815366902697 2.44085134836678
11968.93 0.654670224812851 4.34804489232546 1.48603059998823
11979.53 0.489415737620896 3.37980191832789 1.30227736794768
