4027.44 10.1262394445049 4.32526608154016 4.85480450109071
4149.93 13.2007239367841 5.30471578174029 8.23211101305969
4211.45 72.4888823291494 23.5519321965832 7.8770380400556
4295.32 20.7369224272149 3.83894815438895 7.9480699311589
4366.86 42.886045390603 5.86979423918423 8.8070989706157
4421.03 35.031799860348 5.54051314769732 6.89286333746259
4581.86 30.7154367511753 5.78524195041393 6.82391211493905
4593.5 20.0345308936442 3.44676915861398 9.12678104361294
4676.11 36.9630862967724 5.76712473637178 12.0950934660559
4720.1 27.4884549555286 4.96306448227036 8.39295070121079
4762.23 13.1747217382949 3.19820542636463 8.81104420426254
4915.61 7.05387979547319 4.0338226483502 6.4587327100644
4979.81 36.1387648413279 14.8007633131357 8.75322272626181
5016.14 12.6797220339993 4.73178743748743 8.01080317580363
5060.4 31.6347580551808 11.4187085607704 8.70873568668776
5250.97 85.3290883186827 24.9842550990103 9.110297680234
5469.89 11.1445013630487 3.69543649343273 8.7699983934599
5544.66 8.7468644665127 3.35634002777479 10.5339224411773
5602.95 6.87396177683791 3.16233426330923 9.57813090896252
5705.26 5.55785546249205 3.66213965530807 10.3742098502589
5764.76 4.11320641805225 3.28309028215482 9.49473718439367
5813.94 4.37757701421699 4.22306604235592 11.8598858751875
5951.5 2.47285740313372 3.07994288992468 4.03866029790424
5983.8 3.86370619541714 4.51789858071186 6.23411501270675
6143.32 62.3782839122033 6.89548509836799 10.2127886166854
6218.12 84.6707604640542 7.17519332543859 11.0129248539924
6351.03 38.9139355926204 4.85826942107684 10.9300476269736
6507.67 8.32700488669131 3.498965022399 11.3746614730981
6615.62 5.73204952401411 3.27807983140596 10.6092453017191
6752.05 13.7313347582804 5.11977723624232 23.2202286327283
6787.19 43.0051798067545 16.0093778020278 12.5397283675748
7148.33 74.3096584781282 10.9331304441361 11.779918430293
7177.09 44.9253972176905 6.25153482984686 14.1429429517129
7224.93 25.4034742827228 3.82597581241692 13.5275818562195
7584.94 100 16.661939959523 13.0795482773756
7624.41 44.4415857308926 6.33403897705264 17.9253897635881
7724.85 25.6435233019221 4.29379311736764 13.6002626203817
8136.08 14.6934546473644 4.84954521644971 14.5665616537553
8286.66 10.7634007326632 5.98251216449375 12.1024502442124
8497.08 6.09129869136166 8.74878974873898 14.5106638639299
8816.1 25.8692808398549 12.5481711273309 17.6675224296614
9001.58 17.6426474046166 3.66176440458304 24.7969216334895
9060.68 45.9479970280326 9.75242803074802 14.8340517937031
9375.86 44.6543332836806 5.81342258602948 15.7779119377119
9551.68 25.169597003276 3.524916695737 19.3687954576999
9976.34 2.23727477683829 3.2200742745813 9.37880270314417
10031.18 6.07756558319652 8.77021608594345 16.7180299540269
10225.77 9.08566629524615 8.39211712175223 17.5143199613958
10406.75 5.61269038989078 4.68213748115546 23.747819815766
10670.46 2.49094084176362 3.62429220337255 13.6845520968855
11112.85 3.24749166370381 6.11182525455274 19.3228818718926
11146.65 2.93176780624274 5.30628121842064 23.8080095409041
11260.57 3.49371913922036 5.76838257663885 17.6506118863381
11455.51 1.66928964651675 3.13905515925795 22.9165287919932
11690.37 1.75938226315437 5.92061131747661 15.4502691810194
11760.17 0.880081094760118 3.86937424581269 9.38153320353922
11789.2 0.598676545767398 3.01796121124391 4.47443381302219
11798.16 0.640177351126395 3.38240095858258 5.04444538407006
11953.24 1.06422563052587 10.0480121909887 11.0606544856873
11963.83 0.765789999142201 7.57810148481593 2.09786604389774
11976.78 0.44727216868558 4.70274419310778 1.9729066744294
11984.24 0.313408258972419 3.41839611716728 0.60451156057934
