4151.62 24.4714662803481 6.81526035227284 9.24688431743834
4212.06 100 28.1974701066356 9.14828285288513
4295.94 16.8992487060963 3.97260824094261 7.14707198932228
4422.4 21.458973375002 5.1945119711026 7.73087354167183
4582.62 24.8142192059341 5.18170659735111 18.3573857804158
4634.21 22.933743357594 3.796278250295 8.10742733959523
4676.49 49.4510785174337 9.00390116455665 11.4155895035765
4720.23 27.6143989829729 5.43003195658284 7.88330815206245
4763.64 14.1142180135693 3.36089920704593 8.33733674634914
4916.92 7.01016112400612 3.21767802275719 6.06460213618993
4979.68 26.5612165134407 11.4561514409474 10.2266908180763
5060.93 26.3707010843077 11.4774876969586 10.0442955809467
5251.77 41.5764913661018 15.4443152318397 10.090357991432
5383.05 15.2929093045099 4.74753452296017 11.3930215591681
5470.71 8.7019427274356 3.00160314999618 7.99891126787588
5702.19 5.34962482369879 3.12514939079651 11.8510470463016
5816.9 7.38664174765097 5.3763888056015 14.0800881089208
5954.79 3.44308437124659 3.06654532013184 7.63320805345029
6145.35 40.0938621012727 4.49922970740347 11.9159825421111
6219.73 54.0658823718056 4.67980438414848 12.8577569906101
6353.53 29.5596137291923 3.60035155394072 12.7147951458674
6510.05 12.2247808289408 4.68038601300101 12.3575190883012
6754.01 13.2244497890165 3.31720959619824 27.7243455971984
6789.92 69.2955084906325 18.3418792548262 16.1907881637508
7149.58 35.9263701570247 4.88156819978455 14.582198258815
7177.71 40.6266932350493 5.27147611470339 17.4448358343607
7227.27 22.6948218879215 3.22363828066654 17.0054399484716
7587.5 97.2911767183233 10.2495871236286 18.16362754485
7626.65 47.9677410654279 4.25244614583235 25.9006777351751
8138.71 22.3258614738778 7.79581842877013 21.517826432374
8493.22 6.74704869240817 6.10027026798807 17.4296525090704
8816.44 17.7734699750813 7.88490339749386 19.8419084478373
9062.24 27.6089223443244 7.5974607573513 17.8890262333134
9378.15 29.2958474420421 4.70693118339837 41.232129879465
9554.69 29.6582970609713 5.10169264255798 23.4779891802136
10032.81 5.1548846570014 4.69749557873012 15.443395928789
10410.25 7.56496194575688 4.74096115592333 32.7494741730043
11112.28 2.39357128678642 4.34514540819089 23.4780195868607
11145.7 2.03137269835064 3.60928077438699 20.4478545979546
11260.77 1.73934634393361 3.09500103764573 13.6351862311167
11461.28 1.57401953500728 3.33435375597372 19.4611517642334
11687.84 1.39182787195055 4.65388248276013 10.7218293932783
11760.37 0.915895598451052 4.00788337216383 3.14177820244913
11771.08 0.978340898117414 4.49157685049682 13.3719916858754
11791.73 0.952360602454205 4.82125899829966 1.95072417262963
11798.36 0.73498106466506 3.84046009336834 4.65179406112657
11812.79 0.600689322178082 3.38599386343892 1.46259936956085
11936.38 0.418455237612606 3.70707445383901 1.39082416591555
11952.26 0.819798383096633 7.82315703472022 2.4156665566843
11969.72 0.632869525342824 6.57375411078397 2.38010235199363
11977.57 0.387490804167575 4.18720704290234 1.1055699059325
