4150.65 17.0325744869983 5.31036336158136 8.90372577070957
4210.72 77.851625002738 24.149902837334 7.73835065263302
4294.83 13.2015674009843 3.04378167868772 6.69410412840898
4367.48 39.6234449704314 7.11695502846284 8.31367787202089
4421.28 29.2105875709456 5.62263168426743 7.29825468978197
4581.36 20.3997382789022 5.01568854740036 6.25955248620812
4593.5 18.0900540621947 4.1524951870495 7.37850197421358
4632.94 16.8220199051094 3.21422569066865 7.70846554049331
4673.17 30.4577825964314 6.23729594884205 11.5220962518524
4719.07 18.7933789172415 4.06773628167973 8.82191640281872
4761.84 11.837241221889 3.21221336140725 7.82734546196298
4980.21 34.8991048895272 12.4156360231584 8.66914349648596
5015.48 8.84473592605655 3.00815084010365 7.32127783439137
5060.8 30.8900487814075 11.0039918832562 8.91903899416957
5172.45 8.80056010104097 3.70903219902366 6.32044791042063
5251.77 61.5229028772222 22.2822499278438 9.04331539843588
5380.73 10.5042748897255 3.48794234443737 12.2091622327389
5468.79 9.59295341704921 3.65742308507054 7.42777652149744
5705.26 5.91350809087474 3.44994322690162 10.4293055293165
5813.23 7.146546429447 5.18070610261596 7.61167696799112
5983.66 3.14499045526531 3.04455132334982 5.06693992363671
6142.89 46.7469557033066 5.24142670920455 10.0982724322685
6218.41 61.7628303726524 5.25776931590002 11.2763880041302
6350.88 35.4718350434033 4.1302305604295 10.6572353425672
6509.6 9.9204395074974 3.72947592136331 10.1792548056428
6617.27 7.35658668528263 3.06781220778854 10.4792184425796
6753.86 15.1458026534705 3.15714798800703 21.7771650899967
6787.8 53.8773354336651 11.6392325674351 12.8911193037447
7149.73 49.606146963195 6.05579759386796 12.5914056059155
7176.16 44.8362394981139 5.2098639790646 15.2852084925789
7225.4 28.9878947419944 3.64846296998807 15.3040660360402
7585.74 100 10.7041598639096 14.6881022143325
7623.45 46.7059248368175 4.17706892390216 30.3531971597477
8135.09 22.9554606762676 6.71001759677157 15.7269941592804
8494.56 8.99918407085331 7.30799043373623 14.2511070476321
8814.04 18.1763244864873 6.77095202292111 17.6584898375149
9061.03 35.8740471990905 6.62784314334378 17.2907893223146
9377.97 32.2324038986061 4.02989276669671 18.0546132496438
9551.15 26.5439241634835 3.46482462438714 21.4757809710864
10032.27 5.31161298650771 4.26581034119351 15.6360058959526
10407.3 8.89847986408319 4.01325959998627 34.0977999334737
11112.28 2.88117649888815 4.29176866405466 20.0630902506382
11143.42 3.10445255582492 4.68668867019033 20.1676971426896
11260.77 2.01849312816601 3.05372011395872 17.0178262328518
11458.78 1.73788506955776 3.23500008328154 10.6465374543386
11686.29 1.64997223211258 4.55165714516989 12.0578915087299
11757.25 1.01053154533235 3.3535715430872 3.90847519038107
11764.65 1.19140413996451 4.09095620635858 4.38089131213201
11773.61 0.990679428971943 3.47445752104585 2.83398909390417
11788.22 1.10526556634229 4.10711935678906 1.43999219615216
11804.6 0.80759489001521 3.14411585398365 1.33476289135433
11950.69 0.866253263684336 5.21007651271345 3.00604553744051
11962.85 0.705706117911238 4.40684412029581 2.34363521191153
