4030.41 13.6196290711652 6.14266581764249 8.77346017401351
4126.43 100 25.9201877397124 11.0107831699352
4198.96 19.1694238683428 4.50286286486301 11.0064656240247
4227.28 14.467591694797 3.57350280036002 10.2301418081915
4283.1 12.539154187762 3.03114657894349 8.87366773699887
4381.38 25.5934204466199 5.09617480967466 21.2944887722597
4533.14 14.099898910494 3.3950115014105 8.93298126094578
4593.2 13.8676668005505 3.38464661789628 9.29188899079782
4614.74 30.6083328882374 7.86478696999787 10.2520165691658
4812.01 12.7464509575442 8.23936233932264 10.707775538991
4977.85 57.9077542393585 6.95855769975954 14.2201167283829
5019.33 31.5151090785043 3.36484869043091 15.0418880440257
5255.47 10.6883890445216 5.13031912335433 11.2755215302868
5477.95 16.5217902120739 8.61155459157235 15.1640402568464
5587.39 9.96800842165466 6.27907563201802 12.2891891710551
5742.98 8.30592437538069 4.71573793491766 18.3219429542687
5977.55 60.1076895899725 12.1703803542124 15.0613205727523
6155.12 51.2953042181401 6.26476148663632 14.9867873865851
6349.8 50.7207772865905 11.759883991957 17.640784813334
6649.38 13.447516977129 7.14038534404047 17.9393201054918
6797.38 7.35457466288674 3.41670112343058 22.153409762067
7026.8 48.4348695990147 8.93762813066298 19.9280157162202
7105.13 47.2520762977493 7.42483992321481 25.0210240444312
7706.85 4.50089186803259 4.12598308436668 15.1001820262463
7744.83 5.14352409643017 4.81247564294692 17.7146539093392
7966.06 8.66399703746299 4.63093926031057 28.8189553072771
8016.24 9.03737750898811 4.8104838406793 24.4540573117865
8295.74 12.9797885775819 11.1927926815071 26.7242695848217
8684.25 12.6444221948646 8.04374417572162 25.9941528900108
8840.92 10.2891464423206 3.52499549827632 28.7782885708639
8984.72 26.4000178388774 7.4912102204738 53.5618319877012
9443.41 26.9504834578128 5.77416251048019 50.5719964883519
9830.74 9.06747100169628 6.28978782316451 30.9188302801667
10232.05 19.7266937635436 6.7270623497521 65.4852953516656
10355.3 9.09982103154456 3.09284433997235 34.3650734527182
11125.58 9.8065999224981 8.33524378706702 39.1131517656759
11346.12 4.37770443615138 4.10623566744377 33.4386487935717
11648.56 3.57424389455495 4.59422299386363 37.0305349059599
