4027.19 16.40266341088 12.3037491635723 6.58566489810346
4122.34 100 30.7037077431123 8.53362810176168
4195.8 13.7186447736797 3.72184372072541 8.97776258859085
4225.09 10.3618050366698 3.16364528287261 7.08661666118405
4305.54 8.77173065799427 3.79801610712392 7.80722380402767
4366.78 19.5587597873781 8.14539847786042 7.52755128747594
4376.55 16.4514350617384 6.87680545879037 8.20772814105658
4530.12 17.122900996436 7.35248521021885 7.20468081041872
4609.54 21.3376566988491 9.56724215538098 7.75456622303591
4806.33 13.973008548384 15.7291844781596 7.67567830968437
4972.99 76.6308832928926 22.3354439117456 9.8767244398432
5013.92 25.8298382464304 6.41420148845625 9.11609199158465
5253.04 8.22057453912001 5.79119377705548 9.57448872405712
5473.14 10.2559406732463 8.45254859078359 11.7559146097892
5583.24 10.7742585433227 10.1836830403977 8.93450044679412
5736.94 3.74106185813698 3.65229156948432 11.7663418498414
5973.69 49.9968051418459 20.6983761966405 11.5401675216308
6000.74 10.2509269667049 3.42806539278276 22.0973945063606
6150.05 39.6132775694011 9.10102749052651 11.278967645645
6345.54 36.3349748525404 14.3289598539477 12.2429056570536
6466.05 5.73803377397912 3.52440798751492 12.4323531399032
6643.22 14.1016934974408 11.7175907071778 11.992279082473
6719.11 4.2251097203311 3.61698640071686 11.666360252394
6787.36 3.85493958821933 3.66708162487413 21.9321760158991
7021.71 32.8707275854861 12.6007763020076 12.578212255069
7098.32 42.4964419205816 12.9366985886245 15.3065699081835
7447.6 2.47844442170569 3.17179411761707 14.5529271960249
7702.83 2.69153843444617 5.99956930532919 14.3639852818897
7739.68 2.48491272045019 5.58904623230079 14.4597244915194
7955.94 6.37708196067681 7.09827324136439 18.6678178752154
8011.66 6.90401776429245 7.52635398780545 20.0960057047077
8289.76 18.5943582686746 27.630397324111 16.2234768413164
8678.98 9.08979681513342 8.41232044817836 16.1084547448245
8836.98 9.44751250086155 5.18518029950207 19.9299014537719
8976.62 18.9119803693658 10.1102817069224 38.8814646334486
9277.23 15.9349260277998 7.23495787032074 18.5052962460559
9436.36 22.4257876461614 8.03782520012442 19.9783030697527
9820.33 11.6454802971841 11.4421688391589 20.4875603095388
10226.75 15.5582782843534 16.5185489754097 26.5736407806253
10348.12 4.49878764812003 4.19909650418713 28.1031028390953
11122.54 7.45908020922174 13.9837476714994 28.7581920483462
11338.65 5.29677089788874 8.14200879062009 24.4753634287372
11636.54 1.72014116753281 3.7902932630254 25.9962848569994
