4028.62 13.5199851040713 9.10617075474146 6.82740701990542
4124.26 100 27.5303947032128 9.44685152094007
4226.31 12.8425792642717 3.20610974242981 7.44336708390983
4282.36 23.7291805422378 6.19719975422685 8.8974971340449
4369.37 21.9770797118631 4.93925161028265 20.0590696862791
4531.63 14.8308989957179 4.67812386900484 7.50954757239379
4611.95 22.1887228656578 8.48725840998754 9.00018309607185
4808.39 12.1452940866772 15.2371707642465 8.26680416797808
4976.01 80.1877887313337 15.2612470071845 10.7261448605122
5015.9 28.8041432478268 4.72537047331136 10.8722025647003
5254.53 7.92679513981761 5.0964636736943 11.1803315509642
5324.81 4.08074215877135 3.0236534293495 9.22702892558209
5475.61 12.8781945272259 10.044778523391 12.110922881946
5584.34 9.47594580928221 8.27868994109457 9.37165630208983
5738.76 5.40288046630562 5.03384016721296 15.2802430989141
5976.83 60.3930691189732 19.4239522197128 12.7211767459676
6153.53 49.8959129443268 8.75055177850339 12.5834645593932
6348.63 34.8950737481986 10.400609153832 13.6847213045212
6504.82 8.42764049042761 4.65618067548655 13.7134705557783
6646.22 12.682802374437 10.4659073491041 13.0598269816146
6801.02 5.15984526531644 4.1139148777732 22.2350559023926
7024.8 41.6802542959649 13.5271168458169 14.4293887068488
7102.5 39.3106659335754 10.3580143766807 16.8650742446553
7706.04 2.8954820037727 6.2911176946366 14.1663539952042
7742.58 2.63459597454195 5.92089437830325 13.0924365120336
7958.88 5.86488771565299 6.15215791966071 24.8498003320683
8017.88 6.74212946634176 6.68943802082322 21.4810920263326
8292.25 12.0267936706762 15.7649453123545 15.7334596781347
8450.04 1.61454212155344 3.51241296356443 18.1733183346259
8681.87 9.12284751328815 10.4226133937254 18.1535419605589
8839.38 8.60755890512728 4.91786446987177 19.5049009035247
8982.13 20.3152273441038 9.04484331958209 45.0462427648454
9281.95 11.1893025938141 4.92781061867678 18.4744485488209
9440.42 19.6943115687203 8.15771562023724 21.506776924356
9827.69 7.72713114904261 9.84871514466654 20.8227640484347
10230.04 14.6219214544786 11.4636297677057 31.8175472069888
10350.7 5.75080367197389 4.16260960218505 31.0076794791312
11124.06 6.86448584730947 15.3751219431452 29.2196030439609
11342.1 3.52323802214095 6.51352196932514 24.5064505757618
11647.4 2.11311150187843 5.03538272467182 27.6942106301158
