4028.62 9.46367522594608 7.3374858025798 6.94142164090272
4124.26 100 31.4283099007816 8.29089858533007
4196.89 16.3175606258998 4.52364655434617 8.15345260863887
4281.38 12.0839409983213 4.12084080875687 7.72585239636555
4368.63 16.3466964763121 5.28018523951653 7.57451080663122
4379.02 15.6027264086334 5.0689424550257 8.70602836546186
4531.88 9.73331892753882 3.73218077719673 6.25722284655239
4612.84 18.1121534624638 7.8783820492041 7.75113730096564
4626.42 10.2282161705852 4.5050126587589 8.08023417616096
4809.43 8.30485458982646 8.98548924062873 7.07872588705413
4975.88 53.6193431931311 14.3706913628533 10.1402715480835
5016.69 19.4625939630468 4.58129045301834 9.68135829423227
5252.37 8.35882373851767 6.51174682305946 9.6774227994274
5325.9 4.20944423978108 3.30291350737721 9.37159269620588
5474.38 9.10859485356317 8.0535926861557 13.4757520119629
5585.18 6.3686727509242 6.39545929766524 9.60139278750012
5741.43 3.86671653914061 3.94872125387593 16.1685679299644
5975.83 46.2136957427515 17.7883541408936 10.782316189312
6004.61 9.6175507840547 3.04715454276208 14.9864366405473
6152.66 37.3394720342432 9.24570528877432 11.1460254936437
6348.48 31.1523398450085 13.6197351272091 12.0564714916791
6646.52 9.75629195902768 9.9201511524927 11.5566928931648
6792.22 3.62664050683249 4.18752988498717 18.6820596046291
6822.9 2.63480524522572 3.18805266078061 11.2826660743985
7025.41 30.7311266891534 13.7816427175372 13.2838359425405
7102.35 28.1685095344774 10.1496562472727 17.2565995413224
7706.36 2.30998975230381 5.29791742698743 12.2580613250811
7744.51 2.60493324487201 6.15496866665075 15.4978339460313
7960.18 4.68442752159872 5.38787724050426 22.1158349496081
8013.63 5.45383306233442 6.09946027596107 21.5073852969572
8292.92 8.97432408978514 15.0109130681835 19.0035501369694
8449.7 1.3717982009172 3.50208107026118 16.1430546685388
8681.87 6.75971318029496 8.84895320954597 17.5338048181784
8838.52 5.65567844540879 3.87422470421003 24.2754175877635
8983.51 14.1469787462834 8.10668164962397 41.8767310405092
9281.6 7.57114464619108 4.04619598543543 20.0630211586558
9440.24 14.8410002409753 6.77007967909522 22.4555151831864
9825.89 5.52823551304597 7.2899940848621 21.879364347431
10231.87 9.96783656542231 9.26586280832718 32.7429258703378
10351.8 4.13921581477865 3.7282348938013 27.3658050232225
11124.82 5.11736198617706 12.539092016735 32.5129699547433
11343.44 2.48228168854456 5.59931810636485 28.6892408445983
11641.77 1.59104359330301 4.48867451029394 27.4717548318185
