4026 3.66327904799745 3.25200866662094 6.38952368990067
4122.94 100 30.5380758943053 8.86299345270163
4145.35 12.3042129084447 3.2681358722634 7.86143780517705
4196.17 32.2157404082056 9.04477667070997 8.5699710842373
4368.38 9.34038456860259 5.06629604977712 9.19929297296039
4379.02 5.67782333964146 3.12258684721708 6.60483337147434
4529.87 4.8304819058181 3.18618448170235 4.68182923050244
4611.95 10.7692780777602 6.44510467287694 7.7403094167521
4624.64 6.25561694803438 3.62544282841002 8.03525775311573
4809.3 5.20841763492431 6.52789127698363 5.9651966108022
4949.51 8.44333370454535 3.50633509027962 9.96743466670978
4973.39 52.2928664443831 18.9009514657733 9.73760051478803
5252.24 15.9317174407622 10.8125666342513 8.27054983807648
5473.83 6.35537018670423 6.62334766526055 12.7684668841421
5748.03 3.3929885549956 4.10631730761954 7.22443972635483
5973.97 47.5869322704627 17.3629718272409 10.8580455295887
6001.89 18.612244068652 5.59505271604194 11.8044019135905
6150.49 34.6232808219756 8.14335839401149 11.1667758194517
6346.13 42.9158506354362 19.5461835661465 13.1139118054516
6645.02 5.97405725508725 6.12378816672557 11.3276954602788
6782.81 5.2365906607136 5.34188583045645 22.2941810975944
7023.56 17.8679551629099 7.89179067734266 13.5447013764824
7099.87 25.4089509847969 8.99270924533712 23.2337726840233
7451.4 2.1482502605649 3.07036216574243 2.01802961337216
7741.93 4.42050127629517 7.92918555137104 15.0856285154587
7956.59 7.61476980059165 5.84105538104437 15.893687619754
8020.17 5.43414309475481 4.06140269298313 23.5567288195825
8293.42 4.65778463093443 6.15721707796398 15.8024215709211
8334.86 2.18298564082839 3.22164946427022 16.0126198089438
8680.17 4.9156888523744 5.70287525819853 16.5682320283413
8836.98 5.11798866828478 3.09582995949087 19.5051740349445
8959.73 10.1300620097368 5.43687664486947 40.1125679808229
9276.36 4.87047762415774 3.90107603033277 17.4451864856237
9436.36 13.219727572182 7.54370332509186 41.8310055760448
9824.46 3.97274885205257 5.78123452362015 17.3732572856879
10104.02 2.67215930291814 3.21696739230554 16.5299573616539
10228.94 5.03185966784847 5.23148653387 34.7626270915844
10589.1 3.51694317083783 5.8009913248552 24.4322228279289
11126.72 4.73514288645388 11.848596021958 39.1900062500827
11431.92 1.47221613887838 3.20869250287324 19.9418441872658
11646.23 1.45412124981232 4.31485339621982 27.8090276151488
