4029.46 13.0616437680311 4.95802097201351 7.91257212158143
4125.23 100 21.0824639535654 9.17631848117799
4197.99 23.2666127840575 4.52927936182779 10.2216827520551
4226.79 15.9042340009225 3.35257869342462 7.68143232057082
4370.24 26.0320465710421 5.07426034106893 19.7873515066904
4613.73 30.3730800571607 7.08350156919527 9.25698682811708
4627.05 19.6520273953655 4.49543501267798 10.4867759411254
4809.69 10.3958967712291 4.35239110620074 10.6918542317662
4975.23 64.6567839570101 8.28646271768178 11.4911296374603
5001.93 28.1536092399893 3.12591418800529 10.441742101174
5017.35 28.9548957113371 3.25793840485477 14.6580866506883
5253.72 14.8382520148991 6.35490762652684 10.8334184646619
5324.95 7.62175326635263 3.78290385092552 8.9525981332381
5475.75 14.8711144852095 7.65803336130286 12.7542782146347
5585.04 8.22257787673856 4.40873603811965 10.3585635450399
5740.31 6.83371793238164 3.39973321225601 17.3096447773305
5976.69 81.0741461090737 11.8201487625974 13.687881067779
6153.39 66.0145652148863 6.99135560026262 13.5197051528012
6348.77 63.4990414606874 11.9137879807513 16.245731024037
6646.68 15.4697011169045 7.1449939036175 15.1677133306393
6793.73 7.56474893392518 3.4808584828327 22.8337620991388
7024.95 54.0563644150902 8.7687643450498 16.3142224439353
7102.19 53.6102991293363 7.1233702044277 21.9760689877048
7452.2 7.23538917775155 3.13661295264156 20.7071136392278
7742.9 6.18701230569942 5.69530404655094 17.3631544717991
7961 12.1642647910938 5.23894973654739 25.9369648421462
8015.1 11.2062128156829 4.66495039469038 23.8912701861145
8292.42 12.209910904892 9.00614588609198 23.5300585484092
8683.57 12.1093039254786 7.49759905818645 22.2477777583736
8981.79 26.7641261342202 6.71539269543357 55.8817470984377
9440.95 29.5210719927285 6.06532861242547 50.6729807178999
9824.64 7.79837302089933 4.04892945588855 29.7861724210579
10229.86 18.9626158943231 6.2303426831576 65.6812463058359
11122.35 9.66191906101601 8.80066158531217 36.3269425655199
11346.12 3.55494098392649 3.4583255505787 33.5661549756114
11646.43 2.99701682582233 3.9775729727929 39.631230981553
