4150.53 70.2457433791473 11.1162885142955 10.9940171115468
4211.69 100 16.1168909951703 10.5940094930356
4367.48 21.3425193922189 3.89208763582816 9.4389311912455
4493.15 14.338860590907 5.8479489138413 12.1990357407449
4589.2 10.259857436876 3.49585915361799 12.0134025884063
4672.41 26.626982055181 8.03417668582184 14.197176706045
4895.52 18.9404513996874 6.56140490691229 10.4466618897923
4980.07 19.7862635239093 6.14733881376899 11.4740011607319
5056.43 77.9117376319502 25.1278134823483 12.0488606348154
5251.77 12.5258867131854 3.72079878884658 11.0027018274732
5284.69 26.8956227612861 7.60419592941245 15.6648177255665
5380.73 54.3519942907609 15.9560540338188 13.5080208992213
5614.76 12.6516301651649 7.44986137069496 12.1260812359997
5754.49 6.98018626213071 4.46997804745392 13.5924007679241
5814.64 11.8360515587394 7.36781348138192 14.7734644337806
5930.97 16.1751550872778 11.1272320460855 13.7733324767469
6144.48 60.1741000317853 7.1479851315195 29.3968577470741
6447.11 13.0972051825562 3.62693171724573 13.5966072468664
6508.41 9.96052732617474 3.49686602541676 12.5345181621815
6570.58 13.4112120175096 4.77386450104676 16.9425755132024
6788.4 97.1414886675932 12.7579912852429 17.2148466350327
7251.64 28.8984459825523 7.53793688921714 27.3671278735055
7600.27 40.1065440436765 16.6912359876999 24.3043175582643
7818.29 12.9747305875373 5.00767378958968 19.8430154329217
8018.15 9.25684249287068 3.04452165024505 31.9176745997529
8064.54 8.81140899228103 3.11734675230836 26.0501105100102
8813.7 17.6634171547317 10.2689305285919 23.4164835083648
9063.62 9.70416867164872 3.94754421838118 23.4177290400457
9102.43 7.32705549685053 3.26732585575169 24.3275659790488
9388.88 16.8378747148911 7.91178946733663 30.5115210572549
9553.45 30.4915659818569 15.1446962817151 28.4492299252033
10035.17 8.43054846773238 6.32273344331969 26.5765635424668
10413.39 3.69945482632629 3.82163862276712 20.579028299926
11461.28 2.25758897957618 4.51371687848123 24.7515343084578
11858.68 0.797527848962613 5.79984818759641 4.58657725837475
11875.69 0.672418964535901 5.22217674777429 3.04262739013939
11943.83 0.321714925434737 3.44318031958016 0.963293633567446
11958.34 0.374055052928453 4.38183475033736 1.06360850995407
