4151.38 48.4470567821882 11.435824092529 9.6192699131152
4213.27 100 24.5849725924249 9.62749423145488
4296.92 16.3074248571535 3.46521218676202 8.46100072165336
4369.7 24.2177979337939 4.32950523982863 8.92738025952349
4422.52 23.4116070999101 4.59159226395914 7.65769616609668
4493.03 11.1297549587004 3.39813073168461 9.79616085594716
4589.45 18.5999800788675 5.61871642243763 11.1360674022044
4635.48 13.2149713728354 3.44591783410402 10.6416089305676
4673.94 22.5820020654886 6.30684415207086 10.9142970366483
4895.65 14.8936031846956 5.28236691903945 9.57936162694477
4917.18 8.97493872388156 3.00647225764689 9.0913896901493
4982.18 23.7305132682356 6.7147269159312 10.365531196303
5057.75 65.2410858216342 17.3088789515 10.7412606431735
5174.05 19.7117942272663 3.78783252641022 11.148811817864
5254.06 20.9189401097187 3.47032499467389 12.1764397371762
5284.69 39.3186431933064 6.77688695849841 14.5843608667474
5382.09 35.1766165578102 9.24452432637245 11.1987722086114
5618.37 7.19639494407146 4.41101342745061 23.8005716186535
5759.55 5.75337825040038 3.9062807343133 8.30015001369793
5768.13 6.28692229144328 4.27493835607326 12.544436778835
5817.19 9.03053339536083 6.17447995444341 12.0670006151513
5932.68 9.41460741778371 7.14117339061464 11.8681383337434
6145.64 64.7895628977302 9.11910958676826 26.1503380600561
6221.47 30.0814455858036 3.21500280394696 14.2181317282057
6276.8 37.7009919102715 3.96939730599296 14.8797473403401
6317.24 25.2042747558562 3.06168306495889 12.3624002850174
6510.79 8.40675557048087 3.2171637630977 11.4690615835398
6750.23 23.3466829992659 4.78949446888152 25.2949703529894
6790.37 61.0479815824645 12.9442286903498 14.453738534793
7152.53 49.3003402997303 5.48636347207175 17.5726461755667
7180.36 35.0120422490738 3.55049170554239 19.3476151454242
7270.73 36.5434791557503 4.31663474115432 34.4087639509899
7482.01 11.0787718059607 3.5689561349933 24.5898729194132
7601.87 32.661105975146 12.0821619415139 18.3198775532273
7820.23 12.0472362490246 5.18096756806739 17.6993607282675
8021.26 10.8395753712037 3.9147627791585 29.1125820835177
8287.99 5.72149474114088 3.88106201798606 19.7235723378108
8429.8 5.38684925029047 5.37003573750363 17.1774161882076
8499.43 6.17791140079237 6.91921193315661 20.5149960182389
8817.8 20.126246459048 7.10446447449633 21.9385712564072
9064.83 36.4063102056963 7.81869653843976 25.7987579047149
9389.76 33.6215963824755 6.26953094371101 28.658646945034
9556.29 21.559107491442 4.22042090304607 23.7805818266097
10035.35 7.73554283300157 5.42926931795289 24.6276615961178
10223.58 6.2904878868705 3.44864125796787 29.862424636809
10578.58 3.46835081007771 3.06735479762338 26.5124166280566
11141.52 3.7385407117912 4.74297554338356 46.1324168031188
11695.61 2.65377646726408 5.8974898888921 31.0248214599578
11968.74 0.628277474975972 3.17460130359557 0.738011313753304
