4153.43 61.6936831062727 9.52213573355161 11.1361538935489
4214.85 89.7368034247814 14.6717895232966 12.0167622727668
4370.57 29.6641163964227 3.80711971730969 11.8754375468707
4493.15 15.8570004550141 3.67886476013361 11.933821513755
4587.18 14.7387052311859 3.57237747174199 14.9898923694191
4676.49 38.2634292733002 9.24372866365573 15.4360299225345
4899.04 20.117612930953 5.16089400783382 9.40576329957639
4983.75 21.1715910042057 4.67686135651103 10.7725756725758
5060.27 87.8879227156803 18.8016258354043 12.9482469853147
5254.74 17.3553395166012 3.31376502106715 16.7275394205408
5285.09 43.2563487115792 8.27461397092392 17.5108274466293
5384.55 54.8056499353416 12.4425050596777 12.2339281755349
5617.26 9.08910188905416 3.3443499415947 18.1119085857072
5762.65 8.08896350461947 3.48094731233381 8.5845267379691
5819.87 11.4632800576429 5.3237633779729 15.4141807275209
5936.81 12.4779060349373 6.71190995120086 14.2771437103765
6151.72 72.8244997109009 7.65167578026799 30.2309228866188
6515.7 13.4901731831714 3.54384352818628 18.9768769288312
6577 12.0976638382587 3.6047743991629 14.418024398401
6750.23 31.3250338489445 4.33974990822014 32.7697360910479
6792.8 100 14.4124662075803 18.5478728951675
7146.16 22.9786937076635 3.71166322242642 19.5632593792852
7255.86 31.2011703821266 5.72607405338296 30.0522849411973
7605.38 45.2483559960545 16.327462708732 22.9053370963584
7823.79 13.4853882121758 4.42196176063272 21.5117492481058
8016.02 16.8733838665427 3.65283058196001 31.8802147489287
8424.61 4.82532509850163 3.90045691442762 15.8068432001255
8819.69 22.1159033969212 8.56081180725218 26.3061935552014
9058.26 19.8997627413434 4.96767052272569 26.6264828856911
9384.48 23.6320078403474 7.35115284119487 29.7771140547975
9561.79 41.727284308599 14.8436927886468 31.2772620007036
10040.25 9.80447233825511 5.94953423595429 32.0274435407136
10417.99 5.70464554091801 4.03984649763434 30.7391573947407
10870.52 1.88545385573401 3.05586424379906 3.14847230692612
10882.37 1.97599735914641 3.2743026176163 8.20795707770594
11136.01 2.25458979113025 3.64250697535245 14.8762188266101
11153.69 2.04034343809548 3.19535028127161 8.1729125260099
11850.28 0.792878534467875 3.74808237033975 1.66695038555554
11859.66 1.0697013848008 5.222496182254 6.37751249676512
11866.11 1.08680004518072 5.42284078985253 1.7752010422646
11885.66 0.810877714460147 4.32969901493397 2.02954938746552
11947.55 0.565909013396976 3.8983155659123 1.92221176370731
