4149.69 44.1289346522875 11.6564630643328 9.08082687149636
4210.6 100 27.177726385696 7.92802532610222
4294.71 21.273153394232 4.74770773833428 8.21639417066035
4367.85 29.7479226649136 5.15972976291999 8.16199204205077
4420.28 34.8632516513917 6.41300532115152 6.94109731206936
4586.42 23.4196995407407 6.76499616868154 11.8279228452939
4632.81 16.0086676394452 3.92691494449124 7.58404757989865
4671.38 24.4953481378827 6.62809660726324 11.2956057218098
4895 12.7261386471976 4.92464674130352 8.83943474944954
4914.96 12.3918972340679 4.47542711856834 7.65042904494658
4978.76 29.0922689582087 8.02697617013583 8.58072265402643
5055.5 62.2467290977819 15.3031069708532 8.86278996839155
5076.17 16.7452782007997 4.05190739965851 9.90109177196609
5171.51 16.7139815134624 3.76121990041302 8.554198161969
5251.5 33.8869610438327 6.93813181725492 9.47943656511325
5281.45 50.0136606368407 10.554746636601 10.2505515321527
5379.64 34.0576147852047 10.3850774021079 9.5682387550869
5599.48 7.63065933730149 4.01177606031352 10.6534361049407
5612.81 8.67993474084539 4.77570711085238 10.4401875389367
5764.61 7.85245572657917 5.22731575505751 10.4160654709503
5814.08 8.85350006777974 5.76780040619946 10.2141919075348
5929.83 12.9946363862044 9.50550834321013 9.98797689964431
6142.89 81.4978667362211 12.6432015814582 10.6131061734759
6218.41 42.3028013311068 5.10170984143933 10.7859731816861
6242.32 26.4111874575768 3.02966887830334 14.2283000009274
6273.15 40.2327122664941 4.75219573069405 11.3207951546565
6314.74 25.442639846877 3.54080262890617 10.0909798605971
6350.88 20.7085488455841 3.4665260548063 10.1037203193227
6445.04 10.3746648214907 3.21598499092079 9.49570350198246
6506.33 9.83779040026495 4.26480994047572 10.1341358319678
6570.28 10.6781681823678 5.6096283121708 9.91377882417146
6743.73 28.8557623500254 7.29615201970733 21.3759199929727
6786.43 69.8986343155791 17.3986408957811 11.5576234913306
7148.33 70.8229917414987 8.10205132695354 12.0716135193297
7176.94 39.5369604883899 4.24948791215999 12.585152684439
7249.45 27.0808197250411 3.56996915129416 11.9534400832845
7269.01 37.1715187910057 5.34034055442405 12.2814079194877
7477.26 12.7277226284848 4.20513897336056 21.7301598471422
7598.83 33.3374584385416 13.383609644144 12.3950111229169
7624.57 24.0244833437577 9.96778280952114 14.0103150971236
7723.24 7.68972754632668 4.25663756475195 13.0956597636077
7815.05 12.1546580467353 7.56018168489172 13.4005418507995
8005.55 13.8889100734843 5.9090482507987 25.3352499673965
8065.52 7.66616048398475 3.09370879264021 14.9854208260467
8287.83 9.69351920812646 7.17429398732421 14.0478206945518
8422.94 6.50411091668806 7.08199735407352 13.0209716427053
8494.9 7.53623731478211 9.27019629199411 15.04413836598
8522.98 6.03778182145926 7.63400974746976 13.5764059703615
8814.9 28.4321535309271 9.69720074660206 17.6474169295088
8957.62 17.8668301503429 3.51691132138039 14.2479109682536
9059.64 53.8770111012209 10.653002534905 15.7941414999241
9385.18 41.8198528320713 7.83261980623387 23.7414984333027
9551.86 29.8514311691168 6.08800486610692 18.1836171386258
10029.91 9.99413276017225 8.19307265425939 17.271350306366
10154.22 5.14869422816369 3.10758730322842 17.678323496717
10221.39 7.37709002237526 4.64317866241685 28.3729900623712
10410.44 4.37321461070636 3.39473287583103 17.7530752545445
10576.53 4.14491370565264 4.10597581550825 15.1741875239204
10733.54 2.597575425722 3.07247999449133 16.2449185182486
11144.56 3.12752108508571 4.20041925132612 50.3869274696553
11369.84 2.95817495608075 3.67839370449992 18.5778523837162
11686.87 3.64700979681405 8.02328585097933 20.142005759215
11864.74 0.88791841244688 3.15790561955479 2.30159904129323
11953.43 1.04173508568061 4.43570255208792 6.89417981316728
11962.26 0.769577220836029 3.33995157071839 5.3977959669719
