4151.5 43.8404076938601 8.70080857003645 9.45930625402707
4211.94 100 21.1059516495341 8.36129912819251
4294.71 15.1088827916173 3.08288947838271 8.45538403837691
4368.59 26.6694944717171 4.72051630640483 7.29628063813561
4421.53 23.5150440738279 4.47304339964389 6.8556343879236
4494.03 11.3360106035231 3.25905933457605 11.5896948087448
4586.67 18.1544670812232 4.8563437858304 11.9062216817265
4634.34 14.2691340597342 3.1751540473148 9.16413788651971
4672.41 24.5323903298862 5.85910492277492 13.0158040698179
4893.82 15.245965318999 5.64989138561721 8.56043080157269
4916.14 9.8280247258739 3.56081280775483 7.82739436979955
4980.07 22.3344890306789 6.97928202365898 9.44886267794664
5056.7 72.1449230574022 20.1828657040688 9.58985250045043
5251.23 22.3166657544186 4.42695356016896 10.1587082909955
5282.8 40.5897904186166 8.13916446194612 13.2949466399787
5380.87 41.2655636648845 10.7145216941146 10.8641766832106
5614.76 7.59593405534466 4.04718488650973 12.6380631339352
5753.09 6.27871048626476 3.76360804986249 6.70552260814839
5767.43 5.8085702575446 3.42686610022266 10.128879776631
5816.76 10.38309050496 6.10274447803013 10.6696573308245
5930.25 10.0588151649274 6.78177594300264 11.2019761846595
6143.32 70.6849229400878 11.6685047581602 24.7189428628717
6219.29 29.3845468994379 3.67892213323995 11.3619083260191
6274.76 37.15394475634 4.53989071714978 13.1652120872322
6315.33 26.3394332813075 3.68776251663713 11.1868475976989
6509.3 11.1650377376126 4.30935971213735 12.0312970405876
6570.28 8.01117986519896 3.5974824955245 11.2405835762929
6743.88 29.9844629560412 6.28924934744145 21.4796437728664
6788.1 72.4238589885669 15.1265759022601 13.1138736190378
7150.04 50.0624481924543 6.13856690192311 14.2664924953715
7177.4 30.1672341053651 3.34957568224107 16.1572319222623
7251.64 31.2927603648977 4.0877975525164 14.6493769646941
7268.85 31.1653207897059 4.24202712629718 17.9689431558891
7480.74 13.2582540121559 4.67980897093673 20.6489243513079
7600.11 38.4084332987238 15.3851610704403 15.9465872588871
7818.12 12.8648575814747 6.51594553611357 14.6045298832187
8006.69 12.875883149691 4.95534373980964 29.0299662585439
8066.51 8.9978127719311 3.39498667397454 15.0840154055777
8288.33 5.99856660822229 3.75676326790735 14.4787343763583
8425.28 5.36761417556757 4.73990042331351 13.0137851333311
8494.73 4.38014639811788 4.4287504974745 14.3662415253857
8521.81 4.69796047935791 5.03856518049399 22.2537402999296
8817.29 20.7584686577301 9.41715655162911 20.2199987776567
8959 12.5500256324702 3.07700872803498 17.0966520007896
9062.58 32.9443260204674 7.62933068681016 21.4951872522597
9387.82 31.5833081056431 6.47759589273288 25.7274561771737
9553.27 27.0744136239667 6.18224801253812 21.2254799989823
10031.55 7.93810411500185 6.18347599052797 21.8851028392564
10219.74 5.5086193993638 3.73773907401589 29.7488793577231
10411.17 3.98614543419372 3.44067494745554 21.6510866938497
10578.2 3.31179407505224 3.47469702655817 20.6152573142972
11133.73 2.37359192965866 3.5589655794028 42.3606339552025
11689.98 2.34768186195844 5.34268284372606 27.572619338649
11864.93 0.866593926779482 3.69421993171484 1.67773055312318
11947.55 0.871804826055921 4.89889831557086 1.28835467490899
