4150.17 37.4331691874388 9.40579115526308 7.87638012434309
4210.84 100 25.1569442370984 7.47200542204155
4294.71 18.3511680077641 3.95092186455945 6.8840225951044
4367.11 27.6069688170261 4.90358502379383 6.7163394040499
4420.41 23.9603500946862 4.53603621424656 6.50605885457935
4492.03 11.9049610291789 3.29553554323222 7.20593099597227
4586.67 19.8761047180112 5.13279800974684 11.1165805140145
4634.21 19.2928967319653 4.2910024501591 9.4306673351266
4674.57 29.7609365950485 6.86840250705575 11.2304079571604
4719.59 14.172068039662 3.40914814655178 7.57191332074399
4893.95 11.9603367350394 4.07867724624313 6.57063948020095
4915.48 11.9443742402157 3.93178406449841 7.12525449142413
4979.15 27.2846548445125 7.60942327067161 7.78689910515823
5054.98 70.1201529288593 18.6466115542794 8.37902617345026
5074.31 13.5504176592656 3.57056926020659 6.97530584433662
5172.85 16.6354807493414 4.00920523524055 7.16115985136094
5250.56 29.5539486530749 6.31483750989799 8.32042822700168
5282.12 47.3268094921918 10.2501138028776 10.3888542596678
5379.51 32.9093739684112 9.37452989827231 8.44837685269795
5601.43 7.97299021979604 3.87587236885709 6.4574574304097
5612.95 7.39454437566088 3.65235318039295 4.80946685233812
5616.29 7.13120511135843 3.53582855811953 2.17657814481754
5755.2 6.12026945368965 3.33334192335449 9.69146175155129
5765.04 5.96257575486341 3.24672237585615 7.97334329982277
5813.94 7.84391171496825 4.35767099358359 8.32274341156335
5930.68 9.26451842897469 6.80983263096016 5.94558413301002
5940.09 4.33855205952574 3.2323931961769 2.1897124532743
6142.6 84.9987543129714 17.4733147265649 9.8434564990157
6217.83 37.4720003271846 5.88641334968337 10.0207336090953
6273 39.641177817989 6.01725272000755 10.4129834712176
6315.04 22.6658155070417 3.90275044492136 8.91952304295137
6506.18 8.61936089625143 3.86487667387485 7.63286368564877
6538.49 6.03964284156086 3.08653476715636 5.69420929006446
6570.73 7.77371805769663 4.02814598573678 9.4375555425313
6743.28 23.0184490753847 6.22020594219 20.0725640887986
6786.73 60.2793275028558 16.3439303792608 10.0379045752188
7148.33 54.6384872442796 7.54618356675084 12.2777602700926
7175.54 30.0820217661438 3.82892737697006 14.0488702609236
7249.92 28.517631664598 4.27007613503908 11.1227000783601
7269.48 28.4491293015578 4.48117246883852 13.0750338655498
7475.83 11.453197811886 4.72132606260611 13.8134548497892
7597.72 31.153609431738 14.0734410300867 12.6856424041616
7624.25 21.4170387548527 9.53508178328736 13.7512523468013
7723.08 8.18288357989806 4.160631641856 11.6977418747147
7818.12 12.1181761113401 6.84825419282546 11.6082400542919
8019.13 10.1594606543853 4.62544094125323 24.3010315171168
8063.39 7.15873244309073 3.15467424163144 11.2665103477993
8286 9.30973721944599 6.09957174476481 10.4978658659093
8424.44 5.79707886101693 4.89154425874026 11.2920626471241
8494.56 5.26764944019989 4.9925440145376 10.9961950630423
8522.82 5.21045687922595 5.20502423994686 8.27664348431972
8534.6 3.1191346745262 3.18577529885236 2.44932009370132
8814.39 22.5609167450329 10.4318702717611 16.1069378427728
8956.76 12.904572699172 3.33283112077869 15.0105268418974
9060.33 37.5736947543216 9.18133306337439 16.2283950827641
9385.71 31.209015771651 6.93314983973897 23.0503264215204
9551.32 23.7144827300227 5.81990894841302 15.6076465446149
10030.82 7.85902970178013 6.34321105329699 16.2588153873858
10151.85 5.37119359052573 3.59883246607904 14.2401423010488
10212.43 6.2528626981571 4.34082648016488 26.3105335040327
10410.8 4.84415585307084 4.14778056820279 6.1544474614584
10573.38 3.435590664556 3.4595713210329 11.4140213659593
11136.96 3.63667569149737 4.52431070681059 33.6010747935688
11369.65 2.44446425189853 3.06487710165868 10.0034351660306
11688.43 2.91607303137549 6.13510050411796 17.3322858367956
11704.74 1.62436901362561 3.51774221369729 7.25321561256897
11813.77 1.06327289041856 3.32173794944033 2.15847263898286
11847.35 1.20405680431477 4.13700934647906 0.984901256439116
11865.71 1.11806054091114 4.02195876500763 4.36609784328903
11949.51 1.13949492414199 5.24542487840533 1.74336955841864
11957.55 0.72169109514712 3.39750711336307 0.430224337540494
11971.88 0.781656194003967 3.87356895567761 1.34089176272937
