4196.52 37.2631857721352 9.33226713940296 8.79956123115608
4211.94 100 23.8918827135184 9.15924375077248
4369.08 28.8985874880986 5.94395044046159 8.63502216767847
4422.27 19.8143222872293 4.9104830664218 7.34601721018862
4589.58 18.8873896500272 5.50811437557721 12.0539790710882
4634.72 20.7967705033848 4.82574048461256 13.8008055692035
4677.25 17.5681618432636 4.32329349745987 9.61986884395901
4980.6 26.1941032307552 7.41668679867792 9.31739730346999
5056.83 56.8685105915718 15.8240218053278 10.0140439838524
5252.31 48.7821715871737 14.7122163132559 11.3224489168979
5283.74 40.7847528272974 12.118805402674 12.2469319381871
5600.87 6.34739205338011 3.62573581428882 25.1305915164394
5765.04 4.1525441652591 4.73973762952271 11.1035634506288
5837.26 2.3192048764632 3.3229000748098 2.70748207062843
5930.97 7.3369380749273 4.79914384833717 9.54910767460206
6003.28 26.5714525843977 7.82186833106339 12.3666325762779
6115.11 24.1236691335915 3.51127997403415 11.297007017175
6143.61 71.1044025030916 10.1002997450547 13.3815906287464
6218.85 39.5667814759967 5.75530295911739 11.7980224074827
6274.9 30.4266798746155 4.99519658253284 13.0354233952185
6334.71 24.9817047099522 5.3961366970015 13.0896735482538
6538.94 4.47081706171405 3.15067999017466 4.4527519764888
6569.08 13.608335385789 10.4163847631033 12.1260677546761
6726.2 9.55202566459496 5.97622247711244 13.7237864875933
6756.74 8.94145242135331 5.45789735678618 15.2588965184696
6791.28 6.47232671699772 4.32216794418345 13.6605275817201
7150.51 40.6321063501939 5.04845884235563 15.1992654706819
7176.94 38.1193751934772 4.36736009524304 27.0650987483077
7269.32 24.089086213759 3.34259277834888 15.557540696268
7599.79 27.2938926934243 19.1061270705841 15.259913535242
7625.37 17.5479800579754 11.570087466545 17.2232748956931
7738.05 11.8701277339394 5.74403891670842 24.9467401839665
7818.77 10.5577595336225 5.17343902026442 15.5464859015874
8019.95 8.30515416957414 4.85226322973471 14.5272948262282
8287.49 8.79894614927856 8.29497613258945 14.3549196191289
8428.13 3.76713666562702 6.3763839572179 13.1629170157285
8495.74 5.1053840342792 11.5952147818153 16.9069216521711
8527.36 3.21677115818685 7.66670992985816 18.3564594326945
8817.46 16.7091113432285 5.86811224756134 19.4321805523923
9062.06 30.3193814483948 6.99367727175928 19.8662754503403
9386.77 27.4783553173669 5.2759399850263 27.6753402001086
10092.34 4.77637546675789 3.93185781800878 17.491823088294
10154.77 4.72764426398478 3.57698050190839 15.4156030310514
10220.29 6.16905437092707 4.93022322135443 36.767929134061
10579.32 3.17630220523249 3.89368655122317 17.4181633306325
11106.58 2.88141926054505 5.06846636057161 62.1870041511265
11689.01 2.47457321339049 6.53506411878324 30.2230237127897
11865.13 0.810089463932328 3.37139751216242 4.16137959639855
11956.77 0.638705075459118 3.20036677982698 6.78656556165879
11963.44 0.714308441723107 3.63769875133238 2.30321363630173
