4211.82 100 12.8602236464313 12.3086469712644
4368.47 41.8051401706404 4.99093726470717 11.3117868087302
4589.58 23.999284085784 4.58095160752895 11.5289300631302
4633.45 35.2748708611217 5.99151670198894 10.1461257544479
4677.25 31.413371485035 5.61200061795645 8.98256207484792
4718.56 16.5830871190052 3.13897995748245 7.31140611412502
4980.73 28.144305375987 5.05645967062336 12.3606177046886
5057.09 79.7442589045984 14.7298664440783 15.2168336886816
5252.85 66.2840310747768 13.4635952174682 14.2908002306085
5282.8 53.3922410239552 10.4884729824969 15.2248093991602
5611.98 12.7186552404342 4.6464481404645 18.8323596112423
5930.4 14.5787247202543 4.36421275165913 15.8958996827896
6002.85 39.6493539553008 5.08653732363432 16.8964747291793
6144.04 78.0248383831264 3.81368433619312 29.8464222719804
6570.43 24.6499107607555 10.5631901674399 17.5146068939384
6726.2 13.0891394733413 3.65807825036083 19.715454115656
6792.8 10.3964183772389 3.13069062791698 30.2946682984266
7150.51 38.1736038000196 3.55554346333734 16.5756255851811
7599.79 42.0502300333824 10.5617731829736 43.7118552109605
8021.75 11.6716995780875 4.04687868509829 22.9156534788972
8287.16 6.0632481806864 3.40533867687112 10.7111016503823
8422.1 4.18042915382282 3.28717598749631 15.4100066047013
8497.08 3.52004305479616 3.38201983902712 10.2621629499699
8507 3.2473535453842 3.19797970771817 10.4153195140607
8519.45 4.46547011002437 4.54436255348862 14.9776511726814
8816.1 15.3802076273772 4.45323021245935 20.6328752726331
9062.41 28.135330908885 5.17255445534097 23.2006957750618
9388.52 33.3823301840307 3.98188651671647 45.5370513198504
9909.54 5.73949843013977 3.78411298908908 37.3913316967883
10231.99 7.07775472927718 4.57592700898743 49.5379178521271
10574.86 3.12326138136203 3.19663399045047 14.1906093918751
11145.7 2.91623709339357 3.43956458823786 51.1250634692369
11686.87 2.1615408377403 4.8746398844283 17.7216504174376
11712.9 1.25682038587375 3.05545737878566 6.50360108729001
11863.56 1.06046920748645 5.08507613129843 2.0727134985209
11877.25 0.638303623668021 3.18184971895993 1.04702506981994
11953.24 0.77403541777323 5.3367893930745 2.21737778022361
11967.75 0.74600949217511 5.53650870125363 1.23510523801815
11975.21 0.587196849795734 4.52718146665309 1.81073848863525
