4211.57 100 15.1342884542907 11.3107229639936
4352.78 28.7264060767008 4.80498022545863 12.1911869041132
4369.21 45.8798383806141 8.19966879193762 11.7728824699416
4492.65 10.0417120168692 3.78171436550847 11.8016071946677
4587.81 10.9593455071153 3.95643416562744 11.2447735732867
4634.84 9.81351519436424 3.56269497006885 15.4981065077054
4846.61 6.91933822596437 3.79656920053522 13.7851175835513
4980.6 30.1082283910258 7.72957704954777 12.40547908801
5057.09 98.4790346209102 27.1521945113341 12.8457249451531
5252.85 56.4553194390257 17.5309317894174 15.0978490048856
5283.2 40.3155313295714 12.6108477390433 15.6560191406588
5613.65 8.52008924571099 4.48026563529918 25.2159055470856
6004.57 54.838202809535 6.4417586239381 16.069164731568
6144.04 81.0720460220611 4.13627448289688 29.2678389621269
6336.77 42.1384958264315 4.53566269085654 26.2287917344293
6571.32 25.3193703677284 13.3700719435036 16.4865894358882
6727.41 14.5770266956707 7.27857415367425 17.0702553135307
6796.44 10.8113820713531 6.34241140930104 20.3716518567471
7252.27 32.8766802322581 5.40326184212464 27.1058619423111
7601.39 45.1237024980916 18.599050525316 41.4457866206749
7737.89 23.7528053605001 5.09938601870121 24.3812807592312
7836.09 14.789128807977 3.35180705599018 37.8053467784075
8024.86 9.69936881647959 3.62465758170168 22.3475956813745
8426.28 2.4889844138972 3.34176075901981 17.1947945843349
8528.54 2.05142426624349 3.31737588886242 45.735979417932
8916 10.4753421856984 3.02667964815944 43.8031911550679
9063.97 10.5093562206092 3.29970802826032 23.474088010129
9388 19.6220128034579 5.75175414888593 35.9328890723937
9466.23 14.1506566363502 4.10294111863338 40.8955218311312
9899.45 6.0677142723839 6.48525243040399 34.6587655468375
10095.98 3.56130953109848 3.1809906364739 31.4673460719787
10227.24 4.88316887837756 4.09821459705135 35.7597914342823
11119.68 2.79964767924564 7.52673223724013 33.8540094293257
11861.8 0.604921695852434 3.3094282948931 4.83333438232694
11870.21 0.624751492425397 3.45634809578609 4.63424756292079
11951.47 0.696416911284691 4.28711968903112 11.0929377587527
