4148.24 14.993638075317 3.1128297931401 6.75910155421116
4197 41.2644228747741 8.50016623335125 8.70171050661156
4212.3 100 20.5937131759808 8.88742391446613
4368.59 33.7482735829682 6.23088898544349 8.38593329506421
4421.03 22.0839326183729 4.99268796793114 6.67648069734059
4491.9 9.35286825974317 3.73099864735092 7.33959172357936
4589.58 23.0019962495545 5.34083657567674 10.2010117857053
4633.95 35.825518363573 6.36327522587988 9.58698713415106
4678.4 32.4846177216211 5.83936111132171 8.86762383529003
4720.61 18.3498890591848 3.47369077525572 9.90098289581056
4946.49 13.508207404262 3.36434346672899 8.26190665191098
4980.6 27.9201522354215 5.91555895134622 9.73804908146849
5056.83 73.7729744651751 16.0543173824588 10.1716626224998
5252.58 55.7976459114753 12.8936624365667 11.1107185984501
5283.34 44.3496145071746 10.0090394000023 11.7091637872672
5616.7 9.02703267667125 4.29779337526254 24.2003369654531
5765.46 4.48494643632623 3.83620469025444 9.13855040296221
5930.97 9.3024356600455 4.78669336980716 9.53234065460401
6003.42 31.9859642300021 7.75108578286303 11.9241525319585
6115.25 31.225475770584 3.90764513232143 12.6613745009954
6144.19 77.126929160301 9.49706736323144 24.2467126883666
6218.85 43.0686905605432 5.50677247811835 12.1457491335404
6274.32 35.4078001224245 5.12790337951182 13.1093472517687
6336.47 32.4417678014075 6.15127523287894 26.0236336351018
6569.98 17.4890948725727 10.2803663223152 13.04640567965
6725.75 12.3384622956691 6.09623223700824 14.2826709985429
6758.86 10.7912195585517 5.21913097681491 17.1168197927527
6789.16 8.46083408244809 4.40134969740415 15.9947557564446
7149.58 46.7088793927868 4.54249602366896 14.8669556498871
7176.62 42.3555508599876 3.78885814542866 27.517005770851
7600.11 36.3650025707934 19.4398502461872 15.6525167262462
7626.81 22.9328248591684 11.3817443175075 18.7738131466003
7741.11 14.5625028916392 5.17800599499374 24.4342764344719
7818.29 11.4101601220856 4.16406351585659 18.4086451389512
8020.44 10.5925585014215 4.48562668237235 14.4281523503432
8287.33 8.49083194664229 5.11517571488832 15.0606844486538
8422.43 4.06183063533634 4.19161574117869 18.3524168202603
8494.56 4.57007272971 6.63306911148607 13.7475840076731
8521.47 4.43093804506716 6.99539513124007 15.5348853363848
8817.63 17.6043188495996 5.92885225410491 18.2448038743678
9063.1 30.8038916794648 6.62782001615272 20.0278354308939
9385.53 29.8873791860802 5.04140609707901 27.7449403657865
9903.6 3.53452274247193 3.05792427743316 27.7087175467605
10095.62 4.40597774616882 3.03861578956178 18.6653284296317
10223.4 6.84841852835526 4.71162237817676 40.8188817077553
10579.88 3.41760592450776 3.876917837734 22.168969488881
11117.02 3.2558335518104 4.42186782433494 59.7515471725274
11692.12 2.57538679529545 6.16305508463296 26.9713228229357
11860.63 0.913495875818957 3.55800972605265 5.02045177064247
