4028.99 20.3476845070818 3.0903217858664 6.71663221488961
4147.27 17.6937724747867 3.16984929101088 6.74009514007048
4196.39 42.8841815365276 8.38078356514316 7.88952571322807
4211.57 100 20.1405381789371 8.6316995224397
4296.8 20.9205692616944 3.57942078026493 5.87879696656455
4368.09 52.925430810465 6.78537371401883 7.9206189515653
4420.53 36.662389187784 5.02227802694086 6.5781817910165
4589.96 32.4724964626833 4.42627938130832 10.8595983202786
4634.59 50.9211088328871 5.43174570396232 9.68797031319991
4677.13 52.2208054041685 5.91571298079512 8.56034524349707
4720.1 26.4692327136436 3.29264364210597 9.44525119294121
4947.66 14.9241302825158 3.14510114804765 8.6754216688696
4980.47 36.2704120141002 6.60492294711841 9.07177569250507
5056.56 91.2002997675284 16.9254100360469 9.47753307750554
5252.72 86.1380594621409 15.9689319418318 9.69666775037877
5281.72 59.5398549575421 11.0704239791491 11.2539474385731
5613.23 10.8641687431827 3.69125715796705 22.9450336805403
5767.85 8.21352885396221 4.95587373619267 11.3920347506228
5928.54 9.61064089208232 4.08166359554502 9.21967403725012
6002.56 45.01202873625 9.48359817126375 10.6461144934992
6115.25 46.8936720301727 5.21816209442596 10.3833915609193
6143.61 94.0115869982605 10.2390185912223 10.9394699119975
6219.29 54.4889839915661 6.13427014209274 11.4370157171443
6275.19 53.7331552439682 6.84693891144649 12.0639977305527
6336.47 48.6789223112168 7.89146237378032 11.8109043581635
6570.73 22.3603659547436 9.40810814964843 12.1577008825316
6725.29 17.0922217775004 5.92959241873961 12.0543775550059
6758.4 15.8066763555081 5.21803759206589 15.3497616376717
6789.92 13.295346839621 4.6373513785456 16.7761739493644
7149.26 80.1577949575648 6.53935910226827 13.1223626237434
7177.25 80.7048229328342 5.74896901921861 26.1427697113695
7268.07 41.9676793147353 3.14207655239305 14.3145517749417
7599.95 51.5321102541575 17.0534035819259 13.9744306929697
7625.69 33.5664349289682 10.6801823592137 15.528411972854
7738.7 17.6188604965592 4.57721721420632 18.194983843533
7816.99 12.6663867099606 3.3801944614367 12.2535426007535
8020.77 17.8123994210136 5.66606215706295 12.8823720591818
8287.66 15.1716774174053 7.10081894936559 13.1026471223922
8424.61 8.44039280340639 5.82830007102169 12.8291711402962
8497.42 6.41075342022388 5.45038080091351 14.6946294489026
8521.64 6.36982998278402 5.76745525749549 14.3441621173843
8818.66 27.5069169269736 6.51850395594778 16.359030139989
9062.41 55.187674429649 7.59344141651144 17.0712745449455
9386.59 46.2772341919351 5.2039093657105 24.1312565675635
9461.12 31.8777534689281 3.57816210649998 38.6435401141134
9898.55 5.11188362243562 3.16998740137386 15.6018398947199
10094.71 6.75890315705865 3.73642984285849 18.6456798173404
10226.5 8.87240270846011 4.74853698005366 39.3327449709577
10578.76 4.97725707420562 4.01735696772679 17.8158270193653
11116.64 4.86454954502547 4.80687785335356 32.7542290196961
11693.86 4.4526890281459 7.65953328932878 25.16770835231
11868.84 1.33389208041432 3.72259909157356 2.581527729546
11956.57 1.0440355283364 3.69508133199373 5.19322817078137
