4148.24 11.787810625905 3.09224504826333 5.84401194513066
4197.73 41.024605814527 10.7295951337308 7.29425647619792
4212.79 100 26.3653464769585 7.54078091436349
4284.54 12.5528200758313 3.39115282184934 7.34928504634627
4297.04 12.4102295297111 3.35574773289533 6.19231837006737
4352.16 14.3663682792537 3.7715901497365 9.19582411412284
4369.95 25.9264913657751 7.0717719798322 6.99566606229473
4422.02 18.833264542373 5.890917081247 5.55764360962166
4492.03 6.91083761042478 3.26376375787904 8.05410939345347
4589.83 18.874510786734 6.29708766367365 8.29065971397267
4634.97 20.0064112372718 5.5558436365496 9.98848880322203
4677.25 16.6752834138682 4.90989798551505 8.35543676074303
4720.23 9.23296368981412 3.02608096068928 8.82138376661624
4948.19 10.3090619771727 4.37009318356302 7.48518352099563
4981.12 23.8344583968409 8.61652940978894 7.64803214435324
5057.89 71.0040275322232 25.075281125956 7.8964601275411
5078.29 15.2440482435135 5.44699778127149 9.14479099288747
5253.25 49.1380119865933 17.039075479682 8.47938750473986
5284.42 47.8898563586637 16.7769388863878 8.3358282988147
5602.82 5.40106886307948 3.74636873135105 9.25678076367876
5618.65 4.88112878321859 3.5383966198993 7.98785616559962
5768.83 4.26557970130905 6.18547766716477 6.11116696063345
5778.41 2.32506103939576 3.54156801820533 4.11877746223126
5841.08 1.78625001134492 3.08982809953026 6.12787322593522
5932.82 8.22918283120988 6.56235553045508 8.49450822063864
6005.28 32.0695200972693 12.0458214020582 8.8300702360666
6117.13 29.2038739852837 5.71339234021529 8.4542464439819
6145.49 70.5477574552245 13.283531807675 9.0803750106561
6159.99 48.6099305789791 8.86601321892962 9.98523963629214
6220.75 36.7881069142773 7.16592093782158 9.64438854680066
6276.36 32.3153348249127 7.20006164387756 9.6632318961083
6336.62 27.4971772815486 8.21817443968347 9.6908076778609
6352.64 16.3758622376259 5.31798835064767 11.254089943649
6539.98 5.42017840100299 4.80962862558551 7.11523420981939
6572.52 16.2622729349395 14.9133427207434 10.739995080492
6726.35 12.752068845957 9.45926006993838 11.0049677595898
6759.77 9.49166003829593 6.97402896385832 13.6377607241675
6794.32 8.19962831228841 6.90654516819534 10.8514640494932
7151.44 38.9062765652058 6.38880104413866 11.1520267831484
7178.96 36.8560870658793 5.60832647003255 10.9315436408315
7251.8 27.0233301224242 4.93538754218011 10.4178995944285
7271.51 22.1966681964507 4.27213568066979 11.9717361191815
7602.03 38.3422729810812 31.6571157704735 10.8455449186868
7627.29 20.9180420523574 15.9603922962776 11.3510647303528
7740.95 15.176686812991 8.12812693751547 11.773984927655
7819.09 13.366322458334 7.02999271018791 11.3103103265948
7839.17 8.14193419860602 4.23197759962111 12.4722075169739
7975.8 5.55041832033301 3.11181467769684 9.87204392888634
8022.08 9.97113028471489 5.99975644806486 10.9239090937253
8191.86 4.25331712529049 3.3995413422774 10.0609750042468
8290.65 6.49374629310671 7.07442347903641 10.5069748822589
8427.46 4.34424396381265 7.52784812334785 11.1363204581339
8497.92 4.16509369197436 8.92899677995057 9.93661369008987
8511.54 1.76542574134915 3.86035055066583 2.63459114767647
8525 3.21943976746975 7.18683613719544 11.8050538379794
8820.37 15.7561157071851 7.34386552704289 14.4895097682056
8962.1 11.581925209043 3.42117697985653 12.1870066604206
9064.49 28.6821985972284 8.79262554972508 13.0774755269613
9137.15 9.58550646091115 3.15523891533598 13.1507002991602
9390.46 26.6941842521479 7.67804882960475 21.9280133073753
9464.82 14.60851283079 4.18299019474836 29.8877367763653
9898.37 3.0158216228296 3.84365306698168 23.2204301175716
10097.62 4.08579756462998 3.69784704209914 18.0237534149546
10218.83 4.78355344965621 4.25769112509626 34.4754799459788
10581.17 3.34362225628855 5.66350570039105 16.0034191312807
10878.23 1.25717178796886 3.04095968750797 10.6027958421564
11126.14 2.2536165207227 4.70025276744929 27.9491335780458
11398.04 1.63345379955534 3.12165478118257 10.9842968893663
11695.61 2.14764968145606 6.33362290284301 18.7029987999358
11960.5 0.750844761137392 3.05419852540536 10.654546292868
