4029.93 5.08944600847135 4.38065832290792 6.4992072820819
4125.95 100 40.2386350964982 8.49188128075548
4199.69 14.4933929065255 4.81095879594188 7.9994648195443
4227.04 10.4375350924159 3.48250620290529 5.60868454650063
4282.61 17.6445574819046 6.2239122266351 7.3420177756052
4369.74 19.3708393548084 6.40886885377396 7.19251746406189
4380.14 16.9039148148321 5.6495935555796 8.18308731438356
4591.94 8.30873103807107 3.48410236293246 15.7830261189747
4613.22 20.7171259083554 8.96870731468399 7.59912816386441
4627.69 10.504069282688 4.51979734433943 8.35574006221395
4810.46 5.22211479843601 5.59559381091107 8.15243482481037
4977.07 43.8263827957045 10.9249802821595 9.48688768728152
5004.04 33.1616472213591 7.42949022098504 9.31668769641601
5256.41 8.01383077460524 7.16011240264008 9.68903538785707
5474.1 7.78889472832261 7.89252390310376 13.3775126214123
5588.64 4.44895213773858 5.2501574669115 9.31964862981386
5742.13 4.7606239656356 7.35213615364059 8.87990057156458
5775.88 1.82570582298611 3.03804567953793 6.97443599400503
5977.98 63.7517471994021 21.893681198898 10.7378004276352
6073.02 15.9148237774635 3.00069813336066 10.9609708520929
6154.54 61.2560309642947 11.7594054221677 11.3224831985826
6351.57 43.8925349031496 16.2144715934075 12.3252963279074
6505.86 7.17016539604667 5.01135336120617 10.8074871201043
6649.08 10.6056046224975 9.9840350385247 12.3524844881731
6696.18 3.37534452912668 3.13198670378586 11.8742752664166
6792.67 4.05767916711081 3.87652445786321 20.3067099972395
7026.95 38.7408079875097 11.7451984393016 12.8676459532098
7055.49 17.1226504162535 4.41305148966679 16.6810669961187
7104.51 28.3273484627168 6.99201651022681 15.6942244773827
7450.93 3.31201454681158 3.03586617213926 14.6517758812888
7708.61 1.64994571729183 3.2003128849103 10.7121233575817
7745.16 3.30414532445095 6.21811236288532 13.5958784221793
7861.58 3.59485241265678 3.92361519755111 14.5173253887606
7963.12 5.503952130943 5.00523321474144 20.311369646276
8016.74 6.83542029740745 6.37667534292894 23.1007781508706
8297.07 4.36558820803591 7.75389237210078 19.1647885652819
8685.6 8.41669481240833 13.4315837169701 16.5802122992081
8841.6 5.04429718247022 3.75933147821496 24.1627735478014
8966.79 15.4424499724214 8.25712561266199 41.4650153128259
9385.29 7.41896214016733 3.28348869559467 34.1508309771289
9443.59 17.4714747236017 7.95574003798634 22.7994674257316
9829.31 3.29148266084311 4.92989602093178 22.28965151804
10206.1 14.3196092233349 11.5946392724198 26.4576733361355
10355.85 4.20692918724717 3.20237319812644 27.0893057142403
11129.38 4.18743988038402 11.023754605318 28.6438706849112
11344.59 1.71398767184176 4.844737033036 22.1003003271617
11642.74 1.58461907310605 6.17799486180787 22.1943393407782
