4127.39 100 17.8351188012453 10.4938771063744
4200.41 17.5628949950661 3.17047337338649 11.3802551101435
4370.86 19.0635737834604 4.38582587455381 19.9615013094444
4614.11 26.5297333651506 5.79215962034388 10.4373508886938
4811.37 10.20572476196 4.04968079390114 13.8064924945775
4977.33 36.9972352348914 4.78120137510941 14.1829943442808
5004.56 51.8699879942237 6.08817788232071 13.7847541789597
5255.74 7.88155379534919 3.16455047196041 10.0551707671302
5477.12 13.1703621428522 7.20387872375909 16.5527767475996
5588.5 5.3103843694824 3.12238861362267 5.81622939879617
5744.66 6.4300462463313 3.75350060793163 17.7470835616741
5980.41 62.0608735651349 12.1380771251534 15.1842957409153
6156.14 68.6847412649218 9.15632825957501 13.8528374076423
6352.45 71.2268046573815 16.1491007568595 17.3942319804491
6507.2 10.5932473774894 3.64351090972765 15.2213894820352
6649.98 10.9866822798368 4.75229828112565 14.9417639187868
6701.76 7.87091338456251 3.38359982792996 17.1442939326525
7027.41 48.5877701208964 7.05426069195228 19.1482389239736
7104.67 31.4598188414401 3.7900326724812 22.8533310339781
7745.32 5.61974540231909 3.92476045120193 13.5216380714837
7965.24 9.89068068052414 3.3749823172933 26.1351096537319
8020.66 11.4742770192626 4.08226499308335 24.5583862862713
8295.24 9.08532533299126 5.93723047983521 26.6586499105415
8684.08 12.1429424243632 8.8431775055469 24.936435101059
8835.1 7.72508498835913 3.01380285764553 22.9380934584133
8983.17 20.9150715652621 5.1709519933134 69.9383601732152
9441.83 29.1465491471735 6.15649886500711 45.8716411150199
9827.51 8.46462907829 4.78698650074357 30.996792241358
10204.64 38.4781684072569 7.6867128669129 45.8834516036641
11126.72 8.83864083087962 7.26898525318499 37.855532615813
11646.62 3.42239327290036 5.30494936090557 35.3793853165062
