4033.03 6.98230528322587 3.3557983599519 4.61941594368864
4125.59 100 24.9255782241759 10.3990900959334
4197.87 24.0863594848042 5.22053332818366 11.2227245276417
4283.83 20.5824547009952 4.9355186858064 10.2548073752869
4369.74 18.8961704058776 4.1454519358038 22.6930615342999
4590.8 12.2509109748418 3.38766914964351 10.4084103112855
4611.95 17.1223158115366 4.63357430731252 24.4056779949078
4811.89 7.71893696500737 5.1312562259343 6.43441329485722
4976.01 36.0798702291006 5.58475886958863 12.3690408654975
5006.14 30.1814167765045 4.13904425224293 25.015888279032
5259.38 12.5266562011804 7.53311337219263 12.4179288413452
5473.97 9.75619092221705 4.88999497823411 18.1419349413727
5744.8 5.81474373397996 4.98062694914444 11.0451656102568
5748.45 4.9273072427886 4.24443536136889 3.96345085637222
5978.41 44.5094801462269 13.0731566981237 14.2217897292458
6007.33 13.9467679630247 3.12977510641498 16.3384193850488
6155.12 47.1977371643644 7.85227878434939 15.0969416562448
6349.95 41.3420115413419 14.3646388876525 16.5815155105456
6510.92 8.28193578609878 4.72385067040557 12.9263809073282
6648.63 7.33720981155178 5.52705503758697 12.2367028549916
6794.8 5.26689536314549 3.43866683024861 18.5506339107142
7026.03 27.9518260442666 6.21496727576954 17.4321487044954
7102.5 21.7143487930163 4.02134782276412 20.7358974451699
7745.8 5.33558705348967 6.00277164892776 17.5856622703677
8024.27 7.82028495357659 4.53611670506463 25.3916767328619
8297.41 4.66771792816691 4.76771826469881 18.3402154879841
8684.25 7.03317899468658 8.27300475845739 18.0791347116265
8983.69 14.5096375653167 5.77658225764214 54.0254332135264
9396.02 9.0334857520712 3.0692779739198 34.003370237584
9442.53 14.9210405125987 5.12305070572108 55.0606657818898
9826.43 3.09022452448263 3.4885046437602 25.7390684350212
10205.73 13.0116932875061 7.11610223383733 56.0230660112757
11130.14 4.91690286500478 8.00487935373156 29.8263015824286
11347.65 1.48982343450302 3.01060119919702 23.8748009691062
11642.35 1.83094440560828 4.6387567530619 24.5186256004945
11710.1 1.23920531296612 3.56053090254192 8.02261212090707
