4031.48 8.65681210328121 3.73022845200696 5.28041416531414
4125.35 100 23.407042418827 8.26524365345449
4197.5 19.2675309634669 4.32553001183016 9.78249626309389
4227.53 19.2853396808147 4.80104084820444 6.88216422590904
4370.98 32.2934533634991 6.87628517281509 7.74781658583015
4381.25 27.6254241076307 5.85405275347335 7.34685331597302
4614.62 33.2158457536087 7.42257453599503 8.29494499051816
4627.69 17.8374231624706 3.97452918246312 8.93999268570769
4811.5 6.07797590876347 3.09095926832786 9.09913958388097
4977.59 67.1658614438402 10.9945955719549 10.54079725888
5004.04 36.0931131396181 5.32015376632601 9.55815530884865
5017.74 32.7103758081027 4.876046549293 10.1994613393208
5254.39 12.2696855414151 5.53493053372901 9.94073423051486
5328.34 9.58356397934552 4.50438473552257 9.91159088971563
5472.04 13.2608031196972 6.78213546127259 13.4985150965285
5587.81 8.12922523842435 5.01123587357164 9.1484612241411
5739.18 6.16674725656626 4.38599902060544 10.1178323448294
5751.97 4.24652950007598 3.06535098199218 3.82658840781096
5978.41 99.3112487186048 18.2175832742869 11.2087916064283
6155.41 86.1555144335697 11.8373839811957 11.5784184466211
6351.13 54.8473986607353 15.2192292028047 12.8537820939446
6503.48 8.15862980384062 3.81116130834701 11.4351496083118
6648.48 18.8687198777696 10.492382089023 11.7217692877921
6696.48 5.49520142181067 3.03768022031241 13.0362284239318
6790.85 5.90688958271057 3.42891468511276 14.8463573452018
6826.39 5.75503403772741 3.42404329126555 9.88467760513777
7028.03 47.2529530908118 10.1438356331492 14.259452051434
7105.44 46.4753310017173 8.41380409011813 16.3549955033441
7451.56 7.21692338314208 4.07567327123823 14.6183143826174
7747.09 5.16301475822782 5.57707467462743 12.321288680816
7959.53 7.6315621725615 5.13888771162839 17.0985390744418
8014.93 8.68376702087247 5.91348311881492 21.827765537384
8298.4 5.30809567576038 6.03420140959524 18.5090748795192
8686.62 10.8838891400777 10.0447069755391 18.324094684498
8839.04 6.21753722107508 3.02515028218155 20.0397971917737
8966.62 21.0624473323524 7.93176844134467 39.1379775285241
9441.83 22.9697916423568 7.50825261237654 24.2228549914289
9822.84 3.65964845999918 3.43768513494579 22.5950561028367
10205.18 12.3225345012152 7.70751363370099 62.9704473491565
10352.54 6.04694885269456 3.51988091463696 26.3557111598584
11125.01 5.57574830675594 10.5971760830529 27.9294769243479
11344.97 2.27278678565735 4.19750486866819 21.5135772549183
11644.49 2.23119287748338 5.03814990226059 26.7451732742902
