4029.1 9.34272798705581 6.3343049589368 6.55329294261355
4124.38 100 35.807922843539 10.1630684754045
4197.62 13.0955781940661 4.31634703338489 8.7845124170799
4225.58 13.1364021760103 4.72101996683359 7.69374619269638
4307.63 7.62896033207564 3.03505023195732 9.8227205541798
4369.25 22.3678376489248 7.9283005854148 8.46203059791696
4530.62 9.74771123340687 3.3214099574352 6.51964220493937
4611.95 22.5731141872953 8.19136785881547 8.12518877240927
4626.17 8.42972403587726 3.06460799733421 9.19032952255566
4808.91 10.7493424672883 8.95347971092023 8.55082444303025
4975.23 58.711065883708 12.1565150242936 11.226437409824
5002.32 27.3169691818919 4.94822327458939 23.9099658981295
5253.45 6.75650995036454 5.14548709212892 8.99601376481769
5326.17 5.31219475599203 4.20020707805754 8.19921481400797
5474.65 12.3084789300508 8.84822533211259 11.6423471532416
5585.18 6.7686901424642 6.16988287839479 9.75988551171213
5737.64 5.8452103772981 6.48618685841902 11.8883543364118
5976.12 55.879896287367 20.2458948299219 12.1377537336648
6152.81 52.7543382824205 10.9956075203386 12.249362991548
6347.89 45.7861862343907 17.1927721337572 13.1912565833027
6469.02 5.22690140330106 3.36448449028022 13.2038404183577
6646.37 10.7281448661677 9.96683092677331 13.3142216977603
6697.39 4.52865309091978 4.01462047436309 12.6553021975578
6791.15 4.74440085171855 4.12622144856903 15.3238239252651
6823.81 4.08356966468957 3.61063190909979 10.36795461375
7023.87 36.050375513745 9.92429314121116 14.9521629323663
7053.17 14.2580447898382 3.31265581021844 19.6946025884145
7100.8 34.9246058669846 7.91524815168551 18.9763090291535
7450.14 3.97270342337382 3.56855474926098 16.7012140446896
7704.11 3.01714820595909 4.49648609224291 18.3793651569349
7746.93 2.75997390869257 3.77520744603335 13.0812320136365
7958.23 7.83909409011848 6.13902285066224 21.2327955984683
8014.61 6.65646327438758 5.47130129649686 24.5320993986743
8294.25 9.34951365942693 15.8860423894711 21.1919951213567
8679.83 10.6785465499753 12.2450784373106 20.7133923091515
8837.67 7.12181437673128 4.65184531369139 25.8763439836675
8977.48 17.4058500146073 8.83564727411122 42.2517949090452
9438.48 19.5907680446969 7.73556921070692 25.4463847585375
9823.92 7.01405120490274 8.62517759776913 24.2707283415784
10231.32 12.6244582964637 9.20435796758917 56.2363704035179
10348.68 5.61183648865609 3.82697436570365 29.4021748062223
11125.01 6.49385988505151 9.75446584462003 30.3027535129731
11341.71 2.81835969376569 4.84302441631907 29.3519246516244
11639.84 2.60148182466964 7.18433946142358 29.9850972765744
11776.65 0.750589447957941 3.0101488562987 7.61316248014373
