4126.55 100 11.7421704138374 14.475126117447
4365.79 19.0200923722985 5.02236072848861 23.8932516700697
4616.26 21.6864350146337 5.53633407445803 14.3391994294252
4631.75 12.6040433666556 3.14360208655626 3.52502796690806
4808.65 8.59626700481408 3.35640065609707 10.1271296052018
4975.62 59.988423200763 8.93221531604846 15.24909535201
5006.14 24.8633797340967 3.25819388332379 24.7038119455501
5255.74 8.91098805796965 3.42767351872983 11.6550819086115
5324.95 7.27753765527453 3.20503941104007 6.58707371910259
5476.99 12.2335719220443 5.94043957772415 9.74019008609412
5585.04 6.51663678238307 3.34187107802884 6.87353858241386
5747.89 4.78781737781717 3.06914934611455 4.38163414369683
5806.75 5.32970392453293 3.74852429483535 3.62995601923103
5813.1 4.71502283011895 3.15195334867375 3.34132769597727
5979.55 76.6712699373686 10.436238677166 18.078787323564
6156.72 74.2904829775946 8.4168010010966 19.422271920509
6352.3 58.6776055380353 12.1984610325536 19.2833247403196
6646.52 17.2858883721003 7.77451023350124 17.8536698201187
7031.73 42.4309764158125 7.60467778511556 22.5052371989286
7102.19 37.7421129848285 5.89958396288116 23.8388499920511
7455.84 6.85037418235311 3.70013021697111 9.31153377324699
7741.61 3.88700956077786 3.37062176133014 10.3194943586741
7959.53 11.0697979684381 5.40841115046924 22.574074780503
8020.99 10.8787538793524 5.13312397977431 24.0606038550577
8292.09 8.54121559474668 6.35197852948434 17.3697989717839
8688.83 9.61728988980919 7.86322833972351 24.6665300201112
8837.5 6.37680642421967 3.11752162486783 24.3701378756978
8982.13 20.03277063606 7.09907570358954 53.1928570632808
9443.77 23.5220361475825 6.89780766130267 38.2583612866165
9824.46 6.85512559879581 4.4804847557028 25.1030972172666
10234.8 13.7634380624016 7.00303824244954 53.8460761154529
10359.89 6.81592528474707 3.26590537797066 29.2466209726445
11128.43 6.09078068624848 8.53342534389075 34.7190875736378
11345.16 2.82023071249864 3.8008051693893 22.3662555350747
11657.67 1.91600918726247 3.60929507007855 4.64404110861142
11775.68 1.25140062426167 3.18027105816199 2.78247345447744
11839.86 1.07909547622279 3.3113981283639 1.81586702495224
