4029.34 9.37296080495294 5.58859205523486 8.35250759618657
4125.23 100 30.2061554981303 9.66403477489257
4227.77 16.1394390126562 4.72958730718208 6.77342141010558
4307.51 9.96496944473235 3.18461075961881 6.404566434152
4370.73 27.1106617478452 7.64681919411238 7.16676182072842
4612.84 21.1631103049771 6.02053715042624 7.91928330150768
4811.37 11.3850360853569 7.50474505260139 8.44215070175778
4975.88 50.3827232066099 7.74743608341238 12.0315815869362
5003.51 46.069461776958 6.3055299884095 12.0122681476651
5253.31 7.71605636126069 5.61888261482787 7.97597646743361
5327.8 4.18044066340876 3.50120247600712 4.9901601265874
5476.03 13.1647232846271 10.0804873252931 12.2518089119285
5586.15 6.21771904546212 4.84493373618707 8.27141885167475
5645.21 3.94037745104654 3.14850955816631 9.75847883577262
5739.32 6.84555916657195 6.23574037562424 9.48981550520421
5977.26 41.0411458887373 15.682123298401 12.4926799612304
6072.59 19.0390426917722 3.91477920746223 12.3555887076582
6153.67 52.0638258072053 10.2523772151052 12.018933294511
6350.68 39.0834827090423 13.2952230305424 12.4921414637729
6505.56 5.31034554293153 3.24176316313623 12.0271756931861
6647.28 8.99346503504519 7.48853116886267 12.2655664281237
6696.94 4.42108424276688 3.59122113060558 12.7737676486777
6792.06 4.77441858939976 3.758267019237 15.1498174909093
6825.79 3.92451102788485 3.02464403188071 8.47851088678271
7026.18 32.8012794179401 6.99969450775057 14.5952359645307
7056.26 21.0539332251022 3.81476380371649 17.6499002809387
7101.73 30.7296769830289 5.59197744217522 19.7452183080268
7702.67 3.18650975509434 4.02517249248311 10.1612802896552
7859.47 4.6674405038573 3.65634412981271 16.3519961098909
7959.21 6.01625217871591 4.34018075290925 24.5301924231517
8015.75 5.87067057657188 4.44140468731737 23.2493376606435
8292.58 7.77888100009513 10.9532100746872 20.1714772960968
8682.21 10.6481625773671 13.6244740339094 18.2867396464535
8838.52 7.19512942493897 4.68580534742843 28.4838393127739
8966.79 17.6917598135933 8.05259691908812 38.8586377680094
9383.18 8.72321538299152 3.28492331938782 32.5133446740674
9439.18 15.9524340910127 6.51384824836796 24.1078247139249
9826.79 6.41461770359975 7.99989628029985 27.9816525125807
10231.14 13.4152681804485 8.97515004055069 54.5397847587028
10352.9 5.12802364228289 3.06574301473863 30.5996460979586
11126.15 6.24486262068518 10.0295698601734 28.874763158783
11344.21 2.24067904938273 3.70472390563479 27.0878053386423
11458.85 1.81289079846555 3.33047142580873 24.4823659731464
11640.8 2.258480434954 5.71608647741132 28.4616258113219
