4028.74 9.19654148388184 8.47335251176755 5.91961894024053
4124.38 100 43.2382309554767 6.91267899372724
4196.65 11.7973573276244 4.69937937695622 7.11852545619786
4226.31 8.54918877554418 3.68515078251652 5.24815987824513
4281.5 9.9725197110917 4.91748897774349 6.97189625667761
4307.75 7.5571022775708 3.78990953652014 4.89449880972734
4368.76 19.0043612711042 9.29595879278772 5.45814123855507
4379.64 15.2019829551633 7.55458370576114 5.88892551601748
4531 12.4911668623707 7.23116730998452 5.17289658412119
4612.33 15.9440170803652 9.63443576207857 6.66954964035995
4625.66 7.23842290957145 4.35148384717019 6.03998228242108
4639 5.74648748977614 3.56530907763524 4.48967727467334
4808.78 8.4242751444992 12.1942332193814 5.27767717629376
4975.36 70.4467563653008 24.7948715748033 7.77140009806953
5003.38 10.2301748395052 3.04295801895558 10.1918832813108
5016.29 23.9776424370933 7.47714676727132 6.66995177912304
5253.99 9.51604780596742 8.36652588630853 7.25394646018412
5323.87 3.12056936753926 3.07795506938503 6.79985040722295
5414.51 3.11019729377735 3.2442585490919 1.6925346615526
5476.71 7.84549621595809 8.41968742219589 11.7396589584723
5585.31 7.68114353783497 8.35714441265147 5.77823745579462
5736.66 3.30972238520133 4.21736978495828 7.48646053648918
5975.69 49.2554232677647 27.6460809112958 8.7739886870113
6004.61 9.70464875359203 4.56113028637106 8.53896867198728
6151.94 44.8854756948263 16.1441730794346 8.39617686261772
6349.07 26.9033861373535 17.4484086446459 9.19108634888107
6472.73 3.84002937293243 3.4644973690662 10.0417693604795
6647.13 10.1120233688179 11.3731658213562 7.59226814264821
6720.93 2.92817364434621 3.52880327052813 7.95046678388189
6789.18 3.0400491019664 4.07469511978275 11.072208972173
6823.66 2.4439485000145 3.47713826334558 4.48584777030464
7024.64 25.9807124111586 13.3076459390279 10.0008938600122
7101.11 35.7669026968961 14.9277361793894 10.8885925378036
7450.61 2.15567924337173 3.06464386276341 9.37241471896778
7704.92 2.61208350768083 5.68424099471483 5.00801252380188
7740.81 2.29182800394387 5.05807174067438 9.83100105381891
7960.84 3.86436146627948 5.8729771027246 10.5152407545611
8013.3 5.55553078261387 8.55160637181747 19.3243560538185
8294.25 9.23690311139743 19.0874128989495 11.7853543124729
8394.28 1.24832259578073 3.04915774378992 1.74810534459903
8681.19 7.03054697125965 10.9728835025334 10.6555991546957
8840.23 5.99446229736615 5.1490277856691 12.5710618952799
8962.32 16.2943454834221 12.8297016029318 12.79587821514
8980.58 13.8265080803208 10.8407495593497 15.7385849283964
9280.55 9.98876623800197 9.11154381458847 11.5183142780297
9439.01 15.2172478509863 10.1296183973867 14.6219875021561
9467.95 7.31010224512315 4.85485480243955 16.789285720597
9826.07 5.32361730534306 9.72979491091249 13.571386229607
10231.69 11.564499670075 18.9612242368477 18.2674772409537
10350.51 3.28257523932159 5.08893331301963 14.520328617451
10921.68 0.770753190621147 3.03816099160617 1.99677724765206
10971.65 0.844313248913153 3.13593243820088 5.26285537583499
11124.06 4.25843713237348 12.7502301528449 23.7436140964837
11342.29 3.05794760364382 8.0476024721993 16.9932582948604
11641.39 1.37055199786216 5.19482838944863 3.06585643143444
