4149.08 40.7924048890425 6.72856895138523 8.84444182571679
4195.42 58.7034347930826 9.6626879643893 8.03675471525821
4210.84 86.1757049012449 14.2812490211207 8.42298510049386
4294.96 20.995279873592 3.3518031620334 7.87064772327903
4367.11 38.5756069523898 6.23453139986346 7.63806126937652
4420.41 24.4161992622968 4.56477053951865 7.19075584688926
4586.92 29.979030525903 5.26054673032202 7.43197221400806
4633.83 43.9636527450459 5.84489169759494 10.2875783872032
4676.49 39.7288460603139 5.51824218989794 11.8174975192478
4894.08 12.6837820083539 4.03031220488304 9.05315856856669
4914.18 11.008085209024 3.40701592435091 7.60418269375168
4945.18 26.2555398602471 7.33970122158793 8.51458310206453
5054.98 100 21.1156772698473 9.01874303764998
5074.98 21.0871962524764 4.21725108566574 10.9796099257228
5250.56 49.2881065279032 5.65549379583213 9.86803789179885
5281.45 75.75039600878 8.89490115121264 10.5604669798267
5379.37 33.6264175924335 6.08928453258145 9.87481564213795
5611.56 12.6427439619038 3.74840939921285 22.4508317395457
5768.27 8.42067080408716 3.54389988843316 11.163984390987
5810.41 7.84097288451536 3.43281358441268 11.6587034197473
5929.68 12.7648143034119 3.80620363107189 8.85592104423995
6001.42 46.3761211401806 8.38891657506231 9.81355213023289
6113.37 43.6571051768706 4.61223334404469 9.80155212593309
6142.45 76.4918361279003 7.93443586619495 10.7212062589915
6157.23 75.8883596460408 7.74617633637855 12.5351010039931
6271.98 67.0437208317785 7.1909061930216 10.984715438628
6312.4 29.3849898638565 3.28990327924875 10.8551819229579
6333.53 58.9226283343611 7.1703973841616 11.1389090055463
6569.08 26.7146598345131 8.61648995068161 12.4586608079571
6753.26 24.0105978725616 3.09495842839286 27.4051122105193
6786.43 67.5893680560799 9.34863059072539 13.8996169167322
7148.33 71.042471323311 3.84106136819275 13.8897346884969
7175.85 93.9203757921564 4.49215870851079 28.5148858451976
7266.97 81.8015068949924 4.11410800835271 13.7032900046361
7597.24 74.9768713841939 23.8763650304915 13.4509958111094
7737.89 15.0988575615664 4.44266244349561 14.3476017984558
7814.73 16.9212399264637 4.22921926166274 12.7557265436963
8017.99 18.2861628307069 3.98748231878027 16.4268889172172
8285.67 14.5083395246094 5.72748906219958 13.4495605867851
8422.43 10.7493581986724 6.5575653286338 15.6284732312415
8522.14 8.11094913069262 7.24628742991614 17.0888698961771
8816.27 29.8415426241556 6.65122358026263 17.8658017725284
9059.81 41.8388790352745 4.58654398518265 21.0556001505029
9386.77 44.8506112217914 4.77301580493348 18.3686603250662
9459.88 33.4723357790775 3.5067860109641 37.7127467137216
10031.73 8.48926139945424 3.00104318892057 26.8236369668775
10091.62 10.5836229481787 3.43236143978323 20.5061178465476
10207.5 10.0644887748985 3.18298755630466 20.3982833272512
10573.75 7.31966803209934 4.51445672825618 22.8136119694627
11112.85 5.08069697364854 4.17469303570344 67.5579702028499
11693.09 5.04853830020741 5.13219606970795 28.6380893014793
