4149.57 51.0724799865771 6.48515654085042 8.01601829019455
4195.91 56.7765936937166 6.88285031760417 8.32736620201194
4210.11 87.3390166415296 10.6314599862213 8.25050052160259
4366.49 27.2108627378358 5.06866953957052 7.67556705537208
4490.4 13.1990722688925 4.05295875857019 5.88696937803616
4587.81 13.7231786517778 3.04920928105443 6.16450129892837
4634.72 26.7967716641692 4.80454900958082 8.17116791770059
4675.85 28.4369367123362 5.14802363384237 10.4670410894896
4894.87 15.1641101181899 4.50379456313477 6.66755647837181
4945.31 21.5639125705639 5.9002164615565 9.09832750600799
5055.24 94.9946217549249 18.5846613622842 9.54604943865979
5076.04 23.0230183306379 4.22084032951443 11.0342955387241
5251.23 38.1490997499667 4.54226267043976 8.33202835267002
5281.45 57.1013003879449 6.61220947492364 11.1327402737861
5379.91 43.0893873824935 6.38149332060336 8.77410567061088
5614.9 15.6555198951716 5.10441688685808 9.69885435878223
5815.49 11.6675905576692 4.58587639424088 12.2508205377881
5927.69 13.5628119167072 4.45366723744715 8.72410780562495
6002.71 37.9721005248819 8.1942200789453 10.7512877632835
6114.53 46.0892372283917 5.35593404360061 10.505524196451
6142.74 77.3474324292614 8.39179051015295 11.1706145146727
6273.15 51.0867179279304 4.82075055786746 10.5586663643071
6314.6 34.7399834858984 3.40341252219795 10.7561000499391
6334.12 51.0682944036115 5.35093359237785 11.8577850889751
6569.68 20.7370506889754 6.1500649012184 10.9406715471678
6787.19 100 9.54392371287983 14.2531118712468
7191.26 52.9213267661918 3.01894937889434 29.1951629097866
7266.81 57.4834533909694 3.40898479332734 13.6632048542215
7598.52 52.7298747260618 16.1118137355987 15.3985398200275
7738.7 13.0182479427085 3.48665474197841 12.8596672481071
7816.83 13.645476320227 3.3990460134255 12.5996224067003
7834.96 13.1599775509889 3.22102492645265 12.5078568608878
8020.28 15.1843515193337 3.70700475944722 14.7962192669174
8285.5 11.6761251768794 4.90436012087688 3.64037228747293
8422.6 7.565877707837 4.01234732354951 9.4929248294502
8526.01 5.23978090075355 3.48838710873136 13.6257345065587
8816.1 22.0871105419774 7.60483240834934 18.4911120805391
9061.89 23.5194429159592 4.23647164657232 18.8450653602231
9385.36 24.5514340187812 3.0114558911026 17.8299851595966
10090.89 9.37903071051765 3.36624127069445 21.3594759894841
10153.31 9.29241977091884 3.07738885432199 13.8548891095907
10579.5 6.90119257658653 5.16901299739896 10.5413005505616
11132.02 4.96802772650081 3.61514306381191 33.5550889022197
11150.65 4.26549961755152 3.07368183549004 5.75501704423732
11685.9 3.42991622525657 3.6890851604566 7.42047285854824
11695.22 3.71826685023631 4.12341346715862 9.08525359793566
11711.35 2.78830733046596 3.13884174815282 3.24536678337427
11879.21 1.7950826632234 3.15338143007118 1.22554861657045
