4028.63 18.2306031503401 3.61035371934659 6.7525929837102
4149.81 39.0147457110914 6.67377055602336 9.28951278720615
4195.55 56.461186017292 9.90601898804579 8.42996575275447
4211.69 87.4196568301459 15.7291919048849 8.10246001343421
4297.04 23.5047651593454 4.29379502904105 7.44571015396286
4368.71 36.3580517386452 6.42632678172625 7.18756080989897
4421.28 26.5261352961066 5.33962911770019 6.36633785365211
4492.15 12.4546791453657 3.59246199163517 9.82170646902159
4588.82 29.3994549539851 4.65794849846049 8.95627889124353
4634.72 46.4614318365031 5.53366053897765 11.1129185887321
4675.6 37.7007297669557 4.69607044359405 12.022583113594
4894.48 15.4262693680283 4.64344280419382 7.56838130768665
4913 11.0460365002146 3.21249451439234 9.46194055254728
4947.01 26.8840756495564 6.97111042748131 8.53465092557235
5055.9 99.7611830394014 19.8921167492298 8.95192787000997
5251.37 51.1173437349771 5.55511315756789 10.0066898377409
5281.85 79.9993844037099 8.74962241195327 11.0436828065867
5380.19 36.7885777708063 5.95288343889812 10.7765136832568
5600.18 11.9973425512614 3.66150993273468 11.4594980700513
5768.13 9.16392953551088 4.65421953069822 10.3384433811425
5815.77 7.77491189251697 4.16831424459731 11.4491351396191
6001.85 48.1787941224442 7.34147005841741 10.4871840170226
6113.52 52.1796648624999 4.74528419820219 10.551196445751
6142.6 91.7420400687011 8.44552420184172 11.060613366245
6273.73 65.8355196305115 7.76238452437146 11.0773265672478
6334.42 50.5278692814184 7.01061878979656 11.3879471756418
6566.39 18.396702074202 6.35908942717423 12.2171949808262
6786.13 79.3515313170657 10.2742151975443 13.1163557755826
7149.11 74.0295552198935 3.85317615886232 14.8444779225219
7176.62 100 4.60373116151556 28.5771020344882
7268.38 88.9569461404579 4.47094948310179 13.654218401256
7597.88 48.8712920042815 16.0691052125638 14.135011164708
7737.89 14.3525060144047 4.53181655791958 14.204563514747
7815.53 19.7084412106125 4.96363263764567 14.3397929927714
8017.66 17.388754806631 3.86445134441457 26.7885333199965
8286.83 20.1650016733108 8.21640379040732 14.8418346535727
8421.93 11.9916785319132 7.44655268924475 13.6017214595722
8520.63 8.85578996506243 8.08481091709363 15.32356161178
8562.75 3.40189635071376 3.67619096913668 5.95823089545411
8572.53 2.69639047232409 3.03733716589287 5.11529993121803
8816.1 36.7377948460096 6.91348114616318 18.8795577458859
9060.68 47.858781861162 4.44823823000793 22.9467832413047
9386.94 49.692781197443 4.68971311504757 18.6209773780392
9461.82 36.0551406511553 3.36758412485558 41.7023128921028
10026.65 10.6495305745112 3.23410436741291 25.5931172036508
10096.52 12.7734045683513 3.52840599579173 20.3485498996688
10211.33 11.9570358669225 3.27966891569369 21.9712010997591
10574.49 8.74225993706339 4.48998535724843 22.5290498715513
11122.34 6.83523343098235 4.88117710534085 63.336602782887
11690.95 6.21855556758906 5.0441045929645 32.8460532633308
