4149.93 52.0829975300236 6.26483625685103 9.22062212561468
4195.79 73.5829417780495 9.12992056763293 8.35926674845086
4211.33 84.9998353155957 10.9505594554685 8.80282976777562
4349.82 17.5986384484361 3.53654853552287 6.87849890871894
4366.61 23.2487758068461 5.0907986172634 7.29831337110591
4420.9 11.6165589691392 3.74126039388124 5.99408643748757
4458.15 7.3740274116663 3.03940106410641 3.71679491640862
4490.15 13.2120727932146 7.1903261846069 10.6592823942692
4588.44 25.6248411819004 4.48334844863209 9.51882414187457
4633.19 41.130333761176 5.04405952830316 9.63945412142402
4674.96 43.8684841372809 5.56627579648031 13.391083626625
4893.69 14.203553549139 5.29802912329412 8.48637344762483
4945.96 21.0956373699858 7.63232026106667 8.44146159764659
5055.37 100 25.265879768209 8.90795819617324
5172.18 20.9361137497386 3.63552932964196 7.68387733635882
5251.5 42.9096746161588 6.73300400839863 10.1090787344619
5281.31 52.715714869634 8.5707417542629 11.5268215901233
5380.46 37.8269075174597 8.88031172149462 9.85905298570378
5612.67 9.51603139763877 4.0858542554556 8.28190470667869
5754.77 6.71963439284823 3.4225649942866 6.28254744399328
5767.85 6.0532157648603 3.08011085456419 4.31814524804304
5814.08 10.725203536121 5.54795607637857 12.470792309955
6001.7 50.9648206879036 11.3391071875 10.1989358573937
6113.95 47.1071713338934 5.48607760749546 10.180489462884
6157.81 59.0672367929085 6.16032221877806 13.838813014987
6272.56 45.5376182565968 4.67487101581868 10.9588713355106
6334.12 50.2452338592568 6.0877694593839 11.8849294722568
6568.78 23.3242406343182 7.45356979569513 12.4528810935653
6744.79 23.6558932330706 3.22643095901853 25.5296814057456
6786.58 77.3846148262518 11.0485852146975 13.4649470379845
7192.81 43.568947259189 4.22449976229903 28.4361404147166
7248.83 36.1139741022288 3.67278113346312 14.3606409184595
7267.28 34.7350291295769 3.5928791891224 15.0093255467527
7598.04 60.6179088204185 27.6234584579469 13.3175892246991
7737.57 23.2037398429416 8.47281281456457 12.7796403949478
7816.67 19.350810294985 6.28762015442318 14.4872609275044
8018.8 12.5453049669096 3.82805680750224 14.1903589916592
8284.84 5.26453180132273 3.17507262625015 11.1639821434183
8425.11 5.99614604641102 5.19503699296205 12.1377867499177
8523.83 4.36703291099342 4.06827509323607 12.4862074434095
8814.56 18.3672507416375 6.71881910590207 18.4963702994137
9060.85 18.6093912806911 4.28337405690754 18.6834225244584
9133.33 12.5485808811934 3.05635874067603 16.6543561213657
9388.17 25.5862867434183 5.22890482355519 17.6170246034162
9461.12 21.8491320806438 4.33133647269926 28.3477374558752
9551.68 22.023012712749 4.83059076128264 22.3441138509988
9895.49 5.53650463148352 3.74511732218987 16.2015680471122
10028.46 6.60042244055846 3.99560009658515 15.7391941046171
10449.36 4.34981656772998 3.21088992653028 18.0751626914862
10573.56 3.99534894645496 3.90771034508253 13.9626670175203
11116.07 3.18199596326726 4.37600341298294 29.7581702842253
11684.93 1.69882094375235 3.00444341235192 5.31773152129244
11693.86 2.0087460186705 3.69170844207756 15.4469754064121
11856.33 1.15399960596617 3.34900393518553 4.57708487433956
11868.45 1.19671657719351 3.58269230955451 1.6546130689203
