4025.9 19.5774945298994 4.59480865115689 6.59390555828895
4149.33 41.1483266421249 7.26421730817961 9.28716827666449
4195.55 55.1441403859246 8.67007846706863 7.93881990615955
4210.36 96.3104672514924 14.7114521968548 8.21265345229131
4295.32 31.0823801836064 4.39448947939245 7.03351237442621
4367.72 41.1644754136575 6.36804790197757 7.27220260426566
4419.41 29.5559221791406 5.47927492273657 5.95543724370054
4492.15 10.7943682161877 3.47819058008779 8.63273003580798
4587.3 36.346721009531 5.46309788817544 7.20984329595467
4632.68 58.8532987920346 6.15625960581811 10.3899008065746
4674.83 52.2786722669661 5.78426703472617 10.6504975247644
4892.65 14.6805316694848 4.39106498729618 7.52554726020117
4911.04 12.3206425999443 3.44369157936805 13.138623624126
4945.57 29.5105372251973 7.02410427361906 8.41186429178561
5054.58 97.0717980014774 17.5475399086497 8.7097398867254
5075.24 22.8293759908164 3.94734907556054 10.4816033390498
5170.98 27.5200425767049 3.16441491416375 8.28417680985058
5250.97 53.9193434685012 4.74704511261193 8.98748745118974
5281.45 92.3578643849216 8.25404573840567 10.3632406381776
5379.78 30.2928563104351 4.44504793074104 9.85050442438296
5598.79 12.4183067217007 3.5121182319682 16.9404818574812
5764.19 11.9341702140834 5.46799817923582 14.2994378760532
5811.25 8.09803315947488 4.01094133861107 9.59345466364084
5927.26 11.5258239552622 3.00233916284946 8.62234602229182
6000.41 45.1748757999935 6.70844680327014 9.96322232300099
6113.52 48.0837914156965 4.44090242481481 9.96777556633697
6141.73 99.7608076313098 9.27020744962806 10.4833956314851
6156.36 94.8069368237269 8.76805914308687 12.1389612911953
6271.83 76.1590018160966 8.28221741006371 10.9065012527826
6333.24 54.5954324485718 6.81889968244031 10.5020903201066
6568.34 21.3269121983759 6.91655400017899 12.8798212304227
6751.59 28.7251945340269 4.11977775962777 28.1787774713957
6785.52 65.4696161185944 9.91395250404674 13.7595423233934
7147.56 81.8761862099099 4.15519658502457 14.1234562124328
7175.38 99.0012914832422 4.53516833914614 27.7038398539371
7266.5 100 5.17964761251739 12.5831229913838
7480.59 18.9996576480232 3.36346289970551 17.6675556895734
7596.76 52.9829366796765 14.3920355649759 14.1844760637341
7738.05 12.1925251190804 3.4157749044099 13.200647509957
7815.53 18.6266126428091 4.25555581689634 13.5644971100255
8016.51 20.8272303445817 4.36549480279723 15.8886090675551
8284.5 25.5769569203367 10.8585078959013 13.9839506566404
8421.6 11.817387328493 8.17802409852233 13.6395884637768
8520.63 7.56695139921356 7.93019111723904 12.8566494956358
8813.87 42.3434676696208 7.6980441893811 17.9137662586672
9058.95 51.7680045988548 4.41030199922435 22.3265320091468
9385.71 51.868740358458 4.46380644679207 17.4366497217998
9459.7 40.101722990582 3.40862720654927 39.9807496219491
10091.25 19.4255620251302 3.59874434624715 19.7455270238297
10152.58 20.8172280880913 3.55567335533903 17.4759920408487
10573.38 12.3313276642963 7.21117659267165 22.7764410721593
10733.35 5.22494628015738 3.17874509188062 30.7677807377131
10819.65 7.39268693364305 4.62852296886172 19.6291081197687
11119.87 9.80537116491032 6.39935914647409 62.5598465266794
11686.87 8.30209435042007 5.47427501894127 32.8478480514514
