4150.65 45.8786520441425 6.60217229430502 9.67159737043312
4196.15 48.1731702349525 7.45341224882776 8.90301726496727
4212.06 79.5359724571393 12.7965878922223 9.149215943954
4296.67 20.1786018942752 3.36967705984392 7.18529579935785
4368.34 37.9643806488647 6.58978028243394 7.89360948706326
4422.15 20.2106655143665 4.15111848079553 7.95794428568206
4492.03 13.6627848542978 3.7573335585382 9.36995775669038
4589.45 35.0786436525733 4.47178669212047 8.72709776807824
4633.95 52.8507229175669 5.10184221981116 10.6167677341637
4675.85 55.2458568858199 5.70155605395531 12.3708194513983
4895 16.1869241884706 4.61812169112081 7.93961053472594
4947.53 26.965975019296 6.98621905755513 9.09719912835681
5056.83 100 20.7742584472317 9.93535292535125
5253.25 42.8545070450435 5.65667113610374 11.4772297486143
5283.34 65.4346143903688 8.67439202307146 12.082469673046
5381.55 40.053506952062 7.50975636721036 11.1142432297956
5603.65 11.9233411953413 3.84145701459658 12.9112127709941
5767.15 7.75269278678942 3.73609595852057 9.24750892171778
5815.63 9.58899191933246 4.82913314033713 10.847577405927
6002.85 45.3987804501565 6.93737654364259 12.284102092759
6115.68 47.50392000802 3.9582670932051 11.9581973292889
6157.96 74.710508261108 5.9013288037749 27.6943477439172
6274.02 51.694983238953 4.44220320997861 12.6127060580957
6335.3 54.0394851326457 5.47011817594968 13.659580417474
6509.16 14.0301130312626 3.36234138351932 11.5385287878471
6570.13 24.6520223893484 6.85859726710713 12.8950221529849
6750.53 26.6740313352203 3.50269263490081 28.2994979833547
6789.62 79.6454321509416 11.1586432647555 15.2436443522565
7148.95 53.2689478700145 3.48145202071891 15.9566018063342
7175.69 64.5681124152845 3.77447237013942 30.0161501673192
7267.91 55.6766367211225 3.7016690337411 18.7000295143844
7480.43 12.2509296278782 3.28272406392472 16.8276004810987
7599.63 56.9955795696468 24.2355645917608 16.2082186275247
7740.47 14.8733511916855 4.91316665447242 16.5200087046014
7819.26 16.1786190808518 4.06859712937146 33.3575510980008
8019.3 16.6275886153406 3.52531300841203 25.8388795933242
8284.84 10.1605600401565 4.61805035371115 16.6687258921847
8423.77 8.32205259708831 5.95848456912686 16.7616401219257
8521.13 6.06010256423647 5.90904131265415 17.5583937274223
8817.46 27.0204324830882 6.42092188545859 20.5515310420287
9061.03 32.9196209242727 4.03295457301042 23.862799696768
9389.05 39.1293158038585 4.77171115355098 22.5503754000838
9462.35 28.9106304264392 3.44603006127443 38.3330969664421
9553.98 30.0644549645363 3.96288128401223 28.4252421297242
10574.49 5.872598175238 4.05542846609354 24.346930226935
10728.68 3.6479566217497 3.05932493803952 26.5256177545707
11119.68 5.29637271496472 5.19789573086433 44.590383227951
11688.23 3.95434394809684 4.30327062846944 25.221172089281
