4155.84 23.084208842782 3.9482935813951 15.4840640804532
4214.49 34.3240833005582 5.82656210564676 15.3041071392654
4369.21 18.4202250613537 3.1176056351901 13.9444298110748
4677.38 15.7613644906155 3.23105167528989 17.1675974288983
4952.91 24.2808557224007 7.12980147282683 13.7725007603685
5063.32 11.3118822488086 3.39036735458479 16.4734455704011
5256.22 61.4245454159545 10.5177622451776 17.5765265670325
5384.41 21.8467726620028 5.44867624386816 17.4379473604758
5606.56 7.80245611190412 4.53822055387811 10.9613812644075
5822.55 7.60745866673883 5.89226803790469 19.8296431844037
6009.3 34.2693957545399 7.00773723799479 18.9657784682404
6142.6 43.4900744369941 4.23912427368915 42.4596152737504
6339.56 34.8952594760567 4.83136026615194 32.5840367865585
6451.41 13.2470601185789 3.46978532100803 22.7394454022497
6796.9 56.4356721378709 9.89680677161403 25.3524734444318
7194.53 20.014713703942 4.27767594600254 36.9618524744719
7592.45 100 14.5314522479859 31.1596604092911
7845.98 43.1143895905587 6.97106007409099 31.6461772068806
8313.44 5.72095955253641 3.21840674284227 38.8947027859649
8821.39 16.091549872058 5.74461267930933 41.4001777706872
9144.45 10.9981867501861 3.53969974757243 42.8441713559168
9565.69 22.4697660050499 3.6059066844237 44.3018976837229
9908.46 9.71335502402207 3.879129154358 43.3494157676632
10932.62 1.55886831721589 3.97087367145432 15.2198635584227
11133.54 4.05988211946482 9.5669586729298 44.2091990555218
11478.23 2.57160244573775 5.17551078403822 40.8325146615207
11951.28 1.78577763116542 8.91961926133665 19.2988768705145
11989.74 0.734369849503212 3.92702169955469 4.89246980215466
