4070.99 32.6242217923312 4.31491259795515 9.9134768365343
4149.33 38.9424541144405 5.02083932035056 9.80788334253066
4196.64 34.7838493499227 4.57879337091708 10.7418582994142
4212.91 41.464491656089 5.55463892324078 10.3406192421216
4493.53 11.3069365328738 3.40400423690748 12.509411403199
4637.39 20.5709278929389 3.26397811841858 19.6830571556129
4674.32 36.12241278254 5.85668578723403 15.1247403646985
4847.52 21.3670223695531 4.69155511020807 8.87494736640929
4947.93 38.6773945363699 8.18078571642157 10.4214499077634
5062.52 16.044004164136 4.019075158747 10.3292840445183
5107.5 13.3005518861303 3.36937244519331 14.3470970860735
5252.99 65.2122988370278 13.5220566779284 12.2876049734314
5381.96 31.2815941084291 7.76675436940615 11.7608703490714
5469.61 10.1200938363697 3.09555767201974 9.66067995206868
5603.37 10.5098816874067 4.43002724781626 10.6852280224721
5814.78 10.0739352440005 6.27439531886227 13.6600210336792
5895.96 6.50846178938333 4.7583814862884 12.2075194060353
6002.99 48.0527788095265 12.0718069151652 12.3606553728769
6133.47 81.007508104633 7.35768416844989 21.3159527102007
6317.68 30.7792946898805 3.19990368435959 14.3451039381198
6335.89 43.7333374606683 5.1387198524774 15.7096777391071
6445.78 21.4372653325767 5.74236585826455 17.398411478136
6572.67 8.44375153433446 3.22977537508733 13.8559321409975
6746 22.4423912569557 4.52440460893373 16.6400118980118
6789.62 100 20.5375259703538 15.9221819051609
7193.75 16.5040523905645 3.95471678538095 18.5091822820223
7588.46 96.5083104161038 22.9542081904285 18.0088200326236
7838.04 73.2713329577446 17.2920346067892 20.6480345710124
8082.43 9.98857991888417 3.60527147000436 18.2006979731013
8286.66 6.24024397543286 4.01414812013832 15.382447832515
8818.32 18.9144045904682 9.14479546470499 25.3800049413876
8905.53 9.83305927999782 4.26483539293795 19.8878116079195
9135.76 7.52544864162699 3.70083462696715 16.682367033618
9461.12 14.2025028288208 4.58890595486542 25.4871605467852
9553.63 21.1355012368542 7.04412157314723 24.3311973436721
9899.27 16.9538758064246 7.4476426553808 24.3270177714185
10033.72 7.77505985530771 3.45104479245028 22.6787016843118
10242.23 7.65870974256188 4.23837848992901 23.0168465251791
11112.09 3.99502764051797 7.12301256251626 25.2099980241146
11262.29 1.79965036179964 3.05563883671705 4.92544498923598
11460.51 2.91443493042546 5.69914155747804 24.5885033214236
11482.46 2.00327827338682 3.92265423802601 5.5184748268457
11837.97 0.718553068806455 3.14599201086329 1.17669708281755
11933.24 2.06142472103994 11.8057398628038 26.7858071856408
11962.26 0.807083107794474 4.98276852050033 1.79357243543382
11968.54 0.725157483075073 4.55982984818314 2.36255806287409
11975.02 0.532085398839899 3.39794223908044 0.94971479846572
11981.1 0.623676200769686 4.07831121974205 1.16419579449393
