4068.84 41.1388797692458 6.06815586575804 8.78606891943855
4150.29 40.0316183899146 6.23830541026711 7.64695283455603
4196.52 29.580467810983 5.03786186071364 8.47643251307636
4211.82 38.6287836788206 6.87048791692836 8.17089962424598
4294.46 17.4565336785251 3.18026617161016 7.09902303080617
4366.61 18.4442443512251 3.28546362963368 8.37828286491822
4458.15 15.7470875020848 3.80429037552968 7.79769557083637
4491.28 13.9240654749072 3.87299595285392 5.67920426301771
4625.32 25.6608009653745 4.05058113249248 18.2514450883864
4671.9 51.2753327934045 8.36349818508086 10.8753255667216
4848.04 15.7096145682517 3.49965408768713 8.31214280290897
4947.4 65.7310710503777 12.513481827061 9.0379080607072
5062.39 20.2003995364368 4.64974420855264 7.53960150061175
5104.58 14.8906128579029 3.65049385904508 8.88480133655685
5172.05 15.2278438847932 3.75167213613847 8.83156225895891
5252.04 65.8647821807459 14.7528646854675 10.1660157456845
5379.91 31.5019665961908 8.58940602520135 9.19747248284511
5466.32 12.2988920970847 4.33434944244238 6.46551070380701
5602.12 11.0838855135513 4.79438121394617 6.83830296433462
5813.23 10.6870663134905 5.39994645451108 7.85140080690508
6002.85 44.5427230104419 11.9642392917282 10.8861816576355
6114.96 49.9772025991512 5.85531143367416 10.6762826336117
6132.17 62.0427439452664 6.73351967930544 18.2369030306982
6219.14 33.581350491697 3.10940131055566 10.2012197589092
6335 30.2975438579448 4.10227715155586 10.8820361624084
6442.67 15.0721891193868 4.07582773178095 11.8501590934229
6506.92 9.27999882953959 3.36360569249704 8.84929983086113
6745.85 20.7162409363515 5.66128178537936 17.7434624616026
6787.49 70.4986491978986 19.5304841695147 12.5577653292539
7178.03 33.9692493753698 4.9471056155611 27.2143320098603
7584.79 100 24.2262423244838 14.1020897275012
7838.04 55.3030728697528 16.5276965274001 14.1684168185375
8285.67 5.99140785140848 3.11271987930265 14.651729473253
8496.41 3.36655758502959 3.20920183420345 10.8244958106843
8786.72 7.62930906299342 3.45732867688761 15.4406700646923
8816.27 16.5310125035638 6.57620755457533 22.028364641923
9062.06 13.8157523350415 3.64485838103901 17.7033486503278
9136.28 17.4747165876667 4.87361382443455 17.8749229653531
9459.53 23.4216519880595 4.75477265752316 19.540834155825
9552.21 34.6325351877515 7.99535172200002 18.7171826243084
9898.37 12.4131624049675 6.96920056072187 17.9534064738964
10032.63 7.73037536744882 4.3648990284357 17.8661787659967
10095.62 5.40138761706595 3.01275326992644 13.4493027706667
10237.84 6.29668495664052 3.75474607827341 24.5291181560715
10411.17 4.61896041348913 3.27066676284964 15.3390875975419
10922.26 2.91672697099465 4.37105242987731 14.69872130964
11108.29 4.80962964200236 7.46470808226246 18.0959757562268
11126.33 2.31608586689022 3.47144189232993 3.65524859545803
11461.28 2.78326995177764 5.09275380230995 11.337900794384
11468.21 2.24504645692907 4.07851674541276 4.36409199203626
11693.67 1.58131033515293 4.09761601648498 2.38547014678807
11700.27 1.86928378252019 4.97203292175139 4.01007832188225
11713.29 1.30490112540396 3.53107243933159 2.38966743248602
11794.46 0.966201380792434 3.34170558191714 1.41418908870037
11930.11 1.54619571729952 7.93336552205645 6.50075806090899
11937.36 1.2976011417687 6.78833799733842 3.45434780504365
11950.3 0.884638611124334 4.7890846247067 2.9226482074464
11972.07 0.522872183370867 3.01165173449455 0.589880757905121
