4070.51 10.5808258207747 3.0581363347967 7.20248983331248
4149.08 23.11196808021 6.28666008067447 8.19302670970865
4194.94 20.0336995317888 5.87117732230234 8.12301889207811
4211.21 23.8577584183291 7.3414260730832 8.37030686486924
4352.78 11.6282450310624 3.83398575026538 8.64975911097281
4366.24 13.654429528207 4.64928626575143 6.99224361189408
4490.4 7.38919007387708 3.98633295954728 7.13389790416477
4624.3 11.2985869443441 4.85035231899691 7.05796355282837
4671 14.2657918940919 6.80918588570219 7.6499094321216
4848.04 8.14930853039798 4.31978016812625 8.42691651623682
4896.3 6.36800791442908 3.01903074790079 9.40503917670139
4945.83 15.678730493301 7.43244338648958 8.59851180584792
4980.47 6.80128547561331 3.37133086490459 8.10056163565696
5060.53 13.5200682532668 8.41955945592436 8.38398297461026
5103.51 7.44121667892369 5.09752534234613 9.07430080448376
5252.31 35.0065903507178 21.555443736766 9.40168052550871
5380.87 17.8732922848229 11.4782834301891 9.29502892940127
5468.52 4.08714732590886 3.2211673244474 5.293415029475
5600.32 5.25311013121685 5.50335773214756 8.72838523783867
5813.09 4.00874120854963 5.92009556176493 10.7732328234752
5889.85 2.44437646778534 3.7860494687693 8.06016843661291
6003.42 26.1210116594521 14.4021828641723 9.48131226521127
6114.67 29.9916577124543 6.40637402975988 9.72073773454485
6132.75 38.5675326862213 7.51950859515046 15.474641947595
6334.86 22.12839133721 5.4598718646635 9.91676494536568
6441.93 8.44580240172507 4.45091438100069 12.6091780467286
6569.23 3.76637155315663 3.65628833584682 10.6759804078429
6744.64 9.35356642857515 5.96028689853736 11.2704436217646
6787.49 39.5420665289343 25.6597808039592 11.3037155705742
7150.51 7.24113130707499 4.33472816662225 13.8784772655927
7176.94 10.7944311837803 6.03486126698302 26.8413480178706
7334.72 6.59419800492492 4.52568091631842 10.9065815507292
7586.22 100 38.3998422328513 12.2135414866088
7836.9 37.1307135900117 19.6381852268613 12.5016109961616
8083.09 5.04550672582271 4.71234298638187 12.9818905448847
8495.23 1.79655554147792 4.59543049599066 12.0758773067864
8787.74 4.00969173884599 5.91219540169702 20.9761739044334
8815.24 9.39571000583794 12.3523909014012 18.4597343665046
8905.7 4.75955461328868 4.89427711120285 17.846358417959
9060.85 3.30457938979919 3.11514414549507 13.2248021626347
9136.8 5.88898719814612 5.87894173072246 14.4136583203781
9461.12 11.2187784718346 5.35067550578114 17.9946310183368
9552.39 14.2108893453611 7.51403781225112 17.5640684631508
9858.42 3.53320939938278 4.40560019808743 16.6637823254914
9895.85 8.01349906237282 10.2158634785359 16.8733704985843
10032.09 3.64089606431841 4.72885454834489 14.3079167145916
10239.12 3.02930607201535 4.1705686140187 17.3922567571935
10318.1 2.88285665017556 4.03539085310205 18.4137105914542
10413.2 1.92018699453144 3.07720651562085 17.0022331022665
10848.55 0.912147180517551 3.45097857209266 5.42019182462718
10856.25 0.903396582632886 3.41273113521326 11.7175268402007
10919.44 1.18690975249169 4.51407563648525 16.4016563260939
11110.19 2.10360044990742 8.41687875899021 17.7553283590314
11456.09 1.46817049967235 7.54852006707605 21.6095106030698
11478.42 0.678965041220094 3.46718942433731 7.22608649086942
11770.69 0.473765023677197 4.6690860102633 2.92663632778203
11847.35 0.350519792732946 4.55121253643155 1.40636740662194
11934.81 0.998238796936052 17.0396318315068 18.8817295269855
11945 0.658791772559011 11.6385146931971 7.29147144229137
11952.65 0.452581111408742 8.20695914178782 4.66272699621913
11966.58 0.283063272247968 5.39699281961931 1.20120752671755
