4072.19 15.2224561217743 3.05466586840483 9.08966479939227
4152.46 27.8639422340087 4.64142071164554 11.2507717055287
4199.19 37.9430578569505 6.56787218557792 11.3729203091716
4213.15 43.8397726326158 7.8078620353487 11.9476869797536
4370.2 20.4298301623182 3.80110699105318 10.0416277409431
4461.14 13.4822170936678 3.63427385443946 8.30203529748815
4629.25 15.2213327892647 4.37060216555469 17.6744301065437
4675.08 29.28040381756 9.10790592716804 12.5545711295945
4849.47 14.0523789352224 4.60163044145619 10.3345289458657
4950.42 27.8644810311176 7.21526416117456 10.398763299746
5063.71 19.7336221139846 6.10011036128497 11.9420060642296
5255.28 68.2572033769841 18.6563390542564 13.2157603964679
5383.46 21.6981405664072 6.31093940943919 13.8883687460066
5605.17 10.0854514090995 6.29799942636884 12.2056772750302
5818.32 9.55289683834698 7.5328479225629 12.8470673806951
6006.43 54.749128404211 13.6693068971147 13.4282076448162
6119.01 52.2313757391517 5.11502552800479 38.7285289674001
6338.24 21.1526101883171 3.27126613912145 27.0651083803004
6448.3 13.4930175546163 5.78387575634167 16.1565279375145
6575.06 6.15037967556581 3.33349854741588 14.696381107532
6750.08 22.0063845948882 7.20478859650934 18.4878897252802
6792.8 61.2340570204559 20.8192061792559 15.7002940738093
7183.16 17.226717315738 4.21012136464779 29.9552518129831
7341.79 9.81817062625446 3.13411601761113 15.7063379515939
7592.29 100 24.9610290390067 18.1135690257042
7843.06 49.5877874252911 14.9411379717448 18.1447871603687
8507.5 1.76812859813794 3.02240183858272 18.78769733027
8822.59 12.5568114291079 8.05473860705268 25.08288941912
8909.48 7.24224215275847 3.39273606426982 21.2578495635353
9142.19 13.9277551549629 5.81998688708414 22.3764290049767
9470.65 17.640356517529 4.56317138448235 28.0102967626699
9560.54 26.9376302520694 7.53752419598469 25.1552324103704
9866.51 6.19727866476846 3.81326622877312 27.2956053412054
9905.76 12.894329572729 7.90757069214827 26.4154529723983
10040.97 5.46928747901882 3.23617281089907 25.772960290129
10934.51 1.77825878513955 5.37885186200088 26.806045940697
11120.63 2.82275872649313 8.87740742768294 30.3053391436824
11471.87 1.99289380741174 7.29425616060078 28.2108224693075
11711.74 0.729488489641744 4.25937843715144 22.4862767171126
11946.18 1.21324399143499 13.6566592457999 24.5187610096582
11971.29 0.272398633410583 3.24867344065149 3.09570995177273
11977.96 0.338427843019374 4.13654065509326 1.70770774129414
