4148.84 45.7028485606868 4.71881372347998 9.66744695462694
4195.18 39.7716822263435 4.57644703009615 10.0727140423614
4210.72 50.0932846969719 6.13836139637961 10.3534838392825
4366.12 15.4786386268136 3.2125106963295 8.82613680111263
4494.03 14.8966131758996 4.56909563837089 11.8493806730703
4635.35 13.4794676890644 3.13336689264062 8.47396827169359
4673.04 22.2890715297889 5.36932197424634 10.9835226067235
4847.52 17.5012836205112 3.53351000208439 10.0493504663236
4946.62 35.2328923604824 6.78962534700483 10.9736260400268
5058.81 16.9642778511272 4.18154590930153 10.5234019843256
5106.44 13.579476477982 3.56814664974607 11.8713255371376
5171.65 12.5985726376615 3.16775680758239 7.34696695521143
5251.5 61.3813328938275 12.9636266356895 11.7382358098712
5380.73 39.4636854048639 9.14233348231597 12.2236266686332
5603.93 12.7777226686469 5.11338453981748 7.38282002086271
5813.09 9.11688936757224 4.22632796361948 9.3721887643851
6002.56 44.0303830274877 8.1481625065598 11.7994792596483
6135.21 90.1659508301898 7.54691369363196 20.4054404322615
6317.53 39.6951394057609 4.2313835962026 12.756130869162
6334.86 32.4154026288642 3.76748615572484 13.5652184315659
6441.34 19.1945466866709 4.246838243836 20.7922218896429
6742.37 23.5490058420248 4.17021985804757 14.5524667841446
6787.49 100 17.9314797657146 16.2507416687104
7112.34 12.7148135385742 4.21513621924656 12.1273592073476
7191.26 10.8278262387386 3.49539703304703 10.1489805448273
7335.35 10.9098840399582 3.72215797967019 13.2468521234814
7585.42 96.3909395639897 23.4325637261494 15.5995093088923
7837.39 77.9421387917236 20.0646181841947 18.8345576438205
8083.75 10.489148161688 4.46892088138172 15.6260143549143
8283.34 5.48380382493599 3.62750578929378 5.05620143576562
8782.11 5.31995055720207 3.22887046186119 20.2633935218928
8814.39 11.8498508906697 7.09228048614558 19.2904851193725
9099.66 5.19284383295544 3.39432691388465 15.7004459920681
9133.85 4.93098716108926 3.35289202548672 5.76605534501323
9461.64 6.99531765482645 3.93578966545766 17.4283475244283
9552.57 10.2577381463282 5.93700126314359 16.8461474248652
9861.11 6.64118427419627 3.36010390646614 24.1537518997156
9896.57 15.9423782674195 8.09949330613821 22.0128511317398
10236.2 5.30561234942343 3.5573181870864 16.9696206867175
11111.33 2.71812705421444 4.56479029522052 15.8590869965519
11117.78 2.04301833314258 3.28302454316835 5.21127388946297
11456.86 2.61914602907984 4.68241166785495 13.142414913169
11790.95 1.13850978502241 4.28709691653182 4.13957641646084
11932.65 1.09458016457476 6.87419011601065 2.07060055610782
11946.96 0.646431956006076 4.24894588529429 2.64518949128615
11953.04 0.485856402674889 3.2484180521346 2.09731426071448
