4072.19 55.73753261117 4.6086902978369 9.30385140410817
4151.98 52.5713582713066 4.28259359998667 11.0666664098644
4200.16 38.2524812256466 3.80139917224569 12.012223311468
4214.49 66.2732569156825 7.27838292052775 10.8149143036453
4369.21 33.3794193926453 5.44039808644005 10.069497728452
4494.16 24.4075389108937 5.04696986116464 13.9606793836147
4580.22 21.9054820609985 3.72913428420773 8.3394308350471
4896.04 24.4166895218247 3.14814024662529 9.99312361342163
4950.02 67.8239934259556 9.26125015026263 10.7364043820162
4984.02 21.4644487954596 3.21930705589497 9.04870507771375
5058.68 83.6139685128447 16.3274591981615 11.6238635502659
5256.22 52.653666133626 9.23364682444808 12.9131783019002
5288.2 38.5473194069056 5.92187771283149 19.0548708943434
5383.18 83.3665860768127 12.5932386179054 12.0708414115015
5603.65 15.5342746951861 4.63120689317652 13.0954690738345
6007.15 61.9093863831159 6.6398829670101 13.1740018965193
6146.51 100 5.78875499658994 38.2300409178943
6731.18 31.8700432576295 5.88762871614062 16.5878337278127
6792.04 86.5034742775396 16.0388619877127 16.3979130056414
7255.4 27.3610528965217 12.0221120620455 24.6599425412769
7481.22 6.64987672931644 4.14400080245558 12.7841966410297
7604.27 15.341062602258 10.5887046531901 18.7476573525773
7844.84 40.8806618646254 21.8613378792555 24.0751115381972
8087.69 8.82450872905331 5.39115525299531 17.6220585536421
8290.98 4.11138612623957 3.56321631604406 10.0790650087129
8820.03 6.99474037481376 6.55829158067932 27.2026582189574
9310.93 5.42220987568624 4.76492095140172 20.7502505646735
9563.38 4.86010986882399 3.63067272808929 23.5202064353507
9865.25 11.2104493491796 6.64504536410549 25.4812725145166
9904.86 13.6081156550028 7.77735867025784 29.6472888038679
10094.16 6.16960440748816 3.50793987203002 21.9813096977596
11101.65 1.47451804632544 3.19706421723924 1.85368708678106
11469.37 2.02284506827801 5.2666652642294 17.958093600022
11830.75 0.45825564884992 3.05992276549799 1.85206940090029
11849.49 0.430565893250938 3.04684864180531 0.828865780487831
11874.9 0.395456415176073 3.04602478638834 0.663808605779195
11916 0.386695940108766 3.49186824497364 0.947667584943702
11927.56 0.505368418366282 4.82671164599181 1.76629382207284
11940.3 0.999608175751516 10.1959572046452 2.07775264959855
11946.77 0.887488443357806 9.30858157905175 5.67590139870117
11957.36 0.587216965231566 6.4417297528428 1.76239222871845
11963.44 0.344103700795023 3.85413216708369 1.11986092997722
11970.89 0.402675987145162 4.70145789942849 1.119540411657
