4070.39 25.2361640388428 4.54754192634771 10.8755037862425
4152.1 18.595431331934 3.52917238497116 12.4318023291098
4214.12 28.0107402966587 5.48778958963126 9.53469637449416
4296.67 22.1536262002922 3.05551805419104 14.2657004955363
4369.21 35.1479188105935 4.26782750489875 11.5621689162454
4673.3 46.5952464847301 5.41676988702682 15.3575210768113
4848.43 12.8377422866703 3.64081838800867 8.30930998507665
4950.02 31.7793699333852 5.38517715308977 11.9665016255503
5057.89 48.2629321106818 7.09218199216124 12.2299850236341
5255.14 38.688805243667 5.05332897600401 14.1163787078485
5284.15 32.480172465817 4.15171483136654 17.5717866201867
5383.18 23.4363639946285 3.95355083917165 14.2039367031693
5602.54 9.91536066356631 3.23023564228924 9.97660504258965
5703.58 8.32763254253829 3.23245054928536 2.12267587787755
5813.23 8.77567787613134 3.93500321192238 11.8588845705854
6004.28 30.1098833259277 4.53712089030485 13.7721427179968
6144.33 100 6.01791760221587 25.4630631830723
6336.62 63.0829789296307 4.33932400110323 18.7343670959417
6508.41 18.0651179732385 3.09369118705399 13.6455415117534
6744.48 25.4507204748151 3.40462637379983 24.1187998487103
6789.01 82.3878887363455 11.5319952721901 17.2049855380428
7250.39 40.6273648361082 3.79013472085937 30.1798287928123
7598.2 48.120899619051 16.8296950276129 19.4887466204145
7838.52 75.6272499418999 16.1627271126522 20.871092015198
8815.41 31.7642719747229 9.08325805109257 25.5205071797991
8918.92 14.8731794300788 3.19390352830775 27.8754631800803
9134.54 15.3152267587958 4.12047013992019 22.1637301052233
9462.17 32.2458372183013 3.47566922586342 41.2091532913419
9553.81 54.3215567144835 6.26538827938724 28.9558399710313
9896.57 16.4596060913154 4.89194552236174 26.7415179404234
10036.62 11.2609853413788 3.07201632905856 24.6118414954453
10241.68 11.8055031774924 3.35779906774816 33.4627254581756
10585.63 6.6593330416718 4.41918920726654 29.2253921983374
11115.5 6.76974966045398 6.97437696741547 34.4391237647633
11460.32 4.09221753049676 4.14171187001703 24.0080691362018
11949.51 2.67598941098704 6.921787025597 30.465985757728
11963.63 1.31240645407449 3.47676229042493 4.00438199174823
