4070.99 23.4588427741236 4.73090142766517 8.28151665083715
4151.38 20.7365383958588 4.3655376954654 8.29792502178225
4196.03 16.8361891365318 3.85489041754499 8.88129916797789
4212.42 40.2631216988141 9.69592174207688 7.95098914347545
4296.92 16.8446257661345 4.0237361492562 7.58691433235526
4368.09 22.1071014068488 5.24932030097909 7.41002229345941
4635.61 13.3889114295892 3.46401490806924 9.33067708342878
4675.47 21.232564617721 5.90436118231331 12.8856515431044
4848.56 10.8780990274485 4.19836110502846 7.13320836361436
4947.4 18.4262877272368 5.49034679378184 8.86199406394007
5057.89 45.5186945536648 12.5799660580383 9.55697021109791
5252.58 26.5465042127575 8.42647188599116 9.7095899673559
5283.2 18.1141263014215 5.56026630145622 10.2112008440236
5381.41 23.5272925017255 7.55111137094477 10.2536195918801
5604.9 7.49821036011523 3.79992301175489 9.34645976276352
5700.37 5.12900988016756 3.14764416657365 2.77419200637269
5814.93 8.63217227347271 6.11898766188911 4.89665606459585
5894.54 4.72534299542555 3.01736470015588 8.41908975530896
6004.71 22.9285756211933 6.73738290652749 9.90539692164839
6116.98 34.7266186548154 4.99362010088882 10.7836576560894
6144.77 66.8109812831159 8.80714244915616 11.8634788310146
6316.95 32.9368353218315 5.01835621649479 11.4253558052933
6336.77 29.6212096349076 4.79121723360515 10.4098752821765
6445.78 13.4522852032069 3.46209346770268 15.9451729036173
6743.88 14.4247476339015 3.97375301441219 12.3492702515578
6790.68 100 28.9172500812241 12.6251516384127
6927.06 9.32242682764218 3.34852077775978 10.0082145397837
7148.18 11.4907848475625 3.28815744194297 11.5222269041406
7253.21 21.8828145674463 6.41059529659164 12.1989170346988
7477.73 5.41130902865716 3.15913147628586 11.8200301295346
7600.27 22.8942895698099 16.1591249194606 13.2994465061201
7820.55 6.0861520276258 3.34129041805511 10.5660610816476
7840.31 35.6770583034206 19.8031855071859 14.5239105388364
8084.41 5.9085986493534 3.3700076484621 9.04926270616306
8190.21 4.81212324996581 3.42429361607978 14.219524281968
8289.82 5.12973501928071 4.68355035402155 12.8149582641308
8429.8 3.47342982036681 3.91013646618443 2.15099352070138
8818.49 14.51173059761 9.1440538282983 18.4584472313782
9389.76 7.63639434380189 3.9880462136851 19.8086118174633
9462.7 9.37863801782905 4.74929472396037 25.8950133562739
9555.22 13.2040658648928 7.30687582021644 20.8092615064525
9859.85 3.60190794473707 3.15403264129257 16.9373180721286
9900.17 8.0088843235613 6.93499339419531 17.1110511491061
10034.08 3.99618766833957 3.08849892950105 20.3646024749341
10242.96 4.08089135319041 3.50860936006854 24.233424435517
10922.83 1.58583019545297 3.13721932263841 6.63918375936009
11112.66 2.37331579180701 5.2116551005364 14.855190829674
11125.76 1.96923909057639 4.29375740696544 4.51437586077191
11455.51 1.32157187207155 3.07505282236651 8.6892714119731
11463.98 1.47319465882445 3.47775729184013 6.18134246207592
11787.83 0.717935602731172 3.57315974400323 1.75002142505036
11798.36 0.67917672033747 3.54203575943275 1.58372163063359
11812.4 0.661173043118556 3.68822218779543 1.23040772373679
11850.67 0.521622855141689 3.26041390402344 0.960185484294925
11861.61 0.654050706187491 4.2323730047068 1.47313743887025
11871.77 0.774615248992097 5.17135493284808 1.50511323864157
11897.99 0.498613079672862 3.5746231631898 1.26530845631532
11928.54 0.489940838133181 3.87896119187385 1.71906869182385
11938.34 0.694397832984762 5.70858852056262 0.888260849706057
11952.85 0.723110457057511 6.26250687562062 3.09188987743619
11963.05 1.03453178810197 9.32370974164729 1.77392826712094
11972.46 0.699872278709781 6.52723315273808 0.769686277481014
