4069.8 36.5281113819128 5.08076874029751 10.9634841394159
4150.65 36.8507030854779 5.49394356143478 10.5745205890125
4212.42 59.3490790922994 12.4974587098839 9.99553439335887
4296.18 16.7412142448744 3.92568018403655 7.37460599277074
4353.03 16.8299282658279 3.00206409137394 12.638045588993
4368.84 31.5222742277054 5.826915177777 9.06608076699558
4494.41 10.9977378999425 3.00451270147538 9.52442244918711
4636.62 26.7527954263419 3.51367110719239 16.2168170026544
4675.98 44.7872989512245 6.23653790861374 14.5977353257531
4849.21 14.1819618976665 3.43455896743863 7.24754704030602
4949.11 39.9182852368601 8.03837774749006 12.2074591905312
5056.83 60.7514152029126 12.2903905805465 11.5649355071619
5252.99 48.9097397121139 7.27812575247175 13.0090895542617
5284.01 35.8161804134397 4.8309969176798 16.0223258526394
5383.05 38.8301068248748 6.12207865173462 12.4958759441088
5603.79 11.0105328524034 4.28452800221376 11.7282284920229
5816.62 8.77502817220478 5.85431108672119 12.2888315080263
5897.24 4.71344873171105 3.17679136304698 8.20588706055514
6003.99 39.1619089940918 6.76771830083881 13.0605673498831
6144.19 88.602419517606 5.80299382415724 28.0763462448203
6337.06 34.3519292828841 3.04653592645227 18.3113573442561
6510.94 17.2260672522317 3.95532908426913 13.6815301776051
6744.94 22.0229176450165 3.08623899483146 21.7495791992915
6790.07 100 14.5577187203275 15.5556934021588
7252.11 36.2378711409136 4.59954745405335 26.7684958716427
7602.03 42.8918431837859 19.9206758112439 18.1133258029622
7839.98 68.4983252573139 16.7052818990665 19.2115323746575
8083.42 10.3257514905616 3.00293694315743 25.5894756628977
8284.34 5.34971792296673 3.07045182000278 12.2218796873367
8421.43 4.35049566715139 3.61676810147831 10.4799219924571
8815.92 19.1828899789484 7.8427187254103 23.3594753797424
8913.94 10.3432231184905 3.08032142923831 30.388944293567
9061.54 15.5879713812361 4.38171172660586 22.1043781532062
9138.19 13.5565410871508 4.05883395985035 22.9835120620974
9390.28 16.5763846712888 3.49124253775792 27.5496773336436
9465 19.7772029165681 3.99793647419568 35.8578496329883
9554.34 31.6237875139473 6.95020954023379 26.1740436050895
9900.17 13.0938109378782 6.83776282901284 25.0694011071573
10035.35 6.26999369105301 3.01040794794409 26.4514665836159
10239.12 5.95525429413894 3.13951385685135 40.1307542003196
10589.16 2.96427865051496 3.35553164560781 27.9081160392507
11114.55 3.36044155244705 6.18587396176971 38.1870595042092
11465.52 2.19479114534028 4.49251662665231 26.950359185088
11691.34 1.09597095774044 3.14427739557238 5.92139412125289
11862.39 0.654224492031256 3.72168064672211 2.32879945298191
11943.24 1.33672290750535 10.2933512050122 27.2092430762314
11967.36 0.438518651443336 3.72609176492491 2.66908253707152
