4067.4 48.8588661626807 6.68468708109957 10.1096826436092
4149.93 52.8346760551462 6.04551535155716 9.81210502462727
4196.39 47.3262619464167 5.68932706210566 11.8155480191681
4210.84 100 12.4818899974554 10.1571704422577
4295.08 24.1156067914046 3.49162376713414 9.14622029908787
4367.23 22.8280444053308 3.66926505299977 9.38977146067191
4492.28 11.3876318390817 3.41677126030457 12.2528637282185
4632.56 29.9317414524083 4.4417370952192 9.49555285365841
4673.68 52.0881658316767 8.18030753065633 12.0524745107032
4718.56 22.2951335557817 3.58951194478881 10.1848818929957
4845.97 12.9193940995039 3.17960379556871 8.09707297980913
4947.14 59.7017420435542 11.2334531537873 10.1227375286253
5055.37 63.7308173525647 11.4285767496441 11.7688811368253
5171.65 17.1602620690898 3.24302807724777 9.52901625808227
5251.23 50.7130156038138 9.3682208819546 12.446233067345
5282.39 33.7347268582603 6.40465823939474 15.2119142029123
5381 37.1243715834106 8.76390169235709 12.1683477670304
5602.68 11.3443677828168 4.11824774549316 8.69497783699626
5811.11 9.06705018493256 5.18288983025024 11.6095423950601
6002.71 37.3289738636791 6.52093805579389 13.275222825986
6142.89 75.9515576634628 5.1546065745109 27.9507207062252
6743.43 27.687946201639 6.19288138844787 32.960109969471
6787.95 75.4324061286166 17.2215053323862 16.3678980670948
7249.14 26.0209890648244 3.54035677902592 29.6331669878336
7474.4 10.1206148962575 4.15851266835547 16.6376537389697
7597.08 31.0064324270315 15.0730451382869 17.8657592304644
7837.07 41.7726253617491 13.8393576648272 21.3619857208732
8006.69 9.75743105791724 3.13732307450879 26.4754349850173
8282.34 7.84687754774823 4.75544147134933 14.0637868670037
8424.61 4.14970787982888 3.5927745351727 15.5079160771529
8812.51 26.048403253124 9.65605582049358 22.552118746029
9061.37 13.559476153297 3.55771421926135 19.4227358788685
9132.63 10.7417266462571 3.03818323938672 18.7269973198381
9384.13 15.1125988899705 3.37331713776497 25.2965006829363
9459 17.0820353730889 3.62717621455127 38.6740199321612
9549.91 32.4439920258819 7.59633865189247 24.8066430779782
9896.03 12.7663872697691 6.35958955711012 25.253286378691
10032.27 7.69651001296008 3.33281258083792 25.0642033819258
10236.74 7.5098460006732 3.59182938846903 26.4691720664687
10408.78 5.24734402933909 3.48961071937032 22.6152358749368
10923.01 2.30515899070473 3.29714168918158 11.6044525523248
11109.43 4.48231279004963 7.02930259408516 27.8188743500596
11460.51 2.76195217793808 4.40675527459836 24.7454371032927
11927.95 1.26240641199198 8.72547848040037 18.1635482160218
11961.28 0.934640264428352 7.43856657381245 3.42646412673639
11968.15 0.503892262355233 4.11410008025465 1.10870108304152
