4069.8 50.7443125146891 6.34981233656561 10.0898962675356
4151.74 37.1005020558029 4.67777538359945 9.27897509047307
4196.64 28.9767585419954 3.9891181385328 9.11842192583481
4212.54 54.7082188034338 7.95954754786653 9.66610721067082
4368.09 21.0661530696728 3.97603306096374 9.33816370006753
4496.91 13.7266102157534 4.01866334563254 12.9520426636764
4637.13 20.991728042708 3.88625253611103 9.53430666688018
4677.76 30.9595233417894 5.53109193308169 10.9503814323098
4719.84 19.6684285133596 3.35428169629105 12.1507264903357
4847.65 20.0748379079466 3.99282244519357 6.86263852223874
4947.14 47.6902787297564 8.72886417843438 11.1748527848249
5057.36 55.93435201594 11.364647319898 10.1173013112448
5252.85 34.5963229369589 7.91521588054047 10.2347860451018
5282.26 22.70271545916 4.94643731365297 11.5292534380724
5381.55 36.5464755417345 8.47952463364555 11.7087212239303
5813.37 7.37833996113168 3.62747300550536 9.97785771034432
6003.56 37.3215919982139 6.22600363531723 11.7560026662022
6115.11 58.7444606060232 5.16811952447742 11.7875089597919
6143.9 89.5009932170778 7.52436754180074 11.8128719016877
6315.33 29.7502319714486 3.65667873511694 10.0696591359992
6334.42 25.3362686800151 3.37849474712092 10.1075275913918
6744.03 21.6995337945169 4.08280651931774 29.7321758682674
6788.25 100 19.7932195102461 11.9288656352865
7250.7 30.0641543908591 11.6421290669548 12.113677917514
7596.92 17.2829065901561 11.3160909074594 13.442101243083
7625.05 10.6307486332986 7.1495551808708 14.0310136372364
7836.9 60.7815954180988 26.3017095114615 13.7774392102619
8079.81 8.23613274872015 3.78237219064899 14.1646092334786
8190.7 5.42289068855142 3.08908430928423 9.05592875298134
8287.16 4.69146677173843 3.30376450769083 8.39865089222076
8812.51 15.2149217741512 9.13764353015853 19.611591947747
9306.37 4.12939287547941 3.51831029763223 12.851814340851
9482.84 5.29072247152514 3.97845657123225 16.5184626209775
9549.91 5.21750795057575 3.97893995421694 16.5564567290203
9860.03 7.38534105605761 5.20498439432162 22.6531741367744
9896.93 14.9468405881318 10.2319421336087 16.1146283966773
10408.96 3.45245297912463 3.0778229383899 14.2750835401876
10517.39 3.28592181210267 3.3911619390141 9.85376060129965
11103.17 2.06935508760315 3.34337055629962 14.982745364412
11458.59 2.64799357014898 4.76471278731557 12.6136421344272
11801.48 0.921429475307531 3.10578060513855 1.80632701039031
11843.24 0.909912305220499 3.52798412122123 0.891437016414784
11872.56 0.748916434003758 3.12446529945672 1.20891978895088
11935.2 1.43087813458652 7.37609936313945 1.76686982162573
11946.96 0.867844660032486 4.61526234436236 4.22310620043027
