4148.96 14.931630882577 3.03211725608422 6.67542527072237
4210.6 100 18.6757152848606 7.9648720021687
4282.58 22.5260197598604 4.14610057166521 8.08380884895905
4421.65 24.8114434048127 5.8020253430015 6.33618110068164
4581.36 26.1051094742854 7.50236733156581 5.86546500879467
4978.63 66.519510414988 18.4133509771697 8.59773341904565
5016.93 15.0774051575094 4.11035085445532 8.80247508351113
5075.9 18.2657688806655 5.30264309964053 9.19294967853602
5251.23 61.2828300453711 16.6669786687926 9.2937190694247
5599.9 8.6788829943203 3.08972498382162 4.16009420911087
5613.23 12.8435871915859 4.82584380303346 9.41652101305135
5765.04 7.22052965291045 3.58418594543342 3.51006061259613
5930.4 25.2452399110264 12.8239661457079 9.8851327304983
6143.32 75.6594468313079 13.7260872140546 10.373973629793
6218.56 90.5394936150594 14.0558527963541 11.4335483066634
6350.73 46.4373057403528 9.94217076272212 10.7292563495348
6570.13 19.7341110863844 8.25080334758323 11.9884367689328
6616.22 9.8663799138171 3.816843109681 10.2544150629437
6754.01 11.1416426349427 4.66764108255411 8.93905380544675
7147.87 53.4122869626833 3.48483724605177 13.9708204520221
7484.08 9.74824490448727 4.19315791404299 28.8338880524261
7624.25 56.8070608485414 17.1131182989952 12.7800033423091
7726.14 22.982740026509 7.09211273382548 14.6223742246348
8134.92 11.284957335913 4.88883427019257 13.0232489021791
8158.83 8.02214530585789 3.53964101542124 22.3147354623507
8287.16 6.5977527815259 3.62176965896595 15.5840735348247
8411.72 4.90284571529389 3.29807178182701 10.0738471567111
8493.38 12.4757965543624 9.25153955004159 15.326594787306
8522.82 4.18743341955703 3.146488258524 2.40656949321601
8814.73 16.9674759151505 6.11499008752587 17.2895799431371
9000.89 19.4903041189439 3.29779462751249 20.9634286866949
9059.64 43.398702937342 7.54891757540531 16.8796921505618
9376.74 47.9631550490398 10.0585222545334 18.1575403931965
10154.77 5.52351128026691 3.2300221635898 10.124550995597
10226.14 9.15095694563342 5.38491097449156 18.7303077030465
10516.1 5.08105031402881 3.88446694092641 35.4460452856474
11150.65 3.51164182483556 3.51423521108187 11.2759910635086
11261.53 3.47784280135598 3.50791355539755 17.0432224042033
11394.59 2.78261975245319 3.1341018602695 18.2299012994608
11408.99 2.68624952030743 3.07681933594895 2.51187811769887
11691.53 2.58972267764985 4.89300453539684 10.8006879220611
11699.88 1.92083195393777 3.68031440009733 4.54074527179364
11834.65 1.10324142779199 3.17786470113669 1.8308736762192
11950.3 1.80885148114449 7.15157997815711 2.79603312238214
11956.38 1.71276898799696 6.90019951183397 5.63607153686098
11964.81 0.94805704344563 3.9083265751924 1.94420833016557
11972.86 0.898818129670938 3.80472958383144 1.83840236116521
