4146.43 12.851111661179 3.38090884426297 6.16239939536172
4211.45 100 24.8951738436035 8.04296775608782
4285.15 21.1645752056014 4.75646095501776 8.19044590382509
4367.85 16.0886069382488 3.36701509502992 7.78534915266482
4390.87 14.3459378307275 3.20277971217698 6.92232571791737
4421.4 22.2120950829709 5.47618476325871 5.77631226560425
4581.86 21.0695657872147 7.06602837201542 6.64192118522442
4676.23 12.7622560610604 3.59339895940145 8.05899763775597
4721 12.5607985700525 3.76675578388069 8.54034058153775
4762.61 10.506945767684 3.55121650155602 8.06852044849529
4979.29 52.0995516511565 18.9274120618984 9.14164400662958
5017.33 11.3601040206026 3.97177203120079 9.26644294174366
5075.24 12.6589077622528 4.679274572989 8.10410268348824
5251.77 56.2120900040165 20.3822891108546 9.73384939034804
5615.87 11.8150317472461 5.15206847012948 9.92611128263798
5764.9 5.25010658452728 3.01360919467078 4.72102290032672
5928.83 19.8291341656472 11.9859466951391 9.14712332859835
5950.08 5.55912359754632 3.22559806559303 3.69764415739519
6142.74 66.3129161902558 13.6855557574985 10.2733054952487
6218.41 75.7089328631232 13.7399107125762 11.7221490982774
6350.44 39.377897130859 9.89632354281898 11.571369119004
6570.88 14.1087625596953 6.84792483531784 11.2769380718455
6614.27 8.58091553987298 3.87262327094285 11.7528927300045
6756.28 11.1776540782875 5.31553155562127 10.5153894574651
7148.8 43.7047637922849 3.32049462703448 14.912975972923
7485.34 6.6513946590274 4.0997887576164 15.6265437255634
7624.25 43.0862055300594 17.787385233097 13.8399473790723
7724.37 20.2931231483367 8.01361609823822 13.276674874307
8136.4 9.20562843807418 4.81336542196943 18.3346467295833
8285.33 5.56140194097289 3.81265340604253 14.3665433655678
8492.04 11.2746337981317 11.4851415793971 16.6785583872388
8815.58 13.2228935920186 5.71242844791665 17.9275725197767
9004.17 15.9756907502886 3.78323466381395 19.6291771609376
9060.68 32.6287284043676 8.09107508419702 17.0906136202248
9377.09 37.5248574941389 9.39283416751185 17.3318613323881
10225.77 7.05672662664318 4.98484096495456 19.0176394186055
10514.8 3.78273853283333 3.76957838233495 38.8905183760598
11139.81 2.66299247929581 3.31076806633217 17.6723746816406
11263.44 2.8220163093633 3.64308973253221 19.0070491303759
11390.94 2.25267501252322 3.28699393532752 17.452074249315
11691.53 2.51241455120877 6.33439132502029 20.5608645555913
11955 1.29807696476926 6.40093173832653 7.93823970694939
11961.48 1.03148311223183 5.16479726888162 4.26566759015441
11972.07 0.785378660342267 4.04006381350199 2.39287893841174
