4210.11 100 28.2729480390126 7.80955265030025
4283.19 19.197197656706 4.98342028530498 7.68443303347158
4419.91 16.6342961338473 5.83670174765486 6.05132127305478
4489.27 5.39546769217064 3.031910093581 5.45529992122192
4580.22 15.867122097677 6.83641052713636 7.46228378824981
4675.21 12.9303087431752 3.96137589401316 8.24231924191008
4717.15 12.2760221241161 3.89931011017377 8.5101610778911
4761.07 9.62621340759842 3.53285573290807 8.6811661659176
4978.63 43.7393147723822 17.912184368481 8.19387497432581
5013.77 11.2226778539628 4.4977185681387 7.98833159862988
5075.9 13.4943279516585 5.93911580887834 8.98496119580341
5250.02 53.7397022871456 24.1860162016628 8.84684727038166
5612.12 7.88126608396238 4.50445915858453 8.95321805809454
5764.33 4.02490303417715 3.95474813637352 6.05120674380578
5928.54 14.8917964781923 15.9924695355999 8.23037714636121
6140.86 67.2785616223626 14.6651557976228 9.21501057467322
6216.81 72.9370141402317 13.5112777157143 9.89294022357353
6348.97 27.8323573528894 8.01928046841124 10.7307920022567
6567.74 11.5935054032089 9.13901432075798 10.3187860413527
6612.02 4.34068754414596 3.23122395202012 10.9530501926538
6752.2 6.54503132799162 6.19520654007121 8.27327025219802
7484.55 5.84294142010478 4.83914793107102 9.89730875926034
7503.75 4.21164428368105 3.69144709410754 13.8528170074915
7622.17 30.6905355492697 18.8060664947526 11.5403928711839
7723.89 16.6647496800685 9.91646511333315 11.5357171444384
8018.48 4.68260068300624 3.586239618071 12.7576872155441
8135.91 4.31986936972432 3.31910372165511 10.5322842998066
8285 7.87048138149005 7.41061818613448 12.0937257383266
8492.37 10.5747530996005 14.2717300568689 13.5656733340511
8814.73 12.3806902270749 5.58687935226363 16.1396070444152
9060.68 30.7913376938103 8.33169539726687 14.8376398163673
9374.46 33.0701979883821 10.4318770036849 14.2085631929203
9448.41 11.4621151668231 3.41789904071391 16.8868676420807
9973.26 3.62128289409412 3.80009556341293 15.2392051467905
10151.85 7.11931891617574 5.44386163101073 14.1314632242829
10225.96 7.89794409137007 6.04271944741729 16.2966129888682
10487.79 3.04129976111146 3.24466445841797 13.7114533702406
10508.32 2.77538555775788 3.0539702590066 20.0013726168563
10767.94 2.68712975818022 4.43143168436115 15.754825557864
11111.71 2.2764141977149 3.51015392460314 14.0710466238143
11142.66 3.1666464460106 4.93412651925152 19.4558257994395
11258.47 3.01128088456828 4.89504218839175 14.067639980829
11389.41 1.76995368806068 3.18517445922045 17.2065448107169
11686.68 2.09012391467541 6.27071731818137 14.9114418079134
11704.35 1.12356858480036 3.43189578163395 8.7121596335237
11797.19 0.895059700363914 3.44905312540487 1.75990212792021
11834.46 0.718198326374344 3.03254073060854 2.56966290395576
11949.9 0.894614990953093 4.91605295648275 9.20033294123823
11955.98 0.994544891693428 5.55524853806916 2.54108987477593
11962.46 0.745941499074901 4.22696719080723 2.02794424912099
