4148.84 16.5504558667974 3.495110383534 6.81093320635046
4211.69 100 20.801316766855 8.60874624323424
4284.78 31.0040558732817 6.16734124044704 9.07922350412809
4368.59 26.8433028197395 4.80798136299829 8.25522676353467
4420.78 19.8139296707599 3.88255502208814 6.92032070994173
4582.5 29.2758176396178 7.88312520316917 6.87625499074329
4634.34 14.6789549396247 3.35021222385798 7.11990955640522
4676.49 16.9187971925441 3.88561606590212 7.83337938951354
4719.2 18.2465093153618 4.41989845463516 7.19786431912871
4762.61 14.8302941161597 4.07489553871698 7.13443087425367
4980.21 67.5114063061436 20.8092722326998 9.40280816987706
5017.06 12.7127768838465 3.96206160901313 9.76240702585619
5076.83 22.0561620976167 7.57079665424359 10.3035807527995
5252.45 75.4356852126551 24.9891824833246 10.4278964174891
5614.76 18.584353309622 8.9646200572483 10.6520125438537
5930.68 35.653311751977 21.445392067298 10.9420123035652
6143.75 68.1591360901006 13.7168260571147 10.8898856433643
6219.58 90.5031881030206 16.028349428229 11.6731101925207
6350.73 41.5184153754392 10.2345946949357 12.2370275133226
6570.28 27.0902661584492 13.9306001539492 12.0335357615395
6616.82 8.9291417274506 4.278820584132 11.5303153546756
6757.19 9.37575300822703 4.7554007308121 11.1562515411042
6811.63 7.96528681344227 3.95985871976567 12.8100010608014
7149.26 42.0792673186047 3.66661616133545 15.2277055162749
7487.72 10.7137111064138 5.68487653765794 29.344114725629
7625.21 56.9950356429071 21.8101652852689 13.967469867961
7725.66 21.1587607526894 7.8987909853206 13.817092196402
8018.31 6.91111520559079 3.06171894705949 23.586973808503
8497.58 9.83365977930916 9.09935158271753 16.7433765942278
8707.52 5.47229700259033 3.65440017577477 12.2638570683885
8817.12 16.0693307684023 6.65447015508525 18.4430154343572
9003.65 16.1725964638772 3.97136863706409 20.290479029969
9061.37 31.305344758637 7.98043426902828 17.8599834135675
9377.8 43.1018259611048 10.5864633718943 18.4941348202738
10228.33 8.55559360590733 6.29433561812677 19.7829096107271
10512.4 4.56355378286779 4.62885018656028 32.7670031821854
10878.8 2.83135093850274 4.57048359744721 18.8944402338057
11263.82 2.41405224868108 3.37712723037332 16.8951905762533
11398.81 3.2715100821607 5.3176515071227 25.193057958817
11576.44 1.78802925506726 3.81543194238868 3.2292572762708
11681.63 1.36202890996287 3.67270592300004 3.07779460709753
11689.98 1.74533947639667 4.84463131362026 8.24245927120501
11702.22 1.15046250482501 3.26839783417712 6.84996697942915
11862.59 0.797581474050816 3.69269368906097 1.41823558580472
11934.02 0.633803851901131 3.48215669337374 0.841943360397636
11954.81 1.62966329175465 9.49663142749984 11.3520454408681
11972.07 0.832881441839164 5.08843188773627 1.79431673137151
