4072.31 10.0592074335985 3.11949896886853 5.06723491182038
4211.57 100 19.1429725164563 8.83684345776055
4283.56 20.6474856440881 3.44510872494131 7.61694596017514
4367.23 24.4355108704493 3.91889426596602 7.51687647180188
4420.78 24.9271956059235 4.45528600501384 7.36841390388145
4580.98 22.3819285901789 5.49020157578937 7.15792543185216
4719.84 14.032747840989 3.12170736511203 8.2194334167225
4764.42 13.812176465898 3.474799062053 5.17435418219611
4980.6 65.1290155645858 15.1937936050336 9.63541742989128
5017.72 15.4949128800432 3.44033589880702 8.38561721490714
5075.37 17.4770108481235 4.09030339751441 10.2121953625092
5252.04 55.3055415311655 14.7669631051553 9.79899574314913
5616.84 11.7861293142107 4.16965929275557 13.5158991552789
5764.47 8.54810739703538 3.93806253145321 3.67804197658188
5930.68 21.9611981481705 10.627262757482 10.0487724186296
6143.61 78.0218932392443 11.7992515686769 11.5677729489335
6218.56 77.657739865654 10.4313522507629 12.6613701000797
6351.17 44.7165064915781 8.73024124792661 11.6900566042968
6569.08 15.2742057238995 5.64087244544126 12.9294014682227
6614.57 8.30660635250878 3.01314555099369 8.78333707796264
6758.25 11.0359963260007 4.68857426151342 12.6109506929342
7484.55 10.6770705068736 4.52726282789316 12.352697084003
7625.37 49.2170242088896 15.7712095445759 14.710649808635
7724.53 19.9938399001642 6.23562188370326 13.8257720241972
8154.71 7.82079920932806 3.06330252727088 28.3326216831056
8286.5 7.57491147692323 3.68129256728332 13.4519629029746
8496.58 16.6201874528871 11.6341283992006 16.2618792963149
8816.78 14.3933802021973 4.17098600827758 18.3282731556264
9060.68 42.3838066780075 6.18827863318874 19.194218308312
9375.86 43.2690731216888 9.51525467732525 17.6882378878145
10149.48 7.62132116985532 3.20452634156945 17.2612699855636
10225.96 9.86094219666617 4.19667965829938 23.3609565217703
11141.52 4.01590341757549 3.94641744027804 12.3110296910581
11261.53 3.41790265709284 3.3805598456423 12.4329756275038
11683.18 2.67201189843623 4.52915672970295 18.1855117529722
11699.11 1.9837622189104 3.40579464150033 7.00993448163172
11826.65 1.31679251804297 3.24160193695025 4.54312776024017
11840.12 1.19735843769099 3.02264903983214 1.62818684309605
11944.81 1.0086725170898 3.34208687799653 1.14456135124965
11954.41 1.38708673318982 4.78337299521981 2.55205390124138
