4210.24 100 23.2918833324438 8.44076130570102
4283.31 28.0829701997577 5.27340859748977 9.34803611786811
4419.78 20.144869448723 4.31176212877082 6.89599087060105
4579.59 18.3714471659037 6.09756402646185 7.28131272107839
4632.3 13.7782664345282 3.30121816210444 7.12504131038804
4675.34 21.2190573405595 4.88463688410491 9.02476261947504
4718.95 21.0760151185492 4.85081476093825 8.72410628393845
4762.23 17.4172229772782 4.39260394077509 9.58735386642638
4979.55 49.8632979960173 14.6991074494329 9.661049548763
5015.75 13.845284128294 4.1155828009339 8.13574170597622
5077.1 17.7494435641072 6.00073052747458 11.2077911437445
5250.83 57.4846545041127 17.5328541040609 9.67197615557052
5612.81 12.2525680648955 5.50142462462132 9.58927779734586
5767.43 5.01062295037497 3.29658908606164 7.02784547171996
5929.68 19.2004435101926 12.404842071696 11.0646854557135
6142.45 64.8603024773793 12.0553010690141 10.8258211012417
6216.81 78.3820818624965 13.0534933011217 12.1202580551035
6349.85 35.4112787760897 9.33836084660601 11.273568958758
6570.73 16.4506666705465 10.6242577726652 11.7434588219776
6617.12 8.0098096993608 4.32585924131998 11.5901433467088
6752.35 7.96596273744444 4.30272209757612 14.5639034001742
7484.08 7.95802421450419 3.66178783184755 30.1679334463333
7624.57 38.0980801251399 17.0333284848651 12.886823554968
7723.72 18.9577493681794 8.22657638272925 13.2299419133296
8015.86 6.43393508245983 3.37417101507899 11.5084661566825
8134.76 8.24866401993456 4.29563052755555 36.0922615422369
8284.67 7.74461755499165 5.18372976190302 11.8698333004741
8493.22 12.2027141732653 12.1682429556833 14.5989753080303
8813.36 15.1409979518178 5.79562401402292 17.7715518281602
9058.78 37.0543465417727 7.65341643819434 15.386552144153
9375.16 38.7933332086546 10.1340183897345 14.6604064770563
10153.86 6.50589207913188 3.81653359937409 17.0735916657013
10222.48 8.41490673768305 4.89144059999188 17.8941666640258
10771.69 3.54625853996739 4.29787262218045 11.2603786279324
11141.52 3.64930249651993 3.68135073130265 12.2769702277546
11258.47 3.30810663932544 3.73195812121983 15.1910515043
11390.56 2.79690793634769 3.87297997086433 24.6829137535969
11671.54 1.36783254752384 3.11956225439815 1.55440895527499
11686.29 2.51643135225379 6.15382497143253 20.4132462962916
11790.56 1.10163685694359 3.44342331544279 2.7250214708929
11955.2 1.3001868512897 6.25885441143829 2.50677110848483
11970.5 0.689166438002998 3.44057764979011 1.98606778056273
