4155.12 76.9475064455526 6.54747122764263 12.1622084780465
4215.34 94.8122301171524 10.407930453411 12.5032591236577
4499.79 22.0524305205475 4.34395350879827 15.3883254564207
4679.68 57.50347322921 8.57931674968606 12.970164312479
4721.64 22.665702726308 3.12618505605808 12.884467744625
4898.65 16.0625858005205 3.04866126607977 10.8218466753906
5062.79 74.8419958078499 12.8711850190846 17.1818061185331
5286.44 26.8063755464538 4.68886383742264 21.6013410428386
5387.68 56.0604568191103 8.94990091750146 14.8051703470037
5818.32 17.3284217982685 7.5684838874527 16.1766998055236
6148.25 78.3981623757686 5.87324580176325 37.4980524388875
6515.11 17.4108287955124 4.55685606310099 14.1045916761377
6751.59 27.5288299927325 3.21131900375169 39.6776313695527
6795.53 85.9560271886326 10.5330102611019 20.7292151182137
7256.96 22.1714721554298 4.32770038301433 33.9550702775732
7601.87 100 15.1423716757237 31.8104832716108
8019.62 9.40004582145041 3.03960003912385 20.9505155332527
8075.7 9.4089305476157 3.44349215394138 22.6390965705732
8823.28 14.276331883266 6.99085532086182 25.0632995831984
9068.3 8.73905098938292 3.3441369927194 26.4539600225708
9403.48 11.7009751356757 5.36562038690613 35.5884076059101
9561.08 28.2247562797374 15.4065004002656 31.1007762716545
10044.24 6.66643266691625 3.25406787120006 26.912016648479
11141.9 2.01170784321747 3.11950312239488 3.570684224258
11471.68 2.75779420320033 4.7004485408785 16.0197060044302
11489.4 2.4421511985792 4.12274268525944 20.8119988748422
11791.54 1.3421483134108 3.28300627540986 1.83030105459511
11811.23 1.34213013994842 3.46986822306535 1.5621439384322
