4152.58 52.752267640954 8.7070854799607 10.1189616253123
4214.12 65.5002661971239 13.1627744677244 9.83177481906205
4297.29 15.4092693176654 3.56375987210184 8.52451169549386
4369.83 20.0165505308766 4.59200557737722 9.83406066210318
4495.03 12.4469836764508 5.35781060015756 13.4580257306907
4675.72 18.0472087391699 7.7196033861907 12.7813350365905
4897.87 11.872070416895 4.92172656638312 10.4937208352758
4917.44 8.89022179627681 3.54131658122668 10.4149742761801
5060.27 76.1522791453543 20.0956999228128 12.5699930678384
5287.66 34.2581155386943 8.24113102313692 15.1921374102385
5384.82 52.4066442207659 13.7463335730155 11.768304710864
5820.01 10.3282728093432 6.69472276027272 14.7814253269153
6145.93 57.241177723356 6.00766244395972 38.0282069688146
6319 41.5003219172424 4.59749278467376 14.4508314964614
6449.04 11.1850107071919 3.07034537257157 14.0919035528577
6511.24 8.07555012778259 3.36101075447681 16.1199393257612
6746.45 24.0257737154642 3.71686267350927 33.2220272860313
6792.8 100 15.4140473872517 15.6356180630028
7074.74 8.3082004608302 3.29600200489684 21.1211718420927
7254.46 21.9029335726568 6.20285016818913 28.6277771065206
7592.45 97.5739125869296 19.5233876835116 26.7213517250166
8015.53 6.23686028817079 3.3798984889734 28.8772529854796
8068.64 5.85752226284728 3.50390450285761 25.3174680567563
8817.8 15.4834292146068 14.2309066868924 24.0913513203886
8927 5.25442077373102 4.08713916697472 19.8452251868603
9110.24 5.69645477165944 5.10267183008339 20.1652490800261
9398.9 4.89762042707872 4.54341047390203 27.2982732784003
9556.29 13.6602310308471 14.6743685190122 26.0345513298216
10034.81 6.02672781478947 5.24574860094554 27.110674754369
10416.15 4.06267465579774 3.93427730058331 25.3757930024185
11131.26 1.27269935771529 3.55595531207184 17.2031653356025
11466.67 2.51036141632664 7.67305208282936 28.7416468118026
11873.73 0.602038287004607 3.55261949226115 2.78869993568151
