4153.43 42.0094089049315 7.59348738689232 11.5989634631705
4213.52 73.1838783570561 14.9536374902101 10.6084593291316
4298.14 19.9051197115876 4.04769259365444 9.08132551984727
4371.56 21.497673157088 3.56182286490551 10.82680515826
4597.43 18.5977049247752 3.92512983090425 14.9125189484121
4675.08 47.1702673918625 9.42188322827381 13.8032086383073
4920.19 13.046833228135 3.98285820567693 10.8224906464593
5059.87 64.4489630988625 12.7617282256026 14.9246911995087
5284.69 31.4186030623425 5.81855393511886 16.9660842990615
5385.09 31.9479482170434 6.99909042351114 13.4512283110225
5819.16 12.8139519897746 6.37501843150396 15.7701110531534
6145.78 63.8920212931097 6.15682722946136 37.1128989747731
6277.54 38.0171171487098 3.0333138634118 17.1231530959831
6319.44 34.4632858500552 3.4290233623031 15.6772060472249
6511.09 16.428336852746 6.23197191285131 16.8763648408076
6541.47 7.51161011392676 3.52922502635366 13.9103385762446
6748.11 28.8787055859509 3.74912800153703 27.7340978325064
6792.35 81.3195177231973 10.5030033379666 17.7157021740159
7152.53 27.3342443097784 3.62474234556316 18.5489691650855
7269.32 28.4554113413255 3.74828772055917 36.1750652960918
7591.17 100 14.7890830583245 31.0114139579791
8017.66 10.6483169929483 3.87443204681532 32.0649515454215
8071.76 8.20576870901917 3.10071679712239 22.2570010153377
8429.13 6.38015850033496 4.67935806893471 20.0171771953046
8821.57 21.2917679291831 6.78754272764525 26.2599148680256
9068.12 21.7988311315252 5.56331513404107 28.3325539027119
9402.78 25.5934820248493 5.82277354703732 34.6310052449353
9558.59 42.4619555908488 10.6605338936394 31.3057770730829
10033.54 9.48033259081459 3.32492552671938 32.0533002382963
11142.28 2.33211349597381 3.24168671760336 13.7318692449426
11148.56 2.31791109635041 3.21753752264995 24.7986936368907
11473.6 2.33650653348073 3.38780011874851 26.4470708756617
11695.81 1.65334485056033 3.41200654017694 8.70996713232853
11702.99 1.6971903244173 3.5831822947409 4.55074724750375
