4152.34 44.0208771306857 6.32255563945708 13.7472498773786
4213.4 51.6849848067982 9.31858163303035 13.0793448249651
4371.06 14.061047982635 3.38836852572531 15.3258892283029
4494.66 11.8515030967951 5.38667821111392 18.8671871710994
4677.76 16.2042336271722 6.3183363059966 17.7618917975014
4898.52 9.1628757718503 3.13262875876088 14.851507651143
5060 71.4858603781873 16.7861492874346 19.2197716637593
5286.44 24.8194515959262 7.02295016389854 19.5907688947409
5382.5 44.8664359300354 10.6122747984781 17.394258227283
5816.62 10.0540297362468 8.042842323881 16.5748331274153
6144.33 63.9494060670178 6.83979482647357 40.1164072789343
6317.68 39.3444617382678 4.13094243376299 19.5365761911553
6452.59 12.3962028352013 3.10900564609225 17.5686004341651
6746.15 25.388310207181 3.02770932942778 37.2862373712405
6791.13 100 11.9829478200757 22.4953922453997
7256.18 21.7308431617747 6.13525311678894 33.3799867264961
7600.59 77.4041976736493 22.4914280201969 31.1748229437007
7818.61 7.68223571126394 3.1538295746362 21.7755615855567
8017.66 6.58282004381709 3.70093604754082 31.8293481049941
8069.79 6.5083938711731 3.90560560698778 29.7777895121717
8817.63 11.6613897214597 10.8145868312654 29.2393136413975
8922.53 4.7181684829472 3.80862803907893 23.2016714859437
9109.89 4.94615634908554 4.97594183197012 24.1957342293135
9393.8 3.63266137869305 3.457086014525 28.1302731571595
9554.34 18.1777803208929 18.8600207788441 31.7598927050894
10035.53 5.79119221968836 4.56422379447828 37.7845803960772
10088.89 4.74842807479416 3.50131473078905 41.735250433363
10415.04 3.34242110785682 3.01472298560323 28.5493000906172
11125.76 1.03343212145897 3.10813305879848 1.95146865455354
11469.56 2.14453887397832 7.04736581795862 39.5058462842226
11509.64 1.04621786585255 3.38629409554277 8.12982299905889
11803.82 0.424236752299427 3.06469187247449 2.02999967338837
11813.96 0.43814754476401 3.37416403890635 3.50306974403611
11820.01 0.380056158048034 3.01670427096794 1.06325725156603
11833.09 0.451480431966609 3.77644111819561 1.47884266689107
11864.74 0.365336004216933 3.3823328546217 0.988361470777818
11878.23 0.520926767925733 5.14810794958273 5.57128229925002
11898.97 0.287349372036388 3.0130415828932 1.1333069450211
