4072.43 16.816728150697 3.11802295468551 9.25913811693363
4151.74 55.0186843486067 10.5576337558176 10.0597264569124
4213.15 70.8298267617234 16.0475618370106 9.43654748550762
4295.69 21.7189922296802 5.19887924813332 8.60757281365113
4369.08 24.8522987326586 5.17563693623072 8.83015567096845
4494.66 11.2893546212621 4.21686118902977 11.5625621408562
4590.34 11.0871826797824 3.00177175721579 12.715751846481
4674.32 58.1300893224568 13.8012448187138 10.4593941001185
4898.13 9.63050128435442 4.15877739860629 10.3007155791884
4918.49 15.8775205841029 6.71734849780714 9.06476734153512
5058.42 81.5918178760614 19.2817875553685 11.0916585418618
5285.77 34.8415093778645 8.84059732144851 12.8695512862696
5382.5 41.0287291594196 12.8255400981171 11.1142556914001
5817.75 14.7849942509269 9.77504777299308 13.2029938655824
6145.2 56.4031394017577 6.23782862942058 37.3819525154604
6276.95 40.8990113124315 3.46340808208155 14.1306195657589
6317.39 41.6794308262988 4.10976739826151 12.6270653983102
6511.54 17.9865973548645 5.80429663143853 12.3895652478805
6748.42 33.5802945009203 6.84956625358019 20.6936333958383
6790.98 100 19.9482348564813 13.9453195381566
7254.46 25.08804905729 4.81944699376775 30.7573126076295
7589.73 74.8501320275826 19.1824286413394 29.8094436443425
7822.65 11.6887753797726 4.03170616075486 18.1907037616584
8010.13 11.2945116077674 4.77464549961645 26.6027905110986
8071.1 11.9852812135228 5.55729254572716 17.8802880374933
8424.61 3.8134115980347 5.03353029563054 17.9349636586903
8819.51 23.9486216245587 15.5150006400065 20.7713967652053
9062.41 11.094070232432 5.40832235187963 22.3924339282712
9107.81 10.1201166251061 5.53684965479163 19.0648949465285
9394.5 14.6470756568631 7.73703847396583 27.1890384054695
9557.35 50.3791334577974 24.2929036050024 23.2188954524026
10037.16 11.7991766804649 6.06782473472473 24.1191838173563
10418.18 4.85050716091981 3.44082946514534 23.6265478504647
11141.14 1.51044737548253 3.91302968300542 34.5658335898752
11467.44 2.76265144519897 7.38592377926339 27.5395197108646
11684.54 0.771923106967517 3.25078018384097 15.0131274609685
11777.7 0.52551610483785 3.40231348768028 3.24204449717035
11869.82 0.523205324991269 5.45754374057062 3.75867853654199
11881.94 0.296935915187452 3.17413533824391 1.1057582277208
11972.86 0.25739862244177 4.47431911266069 0.921420770206169
