4070.87 24.950275413586 3.86815526874004 10.0514101623676
4151.14 53.4924338508759 8.2528223809589 9.88476448886013
4213.27 100 17.9643363641335 9.30932255928474
4297.41 17.6718887201775 3.78413125984569 8.22305416317795
4368.96 22.0504071506652 4.35998142072931 8.74505814567237
4422.4 19.5699810870033 4.14386765371439 7.48318957044739
4496.04 12.1617132381234 3.4566144623129 11.6460776871772
4587.93 21.0455115298959 3.90986909911437 12.1321058321164
4673.04 38.019064079784 5.81014030896187 13.5624742404143
4916.4 15.409113822995 4.30909595334918 7.13177898669801
5058.42 76.2056775417596 14.2882727065103 12.4820317716776
5283.47 42.4727528084103 6.95873290905709 11.2705652954055
5384.14 31.3701267313586 6.4047417194562 12.7513842895651
5602.54 8.83127878457059 3.54144604280765 9.36605914923439
5815.91 13.575517659416 6.08409589181938 14.2876091664994
6144.19 67.6184038821582 6.44734912032246 34.8662410732422
6275.78 42.2634130958723 3.51663938880176 13.9619162649797
6315.19 32.1667510506674 3.2073265568784 13.8701650288867
6511.24 12.2289516525953 4.35244887482643 13.4457301144257
6539.68 7.50011239321308 3.20177837254494 13.2427801468439
6743.43 29.0769534683842 4.5442713234524 37.9568717270895
6789.92 61.7129037093226 9.51288101234103 16.6180449018657
7150.35 37.7608043777855 3.73171982220621 15.9774723056426
7268.85 38.0801246335276 3.76855653798269 32.2935835210874
7587.98 98.5602690214026 17.0432769325107 26.8287900215973
7819.74 13.2794855255542 3.13252880473655 16.2622839721289
8009.64 10.6733799163692 3.61763414808721 26.4997813233203
8426.62 7.44065389081291 4.98789490967821 18.1889513553033
8817.12 22.3602729967102 6.0736864137119 21.8100345707662
9063.1 29.2009646679762 5.99073130832069 27.7008438082103
9393.8 29.7598906387488 5.58682577664224 31.3769619690556
9553.45 35.0475362443904 7.69634900338149 23.4288833578285
10035.17 9.64884587302198 4.36915648629395 25.1362706639266
11132.21 4.25829577946034 4.35479399269931 38.0803523099166
11692.89 2.80569617769431 4.14083141494551 18.5429320409567
