4150.53 7.71500750667742 4.36302920809879 5.68551185591332
4286.01 4.48884213436258 3.10333330515378 1.11398303879196
4292.01 4.57288228105644 3.15232778800011 1.21126688709228
4378.98 18.480298251926 8.75862062065028 9.62063312660302
4416.43 9.50489737201366 4.12905880752674 5.40107160031403
4651.63 7.66048987256009 3.13427229748571 11.0846342989835
4685.17 9.23818024317631 3.71313670124808 4.10759939901072
4896.69 16.5914187513589 9.23560680376049 8.28384173531231
4932.09 6.23666526424574 3.60685584202703 6.95118717896457
5039.9 3.66132760308856 3.05506669014282 1.1224110110843
5290.9 9.64460616294031 4.7920376261937 10.126361239496
5379.91 35.6156979052393 16.9205725351467 9.1091378078554
5419.76 10.8801433195359 5.25852086657273 10.6677643031344
5967.79 4.41672491784964 3.06776080172842 1.6191495302055
6315.33 7.11575882182339 6.18688243558416 5.65355690783508
6445.93 8.58517697498645 6.93482335012242 8.56483072729043
6486.41 3.82965717861886 3.06628504799555 1.41162011722736
6505.59 4.21387104434226 3.38995974782637 5.33265798745106
6509.45 4.24253352103963 3.41565888771249 2.61387545502021
6787.19 100 23.8587381660938 10.877120723987
6826.37 35.5832268633097 8.28159596609524 10.378574420206
8079.15 2.57798178649692 3.45348667890571 1.48705243022869
9090.99 1.89722225478905 3.19559284789646 2.13353778880264
9549.37 2.0198946961988 3.5073059046414 2.67622719759493
9554.34 1.93066442409096 3.34758972470453 1.85276212557801
9559.13 1.78038647605382 3.08122264858137 2.09256559980713
11093.68 1.11702006629184 3.14495741553418 1.4394916832498
11346.07 1.02140227046504 3.11658875348854 0.748640534384322
11709.99 0.790700276449831 3.24740077056322 1.39519575273334
11724.37 0.776553399640271 3.27805109036347 1.82391830219422
11764.07 0.700042697247704 3.20067851665737 0.488099719432284
11778.28 0.670593722306326 3.16005129209793 2.17108388203269
11827.62 0.599601206229634 3.13739227609189 0.339564146755947
11880.57 0.622440808239175 3.51057010504608 1.03435649751918
11899.55 0.842196170579044 4.8867012392425 0.924874836833624
11909.34 0.544178337119349 3.20461352984065 1.34377778250382
11915.61 0.531770822583591 3.16196862827811 0.262974843637494
