4150.29 6.59806738644766 25.1541430654309 8.00978168728579
4190.69 1.33052048244369 4.91798203896542 8.72821778038815
4293.97 2.53562089375631 8.91085322664228 5.96824296831255
4313.86 0.906853622115197 3.1649631375345 14.9186506698106
4494.16 1.50827177980914 7.7875781768824 7.78765222615675
4647.43 2.5407712281717 6.76585722803949 8.53278392135144
4671.51 5.17374024363626 12.428290808967 7.14934754942806
4894.87 12.0050549183653 29.9302879166629 7.9751643538093
4933.66 3.62042513207982 8.47521191573313 8.96518412659407
4971.93 1.26108368000021 3.03314114636293 8.89204151494232
5122.8 0.492967756426612 3.57199442894806 8.74098602719369
5290.5 7.9330389998691 13.6400344982064 8.0905577157655
5379.64 37.7797487903706 31.3525641957823 9.03114886865569
5419.21 9.93417651219509 8.11866819025273 9.56292730436144
5684.99 0.801596381741225 5.57993181908604 10.7224664320038
5816.34 2.62717702154049 10.1345919422402 10.0320890034554
5852.4 0.933105340810933 3.18288827087767 11.401315311623
5895.39 1.51591951229069 4.73447881084562 10.3701012160382
5931.54 1.04859461367859 3.60151538190735 9.40699784700064
6085.22 0.880053365520481 5.06351228786308 8.8027230913367
6244.51 1.03018044680487 3.3590230989489 11.7249208805697
6314.16 9.35147614022089 17.667186635882 10.351224044397
6352.5 2.14836586649458 3.11423982524259 10.9548717110565
6445.19 9.95107910518698 8.9860847774169 10.7503731000661
6466.53 4.01792820044332 3.34420244189484 11.1078792093713
6507.52 8.03770142490846 6.14909695963847 11.088327277901
6786.73 100 15.1835368988645 16.2403704512126
6826.98 33.568862644307 5.10159613591259 14.4703846713983
7302.53 1.05033660832261 3.22773901203294 11.1562456274351
7339.59 1.38742596774135 3.88407335542374 16.7177577495213
7585.42 1.47535699134785 3.78419809540397 13.2247215547359
8066.51 1.79457252671889 16.1390496942009 13.952963292023
8104.3 0.492689586270984 3.74796183825801 13.0684830350574
8175.67 0.419407770619947 3.23814397046308 10.0449965446469
8577.26 0.175141640910303 3.00799984959146 2.44204635841015
8813.02 2.91406804202593 18.5915393609151 15.5892819242927
8852.02 0.80632320995073 4.34338905838373 18.127425506389
8888.36 0.887815488233402 4.62853276831449 17.729255414597
9553.27 5.06298826339868 13.1411109781958 17.5104885283326
9590.71 1.74717864209323 4.41695783926262 22.9888932833182
10031.55 0.233141816802825 3.31879786628248 7.36407646083535
10260.35 0.184775841362342 3.47489330928997 5.52393164281239
10932.06 0.168091682081817 4.00776836853903 16.7044847895468
11118.54 0.121692490501588 3.03841245035285 8.76343157302836
11599.65 0.0901316500552861 3.17810128623637 2.46869174317726
11631.02 0.10266598071506 3.70205833005803 2.77482878698538
11842.66 0.136783153430169 6.11007805032381 18.4803713303245
11850.86 0.0957746364167801 4.29453082609007 1.8380796658239
11874.32 0.0690391913911057 3.13164931862542 1.4583602349885
