4149.81 4.89033333872848 11.8852045428431 8.93023081708361
4190.94 1.29816913154948 3.30207111877526 5.02519746326834
4284.05 1.30143249050018 3.64669947014669 1.32700745114744
4293.24 2.49943885908286 7.05736474332536 4.80690369960939
4493.91 2.11028121549554 6.21249207771832 7.575043100328
4646.42 4.32545853658516 7.73525040182595 8.3205855269307
4669.34 3.95615079429992 6.76422320113627 10.020394933541
4893.3 12.6145525002951 28.3200412674414 8.31405994648321
4932.87 3.62757908546128 8.1785553861869 7.71487906482889
5121.34 0.857548755818344 4.61414592099766 5.97003707195654
5163.36 0.629361081596334 3.04124709068793 1.12289040650103
5289.28 9.23483037816149 11.2026229255159 8.73125202959818
5378.55 51.366635763444 36.4535061018712 9.29391815503095
5417.98 11.9043427991042 8.50754593350897 10.145695755522
5683.17 1.61455018851311 6.14779893356368 9.86345902014637
5694.91 0.97654632259396 3.72873497117892 6.30790824179348
5812.95 2.37331926614662 5.66145649591665 9.80350001091028
5890.27 2.63778933541758 5.70977618199406 10.2467046963638
5928.83 1.35499230390104 3.15846450985008 9.99906965690388
6082.19 1.21618428617921 4.21584780969026 9.23562932531058
6312.69 13.3396904191938 16.9344453066827 10.6056346512378
6443.85 13.6368224604562 9.61892512805648 11.3111555532541
6464.3 5.17352224423396 3.4254328754296 11.4405885339802
6505.29 8.77018329343916 5.46757988719401 11.2312801894395
6786.28 100 12.3618298557844 19.7147020708871
6825.76 43.9354937214314 5.5316844499514 14.6915153436639
7218.85 0.769357887829133 3.48136880457854 8.41251417326293
7302.06 1.32564340983276 4.31779204631152 11.1798152136189
7334.25 1.39016317935655 4.11044592002255 10.8515617531712
7583.35 2.08818180362189 4.92312553140717 11.3596136570068
8066.18 2.06527771532522 13.9515516858095 13.2127737092824
8102.49 0.581663703854011 3.53114619424606 4.06728819676118
8106.77 0.530493032738672 3.20858390064257 4.03289984990806
8466.01 0.351010864668508 3.08502327645804 2.82646643300905
8810.11 2.61071038481223 15.3287027402549 13.295233839588
8846.72 0.716922503282566 3.87749394376779 12.0504572021637
8887.33 0.932678663208881 4.95306713486949 12.0295726597215
9549.91 3.0615470055052 15.765237298492 16.1506153341124
9587.87 1.14668826663943 5.63966931520441 18.4069364229545
9848.17 0.637005237135286 3.88813926992782 22.0603444308381
10275.92 0.30278814811485 3.36863130030674 3.95617084956029
11110.38 0.223148115434751 3.44149927851384 1.25052034304281
11149.13 0.192196213852318 3.01749307595549 2.45646568742268
11584.18 0.190150556949232 3.36136532072894 1.56380056610033
11596.94 0.192793247547203 3.41965045182359 1.07578529010971
11830.75 0.220070164207885 4.38946776300124 8.97965024149562
11845.98 0.186911463934837 3.73082693789969 3.14221765635921
