4150.17 3.947636043415 10.2101734524231 9.12951769313349
4293.48 1.75285346276445 7.08121276433747 8.51986191048763
4374.77 1.18869352543254 3.84716601484434 7.4384779687216
4494.66 1.1981143580149 4.03586576257254 8.63576679748621
4649.6 3.5269717331411 7.19117355514828 10.1621980600139
4670.36 7.42887651746213 14.28839094388 8.36552119564203
4897.21 4.1940705827313 14.8779286718754 11.0276049668446
4934.31 0.947208720781333 3.41842821053202 5.16325618795508
5125.73 0.528762778206943 3.48880980156683 3.76736136924865
5292.39 3.80554495181924 9.15971308201387 10.2474883394016
5381.28 20.1547794724487 30.6951722418445 11.3447123219648
5421.81 2.64795778977135 3.95579788317888 15.6135963846091
5686.66 1.02928254540433 4.98210769818897 8.18579309200868
5814.5 1.91425255700831 6.71334612301308 11.8785386189093
5893.83 1.56723932345592 4.843974815625 10.2795953266759
6043.18 0.978050006947637 4.62453678871082 9.10751142695881
6316.65 7.14882416759047 12.9961363684217 13.8812772404781
6447.85 6.44905939138511 7.8827602226204 13.64532862546
6508.11 6.03151643227998 6.68600571712204 13.2171602637418
6788.55 100 22.261754995323 16.5466892137292
7139.02 1.50964451208911 3.59811901687424 16.1627315784772
7449.69 5.31670752412511 14.241051756525 16.9306313906482
7671.51 2.83095496194075 9.90816852887635 17.9833345713632
7898.25 0.77165594072785 4.2147514698773 15.97331350066
8066.67 1.75521518072036 9.9676681674391 15.0546963103297
8108.91 0.551817579122743 3.08474166980053 22.2560082381051
8812.34 1.64861196648122 13.5852352668242 16.3659270353292
8892.82 0.551893757812893 4.20642764109801 19.2149990816579
9095.67 0.290011159034792 3.10845058633871 14.1501058955746
9273.64 0.219470093126655 3.29223848865675 4.94671374666905
9551.68 6.27439438787659 19.5178467602681 20.4491952104618
10029.37 0.392624682023107 4.15114583424562 15.5065726253069
10201.47 0.276783691732484 3.09563980549067 9.03942283836295
10423.71 0.257534350083874 3.46906193404913 9.82433283941282
10429.06 0.256276160640696 3.47596185991156 3.87846855002135
10649.97 0.183193414621074 3.16957008474907 4.34121241070898
11065.44 0.197719657313691 3.91832654617091 2.98796188225606
11075.67 0.158846087504606 3.10471807499742 1.77802034427259
11101.84 0.169815455483312 3.36994547017249 2.01923000919305
11698.52 0.0992562370505293 3.0346024477605 2.05070295170844
11709.02 0.119739953280528 3.75762393979475 0.640738972928375
11752.19 0.0945035570564457 3.23692987302655 0.941034321615007
11802.84 0.0890105353227258 3.43555999600249 1.13384645826591
11813.57 0.0805540098175675 3.19058525743121 1.01370085274357
11820.4 0.0813093165851384 3.27743057963861 1.86501829690133
11839.53 0.0933509272621578 3.88683920822539 1.83534230352234
11846.56 0.0829282153252836 3.48784232264422 1.14964539982975
11856.33 0.0864098644225503 3.69541591332236 0.997466968365188
11865.71 0.0864432964835901 3.75562089363274 1.70161387273947
