4013.53 1.8429841236361 3.65189826181276 0.601993336348642
4147.27 12.541697357162 23.2122186806275 5.74631113928081
4156.09 1.93212442786861 3.5616688669863 2.04280957767332
4187.06 2.45181974692636 4.58080164712466 3.57241410331244
4290.05 4.12659501901172 7.29783758496842 4.73321249454693
4304.28 1.8081500469382 3.09019940450915 3.63858176756366
4371.8 5.77521033172445 9.06832143163064 2.81584049674439
4389.88 1.98473741485389 3.05534131972741 0.978554667646677
4437.83 2.26044551492437 3.56658380470543 1.35860770759609
4441.56 1.92460796087355 3.04936453862782 2.11174144779034
4489.9 2.60496093728602 4.57720363861532 4.56842720302029
4667.81 14.3943728379248 19.3280114015075 5.1061727435781
4687.72 2.56446969684947 3.34700952970653 5.67132992512597
4890.96 12.1552716230428 21.10878040116 6.10145561194258
4910.78 3.27325300298291 5.60452328906219 1.40128773467586
4928.95 2.6740181740297 4.63812900508591 5.18841074177362
4950.81 1.77091931317487 3.17646494403983 1.09135328474349
5025.64 1.46473304256896 3.18299208699742 1.65538335294968
5285.63 4.58848733482677 8.46274500199855 6.35164237812751
5374.47 19.5070801738653 31.7126829221227 7.2300568139226
5414.7 4.09184214778513 6.81897523594385 7.81653447729423
5549.49 1.36958232184969 3.36489806754302 1.12204766685591
5810.55 4.23535162685435 9.32115988083595 7.54482921179442
5848.44 1.60915136121381 3.50807330496997 3.00534284958849
5963.64 1.51995576710183 3.9643630132233 3.17819446067824
6038.72 1.00126607375261 3.06178827108181 0.687429418127067
6239.99 6.76066915896759 14.248381042814 7.42447480980627
6248.75 1.58592012378292 3.23620556350052 1.61091153158577
6310.78 7.21404777949566 13.349299167057 6.76578497036735
6442.52 5.13417259650301 9.2923485882485 7.31016209592053
6448.44 1.76085160540186 3.18224135468423 1.43202708384615
6462.37 2.37507870490679 4.33947559807895 1.82305750367777
6503.65 6.75605990397403 12.8450151032208 8.19007295258598
6783.25 100 44.080675964976 7.80254581943154
6822.11 20.5827130140912 9.13354481694907 8.50819525119005
7154.08 0.898060047808239 3.80187424131044 0.698270768008115
7173.36 0.613571246345758 3.02552719382326 0.984147417620989
7224.46 0.703229421668281 3.35786635455387 0.558225968438819
7239.77 0.812150031422942 3.7909340795217 1.25531934591891
7260.71 0.998766239390582 4.52494530865324 2.64511299401966
7324.35 0.783475039121899 3.18351131821607 0.734858589236865
7334.72 0.88549537763303 3.53930871406587 0.962500724141137
7352.96 0.793269714301822 3.06580077735391 1.09383006199278
7455.23 0.86223503175481 3.09815241791001 1.38342007360006
7473.77 1.29012720572314 4.67623082184853 0.911687952463581
7795.16 0.670057061787703 3.10676984489341 0.655949996717027
7800.82 0.672943663775797 3.11772532600294 0.970476630444864
7816.99 0.80427806183531 3.71917265529568 0.516406945850576
7853.27 0.773545797626883 3.55895553186612 0.940804798646241
8005.39 1.01120039669378 3.90596958106841 3.89352590358612
8060.43 2.18270282640905 8.42800664016783 8.48081075744904
8067.33 0.830553236345306 3.17344050131452 1.88529509956606
8082.93 0.834656773645309 3.18236309257644 1.18611484029225
8215.35 0.71629886066482 3.08013866178666 2.16417961901061
8225.95 0.696151337893869 3.02805909222685 0.827902514165544
8439.18 0.601873289509948 3.0913436094962 0.491262180914418
8476.42 0.713042983430719 3.7450543320204 0.606371368394321
8555.5 0.586191365416461 3.10346285173646 0.709267733484012
8561.23 0.587702312978933 3.1132820675109 0.540075832592265
8809.43 4.9851562627586 23.261748758702 6.89359196460828
8822.76 0.750254719962677 3.42845740681492 1.51470250587226
8848.94 0.699674456608929 3.15402635946201 1.30505826448643
9097.23 1.35319254816618 7.48310822441154 6.38867694040891
9111.28 0.864868998035855 4.87758437686405 2.17061020584697
9250.04 0.479377629837503 3.27283335083462 0.83867014223506
9532.54 0.983728045904803 3.28771602919847 1.47083540740823
9547.42 23.9495437736005 79.563926744993 9.35621449892824
9572.61 1.47189973106284 4.56888135747591 3.23282734805616
9585.03 3.04939577122341 9.65206092389875 8.00531854911605
9598.53 1.03290280934754 3.20969219758334 2.02381864607014
9850.86 0.659186881429641 3.19657850799049 1.16101775525385
10027.38 1.29490075154563 8.59044779398561 6.1796062512858
10033.9 0.6316528947101 4.19039830083392 1.35375343152555
10245.34 0.48138184443162 3.47188202096903 1.09853751522314
10409.33 0.392399320334861 3.12780287280126 1.02145365404067
10498.33 0.432612607361331 3.68875081123303 0.718017316725309
10620.38 0.324331641758134 3.0637371901566 0.294335501977912
10666.18 0.329704830511879 3.19359860139168 0.57289041810327
10691.16 0.307978498666529 3.01422106991502 0.601839660424957
10701.79 0.358443900938014 3.5240228422029 0.755523214289497
10853.99 0.301797391959778 3.09134878829443 0.956355577818613
10952.41 0.31250202160507 3.20666194720483 0.286333148365884
10975.43 0.314482425045999 3.23760377505198 0.844675554941205
11037.99 0.29459268879757 3.07115179540912 0.211420218887724
11119.49 0.349986907078479 3.71044504550389 1.1252927028745
11244.73 0.408729267633585 4.39232194993501 0.314913334255834
11388.25 0.295836667714841 3.19538835667371 1.28031970337361
11400.54 0.32129379060301 3.47196514978782 1.10141874569672
11444.35 0.299669107546047 3.23837010327088 0.249579029461529
11456.09 0.423558811398491 4.58493046407619 0.660799275168756
11509.44 0.35336837273105 3.84196126173207 0.294607822166654
11525.26 0.280603214663912 3.05351268452909 0.229178461195261
11538 0.28147895466236 3.06799138338516 0.262525506119346
11567.74 0.28352326451745 3.10194753714638 0.264383529605766
11578.96 0.284294520622834 3.11481574802461 0.465183177468134
11593.85 0.383788204242243 4.21708018850052 0.749720536878158
11804.6 0.294039984829886 3.20142638478077 0.604166034325317
11939.9 0.3689756477961 3.95268104368852 0.656921317808155
11956.77 0.295203767183749 3.1557407065451 0.896096590835441
