4210.96 63.1860368279595 25.2162386837793 8.06988396758697
4250.79 9.61357095590802 3.4825417577746 8.83757220310781
4395.95 5.45274494218702 3.1621506856913 4.46633868618574
4419.41 8.10571993269191 5.32598443003023 6.00744908694469
4533.95 12.4803790322678 7.99256696835254 8.28504454556787
4595.15 11.335689722759 6.60027135937021 6.65276123483818
4675.47 5.51729654090913 3.43440510777635 7.10459360542882
4917.05 2.42512327687142 3.16753245285838 1.7190481467851
5058.68 39.4860951453775 23.3804151745717 9.1667306333793
5080.94 7.1484970476565 3.82610012817575 10.2902354193047
5098.73 7.99311104427036 4.16300159510114 11.2404478830304
5250.43 22.2021977229926 10.3821554023275 10.191624580365
5383.05 7.20368460344164 5.04593180792271 10.1317053889079
5573.42 7.87949127130214 6.61738518180276 9.74194485348289
5896.67 2.66030157569858 4.95350980061603 4.02666463605419
5924.98 1.93568585789875 3.78328637008919 2.00267940452522
5928.97 1.90456761006996 3.74814871935543 1.14397527167876
5940.95 1.56074893460905 3.12629575558991 1.4687422590132
5944.51 1.49745555755179 3.01622251558927 1.11781693981357
6176.53 31.4361798660297 6.95663574429173 20.2140202167848
6272.71 21.2418801000786 4.70910627901598 11.2014970510336
6508.11 7.66768505646916 4.85942717460076 19.2153567778669
6593.75 4.48048948832216 3.28940548810705 9.09707268484999
6752.8 4.62410441672441 3.9672840729377 8.99153532158653
7061.29 5.75635777460705 3.12906085582399 12.5857185447849
7147.25 30.21438694395 12.3107716012264 12.3950491320747
7288.11 8.50638308745269 3.20971483022888 10.9883578914187
7584.15 100 15.60415451677 12.8174714241304
7621.69 28.7876787936123 3.73643590051532 18.0669646016186
8332.09 3.79151575629484 4.74268809116638 14.2215464085639
8556.34 1.14224688511229 3.40245633373039 5.66482397654727
8562.07 1.00441132586288 3.07596669042409 3.04828874203668
8607.84 1.23848613043282 4.74851500621224 2.87283645871321
8815.07 5.12420016248813 4.56845835129976 17.6296473262919
9058.78 15.2190216087472 5.62213605138866 16.2500360102586
9399.78 24.0985780323041 5.6937021522629 19.6130816933146
10031.36 2.15900974387688 3.81276663279791 9.14136991344458
10208.96 2.1666680364225 3.83795312731284 10.3788883658926
10530.17 2.3735223622696 3.70244935197504 15.347437437862
10671.21 2.08072006858186 3.28992395217837 14.6969930431333
10852.49 2.26402808659238 4.12641751337481 11.8954063028214
11143.23 1.89229031228493 3.84241961877036 20.4551395187045
11684.74 1.5694264310227 3.73159221123742 15.7792030204564
11763.48 1.70026516909749 4.51309339510407 16.9308752001161
