4209.63 55.8890252376277 37.4043808424871 7.49914522356812
4420.16 6.60645362641447 6.49506742511203 5.73235323843164
4533.19 8.59409342985213 6.65735392364795 8.03363845795502
4594.77 12.6212338190611 7.80842800940635 7.72358632217674
4675.6 7.62305004211421 4.54709238006301 9.60591584883696
4757.21 4.8406142199303 3.73296606320868 11.4972477020192
4917.31 1.76256617013278 3.02598279283907 1.20953061928685
5058.68 36.4559359238152 35.0594629179821 10.0230690388717
5095.14 3.52066186190827 3.16373779018227 8.62382761111439
5249.48 24.5465048977911 19.4160469999454 7.60849986623725
5382.5 8.54885992151905 7.5900830608588 10.9286787732581
5572.46 6.02807425657171 7.14874412703013 6.91432871799225
5601.7 2.65668194146609 3.20728062794448 5.45511570041344
5700.65 2.72242788155839 4.02031659541056 8.67057401974853
5709.6 2.21953077117866 3.32858796789884 1.62682858431072
5766.44 1.88059688614839 3.20664700898475 3.23335541283814
5806.03 2.32941532928132 4.39494539107034 5.33754220739593
5901.79 1.46435968834757 3.6790887334112 1.04477317361034
6175.95 30.4586207212524 11.4749333604561 19.3324128626446
6273.29 16.650554040325 6.5222836046938 10.7460029158201
6487.16 3.6698624723441 3.63759433713316 6.6223599877876
6507.22 7.1700892941111 7.11636400975624 18.3628256676693
6594.05 3.80261932688023 3.80377345784524 15.8929432746691
6753.11 2.90803115317491 3.60969073526047 9.3011873023006
7059.9 6.77148990353869 5.77674533341729 11.4052005396734
7148.18 21.2431396028771 15.3574138197503 13.0832682998389
7290.15 7.30641037023461 5.56150842036543 9.55705363636571
7333.62 4.2232426541712 3.25203105877586 12.0298841364647
7584.31 100 35.13417207995 12.9118665770848
7652.43 14.9021573335464 4.67790219912967 16.1490367576062
7907.68 5.81936886322925 4.03177770943332 14.1302622392695
7972.21 3.61621553738537 3.03387087860791 14.5642730045774
8131.3 2.97522613043434 3.64414331702173 10.6243104054229
8285.33 2.66857953992456 4.27740792299086 12.2849346167386
8325.26 1.76781101755744 3.02522599087775 19.5225863882188
8330.92 2.22961534425392 3.87654759967378 12.1409000548356
8604.46 1.11687381068483 4.10669751321446 4.05399271765236
8793.72 4.32012378087473 7.90574757181375 12.5973008860656
8817.12 4.37758108165165 7.13584485344461 13.6179058949401
8913.43 4.79589911669958 5.34792903506473 8.89554586520899
9011.07 3.9617574188823 3.34143670652974 11.7402510958873
9060.68 9.9170042186 8.26185295031727 15.052425005566
9399.43 20.1592691473952 11.5041466798247 15.5350087989809
9716.11 3.38264084307548 3.84615215739961 19.3831832233973
10030.46 1.47259590980502 3.65261213632876 18.7732750901869
10207.68 2.09142143720604 5.91297607681438 8.73234841875274
10314.98 1.88275339895509 5.54992903572951 14.7690298493126
10531.1 1.43500202848513 4.50517397700152 18.7903132963165
10666.92 1.23713637871323 3.99242543132342 15.4988846729102
10848.36 1.86824671513689 6.38253814930394 18.4589833661976
11138.86 1.17775668755516 4.13549701160544 21.5348538965263
11435.51 0.795246497543936 3.05709329933032 3.52998475642198
11684.16 0.772872354075045 3.59090448193561 6.38683077847054
11763.29 1.62200349030869 8.75613364818495 18.4027018780362
11788.81 0.867877249752089 4.94212548788135 2.20192250334912
11795.44 0.727807381592319 4.20446046353954 9.50544095672558
11805.19 0.6448022185035 3.80603284715913 3.15873726850987
