4025.78 3.55225359819082 3.76978620983739 4.54635827143829
4030.9 3.07142678965626 3.27424787439238 1.87983907470289
4210.72 97.341125909068 37.6889944645977 7.20405920280064
4250.42 9.36737132796059 3.19356961349414 8.11042059436477
4346.73 7.39749104912249 3.35231151827687 9.66137126021113
4421.28 7.47480250975994 5.67048411947697 4.8005492109487
4534.45 13.0987035115838 9.52964231133888 7.63179002704419
4594.01 11.2225528953598 7.21342377191416 6.25795127854326
4857.91 2.29507021599114 3.4054651584042 1.72662032412518
5007.31 4.25750281456308 3.3673406038807 4.5756235315348
5058.42 46.4367840839891 28.2909226297273 8.29562881080892
5096.74 5.60368760661296 3.0086465218355 9.72280133541699
5250.83 40.62058392646 16.494075041187 8.38216791442119
5280.37 7.6849533820182 3.08237922871789 20.184060391106
5382.37 6.34512087232052 3.75413603425897 9.739057875865
5574.12 10.9642070563591 9.9244053510664 9.60539369611615
5601.15 4.35971653789959 3.98142716882202 8.24158758044359
5805.04 2.27962878818425 3.99629763825385 5.0392442278262
5893.26 2.11992723801146 4.68336037410607 4.44796099879386
5899.8 2.24005462644324 4.99945737628668 1.5342809172771
5924.41 1.63839656935811 3.54704464809017 3.08444602941745
6177.4 40.7034856606939 10.236819856498 20.3050684030686
6273.15 22.8500180162044 6.2309124174123 9.64588987234038
6509.01 8.29417352324591 6.37185200332722 22.117832066252
6752.35 3.30604857403376 4.20092154521224 9.27586689178861
7062.07 11.6595744465758 6.71431354742157 11.7500319204973
7147.25 26.8976853813923 13.524569998583 10.3577489714025
7289.52 9.00104017020058 5.63451884879991 9.61288603536195
7584.31 100 25.635318334127 11.1332889975192
7623.13 17.5154048311748 3.64618655469954 16.3073452921963
7652.27 18.757310049976 4.03567285359156 16.9011562876021
8035.51 2.72300682784908 3.09402253569692 11.4353170343147
8132.78 4.10991928942329 5.07559017149418 10.6950123731831
8286.83 4.19519248507578 5.76472113040892 12.0728390601707
8330.92 2.38945998341887 3.52914203049321 8.49363491591976
8563.42 0.933733651470774 3.18309951197618 4.60788011555269
8596.18 0.955236668198553 3.75011215922591 3.66099276577188
8602.09 1.37320450216039 5.54611398571239 7.22993295302513
8794.91 6.9013075933046 9.01396663952533 14.255858934639
8817.63 6.13038249544149 6.97030712743782 17.0532598763621
8915.49 7.38909880909206 5.57365645986393 14.1758597679836
9059.64 12.857291596121 7.72761370476499 13.7722551083662
9400.84 23.1235608877469 8.60721007055631 16.0307294633949
10208.41 3.09842671515991 6.89792753318682 20.8776419290953
10315.72 2.04072786168969 4.36407233044141 11.824448097308
10531.29 2.09618744355958 4.71392163656355 15.5986157989191
10670.09 1.51143226176354 3.56008442295418 10.8413599680571
10851.18 1.74347786086412 4.67714480503937 16.4899591703743
11114.55 1.06813443109071 3.07216610867415 3.14216920220133
11148.94 1.46202789226969 4.24693398586443 21.3194293911347
11684.54 0.836337919096113 3.66376892425489 7.31987220469637
11764.46 1.29523633521604 6.5813241768018 15.6852705164456
11774.39 0.902473029068539 4.6764137551537 3.64841423830148
11780.62 0.719079237837205 3.77302525432419 2.95861439722103
11786.86 0.623852456646 3.31554192478396 5.21120259184499
11815.52 0.562512025019448 3.17973068378763 1.77524141588765
