4021.85 1.44358922637146 3.13168750556277 1.30026107403773
4066.45 1.88753136794489 3.73611967855559 4.77877482134454
4071.47 1.57899672836264 3.06590457556508 0.932845893544709
4209.63 35.8083001870981 37.487695117875 7.39050929857058
4365.99 5.34538647433283 5.03489799357164 7.91918380108291
4393.97 3.64040272150803 3.60300250522763 4.07878493529097
4419.04 5.77997647911484 6.04769829782234 6.11370116527087
4446.42 3.1187463349822 3.49815668096168 2.55314406744947
4534.07 7.41178399957913 9.34591412021635 8.11858233618659
4592.36 5.34743143336449 6.69348779418779 6.54432338715469
4759.01 1.67920576293421 3.20999059096634 2.37996429745181
4763.13 1.7495657614276 3.41010465358642 4.0391476129771
4857.91 1.81838261005683 4.11451839528661 1.99447250892081
5058.02 37.673531604392 30.7532061809221 8.58596271277929
5249.35 10.7401107637439 10.4588968791367 8.44483947743356
5379.91 6.40023512548473 8.72944429205027 9.9211970771812
5571.07 4.02728486073166 6.46098349692498 8.5145390595244
5608.51 2.24216693191291 3.57571259461727 6.10684450263307
5703.58 1.82177430854016 3.23476677901447 6.31290780610652
5803.63 1.36840252960518 3.04891244548726 6.83701671315248
5893.4 1.35529040719346 4.38083645303458 2.16565873842228
5926.12 0.971435895259985 3.17435938288012 4.34082388907518
5938.38 0.94177570406893 3.06220007999002 1.72236838946901
6141.73 8.03030028370083 4.16704043278368 8.61297370342618
6175.08 26.8782296782735 12.1002100717592 18.2573293389432
6270.95 18.7029675353396 8.69914348760574 9.98689232930701
6506.78 5.44160894060117 6.25733882548188 19.8585397655479
6592.11 4.5007701306273 5.41541871652863 8.99700698179731
6754.01 4.23329921812349 5.7135402849361 9.95452747111631
6827.43 1.84931403002092 3.07169423996115 8.63811340242501
7145.38 28.5720981138131 21.2437577829248 11.0536675413596
7175.07 6.01791136963569 3.85533505981242 23.6710408840236
7220.88 5.00432200881437 3.18208572390593 10.6634277484427
7287.8 7.11320887720308 4.7223118491798 10.4424667062085
7582.07 100 34.2109504516716 11.3613068394898
7620.25 15.5290091237273 4.64532308896313 15.7469406691544
7970.58 2.67259311598275 3.14725552247252 12.4477790631627
8034.69 2.28115559492579 3.00183584663011 12.3193199843263
8128.66 2.59527489164506 3.82674666171364 11.1036195313063
8310.11 1.8797912304798 3.44952213784141 8.4258877208249
8328.42 2.85768663221796 5.48984276791162 11.0911424504284
8554.65 1.10691437044692 4.68315477900304 7.3246125318874
8792.52 2.90744785157445 5.58258454940018 13.7683773534027
8815.07 3.95561838255367 6.46904029887641 14.5627804192718
9010.21 5.57559328678204 3.56871745745905 12.9359563513881
9057.56 12.4421521320885 7.75735085798484 14.8394753317243
9111.97 6.39514430567174 3.72193369428837 16.6371871667416
9397.5 19.0651738142607 9.40721910736006 16.3686894226503
9718.97 2.43388368490455 3.27278704191232 15.0672159774767
10031.18 1.35079763232792 3.80742773262674 12.7192113902147
10209.51 1.13598814228817 3.19993586526222 11.7209802724574
10317.37 1.26549096969456 3.59533989718266 9.8972055014583
10532.21 1.75637061819883 4.91069082663371 15.6812579508223
10663.75 1.56851988815615 4.35128823089829 22.7929992484442
10849.11 1.60302793864263 5.03607952715859 16.3375608547613
11135.82 1.2483854049496 4.453078305347 21.7302960841316
11157.11 0.875507534076785 3.11220637911789 8.68054346653298
11432.05 0.76462697882462 3.00280720152502 8.4865399684204
11683.18 1.1246355506442 4.60284920603851 17.6058214225759
11757.45 1.11045427084599 4.97268822965027 11.4271169033964
