4025.18 2.87129458505345 3.37717183069363 4.21414237632735
4208.53 71.2137833356991 35.4993029917249 7.74717461222372
4346.73 5.57709876372211 3.30492871218768 11.1865961795702
4393.47 5.83994734224625 4.09440568759684 6.02194366685762
4418.29 8.41895954474258 6.46225539155346 6.73307030697833
4532.56 9.50298110187385 6.80022509265734 8.7855109269949
4592.87 11.6220545632818 7.76481119430428 7.13349180738624
5056.83 38.3533753882686 31.0558867208658 8.91982935566466
5248 31.1302619162865 17.2700248590135 8.57772941118037
5276.99 5.9414350868662 3.27531097948568 10.5868325996817
5380.19 4.75592193647737 3.84123841487615 12.1303061535136
5573.01 7.77112349739203 8.9985626824036 9.420294299538
5599.48 3.74681452703084 4.34426050633921 6.96652633443136
5762.93 2.62516792556412 4.06178895474133 8.23208305298704
5802.22 2.53987122411091 4.39480514294948 4.23795374077781
5891.13 1.36623244120821 3.6373944308205 2.83709065212406
5894.39 1.59219367627532 4.32657321381782 2.46642870175219
5898.94 1.17044760698491 3.25477183658496 3.72455657769024
5918.72 1.3843374151302 3.98110810562969 2.24355435473808
5926.69 1.22408582358451 3.56655105101439 3.52752851389869
5932.82 1.19249567106553 3.51103783585998 1.24060949272734
5980.94 1.42337662975953 4.59745496550443 3.83281514209739
6139.84 8.70787342088816 3.63222058291857 8.23559616503826
6173.77 37.0675729365548 13.0739968271932 19.623148910664
6269.49 25.7895276495703 9.38186679443321 9.54604460079099
6506.92 6.96200523456243 6.56743046396037 20.8119298813344
6591.51 4.23413273421777 4.3552195084404 9.66350011458599
6731.18 2.93961812343309 3.45608734124885 9.91289328588664
6751.59 4.15782981681469 5.04599347092541 10.4928206235691
7057.74 10.096505716659 5.57308517906044 12.8577636439713
7143.36 38.2209040406844 18.7945858930278 11.2547221204859
7171.65 6.83510105249624 3.06543035830399 25.381969347668
7284.98 8.34489037444945 5.02124820583206 10.7139211931117
7580.8 100 32.1165113854755 11.0215538320836
7648.58 19.486860490237 5.56082850206201 13.0382695522239
7967.48 4.21576738392456 4.49774424484388 9.49604494916639
8027.97 3.69453335101476 4.30673233643006 11.7678368581592
8127.51 3.87241876351682 4.67111043876829 9.60551524886705
8282.01 4.61639761401617 6.21564922492204 10.513420731515
8329.59 3.65051531308581 5.48268230843451 13.2367036510441
8554.15 1.533587583227 4.7286845321496 9.66592351146028
8600.74 1.8277527290077 6.23011382152091 10.7421606395437
8793.38 7.63191668223717 8.08025022425905 12.6919708560345
8812.51 7.6165121280908 7.16171396010419 15.3308483725687
8909.3 6.63274812778488 3.9773302517442 12.6115544846707
9007.96 10.1223433776528 4.53286894634988 13.4680957168712
9055.14 20.8482488939659 9.43307368071076 13.9509111893931
9110.24 8.36629196133301 3.65914827627772 14.2058366849287
9396.09 31.7302659414186 11.7143890169845 14.8762277069709
9711.46 3.18081730792144 3.0023638582341 15.6356248824013
10027.01 2.06000967152045 5.18164683819307 13.5970805242869
10206.04 3.58967030479516 7.48854403901191 14.0406219926463
10312.6 1.83786585858298 3.56584229057197 11.2327402233223
10526.47 3.02584622737903 6.35214324749353 15.1524647975566
10661.89 2.8179299937729 6.14337462281276 18.1894421157849
10844.23 2.03434348643983 5.0084392421408 14.2197879262148
11102.41 1.13826855063901 3.00602094394044 13.2161737628157
11135.44 2.43949699922157 6.43634221578154 20.0452720196772
11367.54 1.36251439244795 3.62860623756847 15.8542893608537
11437.81 1.41393051364457 4.01005134784669 15.741379416877
11680.86 2.13404503517796 7.13750156602084 17.0674300669652
11757.45 1.56827102854521 5.73937052903618 16.5893367187891
