4209.26 69.4102358727868 31.986363385068 7.74912806871816
4231.77 9.9480543477209 3.85693801643144 7.70751363922045
4248.23 11.8265509452405 4.68054127816754 6.8888986712509
4419.66 5.55890274051849 4.72561814913417 6.74760578264249
4533.32 9.96272032434568 8.83435802038481 8.28446825460742
4591.73 8.65426044465106 6.75802403558672 6.94496458951835
4764.16 3.55807848419869 3.64285669472425 3.23867930070901
4857.26 2.49767466900098 3.78962994343174 4.5182827371591
5057.36 37.5980795160703 27.2159330284719 8.66600732166989
5080.68 5.19043346644204 3.34821100423784 9.2760630561279
5096.34 7.18898343949561 4.53924109938256 8.34720045583708
5248.81 28.1355324607443 13.6707478056144 8.75770389469653
5381.41 5.96865848209764 4.16135750029331 11.329515208281
5572.32 7.10413825414596 6.86961573614329 8.3503943673295
5803.21 2.88571665238576 4.3234444914097 2.68428672322989
5891.55 1.41955773987234 3.03378486425174 1.16860191244814
5929.26 1.45984073948467 3.31040108673888 1.21982200202729
6175.37 34.7352401023109 7.81407487439322 19.2513418913877
6272.12 20.8348064687056 4.64322648843633 10.0200113216861
6508.56 6.35934809036144 4.87899882712162 18.6789432161195
6593.16 3.29154197587761 3.02755719759569 6.57819085585379
6733 3.11553345836911 3.73975448059958 7.06905619175177
6752.8 3.99036553687871 5.06045891330729 7.99820532517788
7057.59 9.50538520447847 3.43583051322321 11.6282088119724
7145.85 26.4573655346671 9.41858143492834 11.3779467556587
7287.8 7.93446299058425 4.03302503883359 8.73730307559708
7582.07 100 21.5266674697772 11.0283528900236
7620.73 22.4395115378927 4.00747807187737 14.8207676456914
7648.74 18.7784905074035 3.40425043131214 21.1406854111756
8128 3.36390874187767 3.47860256889831 11.2292756597271
8283.51 3.636338635988 4.26778590675183 12.0861913319295
8330.59 3.12306635719732 3.95379876311516 14.0010242781154
8492.71 1.53384444739794 3.48087370274485 2.15063464676132
8601.92 1.07280676825266 3.63876665374976 4.55013633440285
8792.69 4.99506354615271 5.58103270498996 12.6716925668898
8815.75 5.80439619667424 5.66705536073065 14.1154040679939
9057.74 13.5366005086504 6.65106324261499 13.2577827808109
9398.9 22.1850366543948 6.85532164995563 14.9945486594479
10028.28 1.79881083970835 4.53268469311322 8.53650564102827
10209.69 2.35630387858022 4.96750541895722 12.4207208137796
10530.36 2.16539888786605 4.32531184296487 16.4879532964915
10665.43 1.80695931117622 3.84367389017713 13.901619186543
10847.8 1.89815983969534 4.48334019949136 13.7352342672584
11136.2 1.55928564490073 3.62033391985914 18.2968246200289
11681.44 1.38690067474722 4.62663258109156 10.2454143312134
11756.47 1.43463537959321 5.52551627007628 3.47276475486069
11764.07 1.42054310342283 5.55728469723873 8.14361084787015
11773.41 0.940532160045955 3.73821233523776 4.66911915309902
11791.15 0.76368965525366 3.14764277789544 2.62509043831597
11811.43 0.70755730513845 3.05181845325524 1.50371621017803
