4028.04 2.29217476843272 3.06920269493448 4.54703855035996
4152.34 59.4745889241888 39.2704089242349 9.48281977920124
4211.69 25.5355163194088 14.9006615509322 7.67690026815671
4296.55 26.3055807145499 12.7906978158622 8.82085701978576
4443.8 12.4786151362899 6.01287756851127 8.65973842794119
4595.53 6.69573974840351 3.12928390821745 6.48534423869478
4674.06 80.5316481739162 31.144757418834 9.95029449154026
4917.57 17.1657712913852 14.0713624361443 9.58322598971154
5060.67 11.3464351750081 10.4202109001259 8.70824063285909
5109.9 4.29869576782093 3.06523642498085 7.08212009618637
5171.91 23.4770612661547 14.3098809053021 8.44957637721291
5251.37 11.8950674458014 7.1820605769733 8.61266247760796
5291.31 5.14716293537412 3.41585078191979 8.92619404685774
5381.14 18.0004531617373 18.1257310350283 11.2623377569444
5602.54 3.02269021353814 4.20257038286702 7.21448165340644
5649.68 5.23904665796308 6.537356308236 7.17253794167482
5756.74 8.09745562873733 6.13394857961182 13.9808283975426
5816.9 23.8676562476995 14.1994245501556 12.7062039267839
6188.3 13.5089419591613 3.79768528618084 20.7031084181281
6245.83 35.5949512000712 7.91716363658419 13.77100862716
6316.95 52.8388372442109 12.1377741090536 14.1397547131983
6510.35 21.7964250482675 14.1701436959227 14.5061843353478
6746.3 28.9692674423328 6.40236540923483 17.0229915735072
6789.77 100 21.8542884021279 16.2612328293681
7073.5 9.24920706279435 4.82022108838624 13.9571388468476
7148.95 12.7307923457867 6.51096041243023 11.97847530132
7178.65 8.61568703516701 4.29351013171308 14.4823392964117
7224.78 8.38213840021976 4.44931545264338 13.3915871240324
7476.46 9.62799546832818 5.4089100783435 11.2135399084173
7586.86 37.1258264661443 15.9375675539853 16.7312201090735
7654.99 9.50863983807293 3.89076748636696 17.3742740306416
8007.51 15.8103842242311 9.27806535734013 18.5202141144828
8067.98 15.7834431063794 9.37192290210723 18.9838371523965
8588.74 1.56004516421677 8.55494624873843 10.637242825007
8771.7 2.31316362227741 3.21903502357762 11.7697379092315
8816.27 28.7498850399067 31.9375440577218 21.8437460991718
9063.62 5.78708436852035 3.72374480512655 15.6120411617521
9104.69 13.8339334781352 9.49035738918922 22.6541481649365
9403.13 10.1566519026149 5.41391854127689 15.4218149000444
9554.87 77.1019418964205 27.2580736702995 27.3085660379911
10034.08 13.0825722347925 15.0224601295231 25.4746161088424
10409.7 4.12136378119806 7.3135617715396 19.3792547477151
10534.06 1.63060495273947 3.86605637024798 17.2280722407322
11111.52 1.29698249867451 3.00960632300065 22.9703550210834
11369.65 1.29429094423886 3.28711884871302 17.7481005438731
11461.28 3.64187500828052 10.375469039996 28.9436991987841
11847.74 0.767152299770591 4.09210159895543 18.0172258974671
