4151.38 82.7060863551317 37.5123405882749 7.68106012486624
4189.6 8.669872236419 3.30663598420146 8.26589516173226
4212.06 31.2705703274351 11.6464355338116 7.6809369471448
4294.83 19.4541905059013 6.86747323952159 6.95120520616092
4306.98 8.7237233458185 3.04822817063013 11.5342230404076
4441.94 11.8000429913247 6.52201456850231 6.80648978900263
4494.03 7.57517894891664 6.11628145829692 8.34340095561947
4671.64 44.2375484701307 14.4770804649574 8.49239267071607
4719.97 10.3551751067453 3.350577982032 9.96835864302739
4895.26 5.20277831344457 3.82207135370089 8.20838031059066
4915.61 12.2842286666412 9.17021150555246 6.77103150153107
5060.53 13.0780256537146 10.3358403565456 8.28821396590683
5110.83 6.08433597244755 4.22560379338186 5.93964482067349
5172.45 32.8948597391601 19.9431406177557 8.94460936877931
5252.45 13.5650670223693 7.45420882252516 8.34552602513031
5291.04 8.853724835463 4.95459240729374 8.10478374253853
5380.05 25.6348887615102 17.8586265581776 8.54939570121041
5418.39 4.2592360687194 3.25467920691421 12.1571871763363
5647.59 6.02687072372256 7.01943734898853 6.75469467985386
5754.63 8.77051861129785 7.24599882126091 8.95284089801316
5815.07 22.8329869825103 17.6469824385147 9.51327403754476
6189.17 14.0095222909713 4.00826374827797 20.0780037271097
6244.37 42.8081174234309 10.118616472018 9.70850536452326
6315.04 50.2257747859446 12.2822478695265 9.66258106522218
6507.52 16.2766342435731 11.9362694729207 9.69986432495261
6743.88 36.2450880965734 6.89292455958135 12.479184001214
6787.64 100 18.3385387556251 10.5705550445236
7072.57 11.9600598304409 3.91857432223061 13.2889613636153
7149.89 10.9742358364422 3.74172647018988 12.4424689435491
7224.31 7.55027197801981 3.01135179573907 10.0586427847074
7475.2 13.2105270262037 7.36463621719449 11.5009191895506
7586.06 31.0065566039482 14.2837260923106 11.7100278544322
7653.71 10.2667266850802 4.6803578316017 15.1625430598724
8007.02 9.51507198653654 7.70584443084613 11.2835529013028
8067.49 9.71686753599085 8.27310454890012 11.8449340028583
8587.9 0.880667945360884 3.04053803139428 2.06623976344781
8592.63 1.02498950028358 3.54301729213596 4.45778254412471
8603.95 0.885792022784457 3.05751585635986 2.20285714625243
8613.25 1.17327263725656 3.75153645228244 2.19038234146501
8813.02 20.4268401918653 20.9031789040702 14.5456648402906
9062.24 4.37650174612556 3.45037315351253 13.9668352773388
9102.95 11.1517345075593 9.61846476740933 14.4900936095291
9402.42 6.87210119964801 4.87645482541289 13.5087243663056
9552.03 46.5176496056788 28.250772488034 14.1541938828104
9802.74 3.22268645582203 3.08781302211431 12.517163915074
10031.91 8.042466000705 13.2214698894019 14.8462734413915
10411.54 3.96026089170586 8.24536680006496 13.5552244143364
10537.03 1.2091953378596 3.20093763701284 14.4300423968161
11107.34 1.18014237357107 3.30849163826634 11.9270883943555
11458.4 3.33760014324183 9.88062281860516 18.1385489255881
11689.98 0.672263882434263 3.07703518846004 4.19969780554129
11951.08 0.29243488433152 3.28724820039807 0.825268676233463
11972.46 0.54330069511577 6.69345678155415 2.10770163764028
11981.89 0.51622723623087 6.60115053390317 1.3441780427238
11990.33 0.266629876757948 3.50153193426879 1.73308377780086
