4151.14 58.2816385378682 42.2540084711513 8.12204397501591
4210.96 14.3545806579845 9.21824497345254 7.34684937576731
4295.2 24.2238103541789 14.3358781613106 6.89683735047402
4442.81 11.2133262464396 8.53427339088119 7.1252611242262
4495.03 6.23777191329137 6.34707363732379 8.99587541041365
4672.53 74.5456055806951 28.2438430193894 8.41366601556274
4721.77 10.2802867518942 3.91564976729395 9.2181869603719
4895.39 4.41702214803689 3.92585335050297 7.78041771537482
4916.79 16.7413038413179 15.4094079000398 7.92918896601805
5061.99 6.6370068383752 7.43280853079393 8.21905271002743
5111.63 3.8328818826672 4.17190770084387 8.18795974648128
5172.72 6.21429094336576 6.22920834539583 10.5953912823243
5252.72 4.7120314424476 4.3628157245766 8.03725436179866
5290.5 4.9125395609378 4.71578307459377 9.28434581399506
5380.46 18.0904527601388 21.3555811900471 9.28097299266119
5428.92 2.32644757101689 3.03821263297528 9.08599257099286
5647.73 5.42426331429897 8.93382177225542 7.47842610540556
5755.76 6.61738121801899 7.22834052609525 9.43972970188133
5815.63 18.7629569706975 18.5921411851545 10.146602695454
5970.36 2.47983960827835 3.75159588596264 9.12046089961314
6188.73 6.5449046610716 3.316478427864 21.3400301144766
6245.24 29.1345613952072 11.0458848855402 10.7213966562167
6315.63 44.5161149657482 16.1423261545479 10.7336375891673
6509.01 21.0716152570004 18.0001809268412 11.1960416727297
6745.09 25.2122970401053 5.92585738972147 13.2063226815435
6788.86 100 22.9123418806242 11.8800155399431
7072.88 6.11882430826723 5.35218747192299 11.3140366291236
7149.73 7.88868981119795 7.05236761144271 12.6161415654333
7178.03 5.67286631618822 5.06471573885121 12.0492179513822
7226.49 4.59548654027099 4.3171222531422 11.5276940689355
7477.26 4.18419942065214 3.85652650216474 12.3598563623409
7586.38 24.9540834153164 17.4905862165605 13.1720148791346
7654.99 5.46768592525985 3.62570114339559 15.8848584343696
8007.68 16.8100366067084 10.3550848267401 13.6721425162405
8067.65 15.5838724762179 10.0199654683585 14.4672670455293
8563.93 0.570445052147481 3.3281776398144 2.45080791033797
8577.6 0.626424493958119 3.85042696777094 3.65155614190371
8585.87 0.673828029839671 4.27807220791467 3.3076558589346
8591.95 0.591253284130879 3.82763963468813 3.5521016898474
8605.64 0.585966923619772 3.99298714848526 2.03493599903959
8814.22 26.204919429838 43.3491427180953 16.2392365473388
9063.62 3.06548540711593 3.1742644605885 13.7597464646205
9104.86 10.9835151920195 12.3168661538947 15.6026591117206
9553.98 79.5100381269127 24.2117088021614 19.3676697791161
10033.36 13.1761226030964 17.5656259915081 18.561302594253
10414.68 3.11169844296235 7.51445281207749 19.7001022376389
10857.37 0.594529785583128 3.14032013020876 6.19669076037826
11064.11 1.03716464593454 4.74215625424476 15.6993634666269
11369.26 0.873421152476936 3.12526810774752 17.4201927579488
11462.82 3.33015544067514 11.79933321916 22.2526069198266
11980.12 0.665287603920775 9.74317400842134 6.43573062766518
11990.72 0.264430287928372 4.01346716305374 1.45119208652432
