4152.95 64.6680172498499 50.0298922020485 8.31850601511724
4214.12 13.7977332263276 10.2804584339914 8.70728046971453
4295.57 20.1556195415955 14.0473862635362 7.6874994378768
4445.05 10.3109088978559 7.87995344688064 6.67482739870502
4495.66 4.88436683159429 4.93695428907915 9.90190819323198
4673.3 59.3926719094503 27.7333324169486 8.31146124328643
4721.64 6.37439865518819 3.10598648688263 8.27153323856419
4897.21 3.46326043019731 3.42410463865722 10.1573994911469
4917.05 13.1355371164898 13.0992649944945 7.88284818459761
5062.79 6.79777072213679 7.61439088702267 9.84306683392606
5112.82 3.8948721562207 3.90628505851489 7.79951259994687
5175.52 6.52394966742108 5.54489340336622 9.81208781149962
5253.25 5.50325876114459 4.03369198213145 8.75235541385155
5293.2 6.70861121065025 4.90999096837916 9.40390361366372
5383.59 23.6413109508984 20.0020753237568 11.0853324291656
5651.21 4.76222430082199 7.21367951728529 7.05080577873377
5756.18 7.98031819870549 8.78694817702321 9.86532669668577
5817.04 21.5960249502811 20.2612802166026 9.91063434326406
5969.5 3.45174656809394 3.17062407151463 11.3685809353501
6190.33 6.7079764492274 3.52519668692236 20.0201865389063
6246.99 33.3579329676736 13.0326843423669 10.2686910177936
6317.83 51.6754183733082 18.6804768648951 12.1972849911872
6448.15 6.41420728666106 3.32643834884827 14.2027912592084
6511.09 18.094287538157 13.2464704369903 12.9166111366694
6748.57 25.2696471970163 6.51083060349926 12.6757272869663
6791.28 100 25.6902911087141 13.8090348716842
7074.58 5.886242943716 5.42346341880856 13.0127973573608
7151.44 7.32778121135153 6.51092034801842 13.6947632995143
7179.74 5.00520307987604 4.32696921821639 14.4789472211642
7228.37 4.38850941331694 3.79929510496547 13.120017538864
7478.05 4.62674336783394 3.38083396321632 16.8371895739856
7588.46 25.1106098226635 15.6787377020646 13.0624059760003
7656.59 5.2748898852041 3.35300216739317 15.4564652973404
8008 12.9018459234643 9.97044758364054 12.7940886579854
8068.48 12.8326467632639 10.5214657958199 14.5825385821627
8584.18 0.796977732998641 4.17440677647765 1.88995879697541
8591.45 0.757066460294837 4.03952984484813 6.99419895615392
8596.51 0.585621971535208 3.13913365332616 2.52769040367639
8602.94 0.671779403248844 3.68968241619163 2.30213203484891
8816.61 23.0172303787522 46.6096528484039 15.5309880104742
9015.73 2.43895751035814 3.06622130701062 12.8825913626788
9064.14 3.21281668461093 4.3245661376368 13.2770367465055
9106.6 10.4518993959283 15.1963198609629 14.4420139617378
9405.24 5.39811402295233 4.82606884598818 14.1078717876353
9555.05 69.7345865251482 34.4535415855176 16.5444400220549
10033.36 10.8385383114836 17.3177316489955 15.5231164696816
10415.04 3.31608122048031 8.41642394623396 16.6846541269751
10539.99 0.996894359772364 3.02278902196266 9.96615650656531
10857.56 0.632150333856548 3.21096327905859 4.83305225860568
11064.68 0.826002975454162 4.05646371089677 14.2982849487216
11373.1 0.952651672351392 3.95347978019588 14.5429032596385
11463.79 3.08042292195456 12.4419534920331 19.3010135796776
11526.23 0.797159584586056 3.46195960418376 16.0261603588042
11853.21 0.263277560842337 3.16743152904743 1.14023153060407
11936.96 0.233540384502436 3.61020319438929 2.6450421197278
11979.92 0.326666206815423 5.9138305746485 5.75778379430631
11991.71 0.16819628115681 3.19422906253765 0.894772909687163
