4152.83 72.8295202672333 41.2200638120393 9.20067008124715
4213.88 19.5367181193812 10.2812886249592 8.54769111480164
4295.32 22.9951321458375 10.1564923481543 9.10104096282157
4444.05 12.6414237954421 5.54383883468315 8.00005902095199
4496.29 7.86592936547071 4.53455607206048 10.798128636924
4674.06 70.9928137693516 22.9053141532365 10.4213860604204
4723.18 9.9754880731902 3.23201410962861 9.47226882484483
4896.69 6.23799037479186 3.85786287457468 9.91048632821003
4918.49 14.5081148585222 9.50594395690717 8.93288380724698
5062.12 8.98839854697718 7.74914180968071 8.36228675852362
5112.96 5.69291157077426 3.8577510426659 5.73335249131014
5174.45 10.6368863751444 5.92419787285862 11.2438033353719
5253.12 6.48155096029176 3.11653307748402 9.4532584124081
5294.28 7.75875721052654 3.83782432570567 8.3055523768835
5382.91 27.0071669477179 16.707878150846 12.0741729099454
5605.45 4.23707448341484 4.16649256878196 8.10183885151491
5650.94 5.85305096112107 5.7957150265018 8.03716988268479
5756.74 8.6283194193951 6.75491035559413 9.48163459310763
5817.61 21.2141635282777 12.7084546063675 12.2927755403098
6191.49 9.16814398070511 3.74750167188586 21.42490495315
6246.7 32.9332960798915 10.011837827322 12.1857243294662
6316.65 50.8901567942185 14.8055511725964 13.0673641110061
6450.07 7.07387868528606 3.37733182460875 13.2096608428037
6510.05 19.6362654627833 13.0552156741178 13.7938352590891
6747.06 23.9947936668706 5.50844491125765 15.6243903197483
6790.68 100 23.0595294865357 15.0894167216247
7077.06 7.91159019442625 5.07228362293859 12.4805408167676
7152.84 8.65093918466505 4.93970977774416 13.7965478972019
7178.96 6.3052325822348 3.43429425769288 14.4486641100611
7226.49 5.40205256167002 3.00114772728344 13.6831833574042
7478.68 5.97559640995394 3.10373334689864 18.6966609587907
7588.93 25.7245403016375 11.9775071020315 16.3179984838725
7655.47 6.75468226992298 3.25140510770461 16.3728596591982
7953.28 5.79516606714551 3.62404870629818 13.6484073540323
8008.49 11.172264163158 6.89448205242486 17.212419597744
8069.13 13.4871594982293 8.93130873859839 16.9755124950407
8573.04 1.08149697850333 3.31171638828606 1.84634421110241
8590.09 1.14811209107984 3.6846514868299 4.75175348060293
8815.92 22.1184874440986 34.877344680783 20.2972381595882
9061.37 3.28706910568144 3.35817846769078 15.553612511967
9106.08 10.026084732887 11.0079140087369 18.4629314563044
9407.88 4.87279844607347 3.3609661325475 19.4564388458621
9553.81 66.9544524748439 25.5776950028894 23.6378743853402
10034.99 9.98112244994417 11.2266877733881 22.2704529521852
10417.07 3.74517893973682 6.39353218819517 19.1321866886301
11064.3 1.06356737501443 3.05898464891179 7.64087326577101
11462.82 3.26810429922328 9.2020980087494 24.9220387384157
11812.21 0.529128661516019 3.70524924590454 1.52360675694035
11849.69 0.613131849849905 4.80797657608083 2.38374795253367
11929.32 0.438856103604743 4.28159398161457 1.64494879345511
11938.14 0.330388167369369 3.31193641517227 0.345569394869017
11970.31 0.284067464973029 3.16969382249132 0.347749274689704
11984.44 0.49861139945749 5.85592326463309 1.8324257359418
11993.08 0.301865042502759 3.6617302804475 1.38535190308539
