4152.22 88.4135496533556 36.1062633987603 9.0014623103707
4213.52 21.1929645024047 7.94435371741436 8.310923121825
4294.96 21.1995954037517 8.62233298494115 8.44665017085208
4443.56 17.6825111456374 8.62064587425001 8.62228903348841
4495.91 6.38481155050576 3.74667661432966 10.4402245622132
4673.94 57.2536453946292 16.6121095972951 10.323362370279
4895.65 5.60375559137208 3.4415702747981 8.34371224709776
4918.1 20.3414443787128 12.3219733044216 9.58519432817138
5062.92 8.80960077827874 5.45396990762576 9.06654749443169
5111.23 9.66246407031728 5.93997047403687 8.58779793973099
5175.12 16.6567083301765 10.1230099821655 10.7433424060546
5252.58 8.62370047127239 5.33430930139134 9.98245852076161
5291.31 6.25989638847505 4.06964411025605 9.64887118874049
5381.14 21.9742304886362 17.2188241145046 10.6937308342858
5649.12 10.3688426759612 9.4322460875546 10.4870573834569
5756.46 9.89038561889422 5.97975348841053 10.7308106916116
5816.76 27.3559235768597 15.5544712612311 11.6016227043901
6191.2 10.6735917856868 3.43041453644941 22.4629394513067
6245.83 74.7337289615431 18.4207912237976 12.2084256402504
6317.39 53.7071489188129 12.2468279193431 12.3439911900687
6510.35 20.802400248731 11.923930667141 12.7505324786398
6746.6 61.5654985345908 8.65304549221841 15.1484281019411
6790.37 100 14.0167797295287 13.8303492396662
7072.88 13.8252674699432 5.77256604493412 14.2836598897084
7150.97 11.1741405474659 4.46252906931428 14.9707762948656
7478.68 8.51800268817372 3.85290969652477 19.5748723573024
7588.78 30.1996869765981 11.6554010640087 16.4049974975987
7655.79 7.99671771526524 3.1180060713976 18.9158777042849
8008.98 25.0274573618221 8.80260400780835 16.3417973666192
8068.97 16.9076310487688 6.31661036382548 16.0940496237681
8572.03 1.0237370599484 3.5580999834894 1.79761696062087
8576.75 1.10306261764224 3.90483314044099 4.95508869707373
8583.51 1.22065866989458 4.43302581970753 5.45560388301601
8592.63 0.918291560829759 3.40253697637554 2.92057958498299
8604.46 0.910973206177835 3.51694317930458 3.27364142413353
8817.12 25.453291833674 26.9209874476136 19.0003175449037
9107.64 19.1519373360239 13.0420092284666 18.0872131783854
9556.64 69.8257796689593 19.3248229378555 20.916817381174
10035.71 18.366632078999 15.6408567755229 21.846934763731
10416.33 7.08525168809022 9.14620143917795 23.0974394798905
11465.13 7.56675961741328 11.7834876093571 27.3714780847877
11982.48 0.492235809373365 5.31854033929078 1.42551774024469
11992.49 0.30080928178993 3.4951285552181 0.761324546754622
