4151.14 23.1528633646253 3.2244506965891 2.319003219357
4212.91 100 14.8566530481127 7.17116409995833
4350.06 20.0714678178342 3.89653489322815 1.340461907811
4493.91 13.823097296293 3.24247122891899 3.37056810395643
4502.55 14.8297103440645 3.35924982394453 1.2477199677005
4590.59 29.6093511496982 5.24782349918435 1.3965457295235
4633.57 20.9746497716038 3.47712174471417 6.27533009708441
4677 21.0505871901522 3.78500484310113 5.14564469865036
4844.15 14.8698719847156 3.71982710155019 1.36153852022562
5057.49 54.7862704379296 10.8867924111446 7.76546720952501
5283.88 33.2939399927668 7.51643317858284 8.46344925758331
5624.21 11.3162188768643 3.05631446617611 1.38514321128241
5860.34 9.99735674080727 3.49935005583597 0.885539402052927
5958.79 8.91415494030094 3.49551007436989 2.10255317070551
6144.77 41.468216229297 9.86656028366394 8.04185577819044
6161 39.106114192641 8.86397363236651 9.3444141431828
6180.31 15.7872526552808 3.3109470364778 5.9347078924975
6276.22 21.5991608029795 4.76509423578813 7.49139246229606
6489.83 9.29770020389173 3.10941491466418 2.37552384203536
6723.93 16.7773640545628 5.51345518007985 9.65556641806415
6757.8 10.2437937739742 3.35194748765287 2.1144609265566
6853.15 8.60872891840832 3.12952688023789 2.20703586014315
7152.53 10.7313845970158 3.50441396845615 2.04555205804263
7254.14 17.0274946910331 5.7276058038389 9.21740496729035
7271.35 9.05392113519375 3.04317068002053 4.93251822616821
7275.11 9.03967210675971 3.04538380254369 1.84990610762179
7587.18 7.76881080209481 3.081629004245 2.79226199406094
7601.87 18.4966863529231 7.34101471985012 11.4194284634232
7820.23 15.0343186971764 5.85059233174097 5.86510177805303
7825.89 8.88218532018791 3.4446077745865 2.10049905583855
7979.56 13.3504746765533 5.27249370961449 6.13078462455178
7994.59 7.59987822989527 3.01235049896703 1.79713165933936
8025.35 8.14767506416596 3.29476844050004 2.14333165010339
8293.15 6.42717407888088 3.32560608599893 2.40683834145239
8420.26 5.38162184960944 3.10352844908834 1.06803215684522
8519.62 4.86658295377106 3.00641926733356 1.11140916360091
8594.99 4.74355121547206 3.04955220055596 1.11829056215356
8813.19 5.3843098966843 3.12180653563771 1.84812955849156
8821.57 5.56908191402497 3.20955630232744 1.66419065110131
8920.99 5.71777084306265 3.14764201357037 2.69037533290248
9066.05 8.44129281537935 4.56392749278925 7.28117973616099
9188.47 11.4974889612334 6.14559690606405 6.45331561072817
9202.23 6.33837186252789 3.36058693631716 2.63274897626252
9396.79 10.3291350835138 5.88693027499398 12.7019118747485
9403.83 5.9007386954883 3.32403370546944 1.9840168843948
9481.6 5.69499349791804 3.46689549840383 1.34595925183385
10042.06 3.56013374046634 3.10664596617576 1.92071271691384
10204.94 4.48251675790916 3.79120504099713 1.24997075161264
10217 4.30191196926157 3.6361024023244 1.29613322024488
10320.3 3.94523770743095 3.34068264389328 1.29609969109151
10485.94 3.89047471797895 3.46483794434739 1.71020592392051
10735.03 3.2721657900983 3.12386580189684 0.944603614250809
10821.9 3.22013330908103 3.14362769266825 1.010307827426
11164.91 2.86772283320564 3.04176952175252 1.05092936105939
11682.21 2.85863969303703 3.99467497590792 1.12454811100906
11728.26 2.46656561495625 3.60578513645941 1.20174046262036
11847.74 1.92117568482878 3.13104607458401 1.07544770201275
11874.51 1.85709924583614 3.06129605012807 0.80205455192845
11903.27 2.02109116230577 3.37330160077497 2.13284982789628
11916.39 1.79960273237811 3.02070946826169 0.795494744843381
11962.85 2.42570598441391 4.15606031747404 1.48758424725384
