4149.08 11.6204649167189 3.96026938396853 7.14904343008311
4212.42 100 33.6119413453107 8.50730908525293
4297.78 13.1997474938774 4.14002518136923 7.04561835253844
4350.93 17.842352574903 5.44464508913522 8.59182243546911
4367.6 30.8686787797335 9.74322717664767 9.20843885377235
4421.15 10.6328309320498 4.11571876204186 7.51425397922412
4491.4 7.77706075299583 4.04817367437354 7.14087801565438
4588.69 15.7453679095735 6.56370795081987 8.64834084313679
4634.46 13.3841527969845 5.27061437631397 11.0850730165293
4882.75 5.50360132220299 3.69390760883893 11.4060385378016
5010.08 9.79500722173897 3.50856712609905 7.87871443577023
5056.96 81.3084917426089 27.506332771776 10.3974094237255
5282.93 41.2419466046989 16.4569913180148 9.81017505534783
5478.95 4.60915661194894 3.27800000768967 11.4372865209061
5604.06 5.28816759667665 4.38488724261528 12.5764548907537
5702.33 3.35153035981234 3.00556125253482 6.86569282810342
5860.05 3.01030325890887 3.52332586907826 5.36224839805527
6157.81 69.8211894012467 18.4954962907804 26.3701527039957
6276.22 66.2296939436725 15.5813783826955 13.7201064513711
6540.43 3.43180191795867 3.05091453598684 9.45616471740504
6726.95 18.0538988956875 15.0467341185689 13.818460224772
6759.77 7.23749430112939 5.62998184095864 13.7823085401014
7148.95 14.1508579116083 3.2160144051591 14.0013342358479
7178.03 22.2362256491861 4.56750371479253 12.3816758276398
7253.99 41.6494089120218 9.63059590020636 28.8284241167739
7601.23 73.2807387087418 26.6429296294229 18.251805289442
7819.26 27.5514144174086 10.0753516051576 17.5207717185867
7974.01 14.1014967093295 6.17027962778638 17.7619481793881
8022.57 7.72867693555179 3.64494807422834 18.1432450242064
8191.7 5.04948399802122 3.73579051056617 11.0235755302883
8286.5 3.7904130505939 3.88902388178578 10.9729892571922
8426.28 3.10572833984137 5.21327022187119 9.6869393592151
8501.45 1.47614088027119 3.12592212322021 1.24490473851074
8819.17 12.6982209064076 7.6842530760664 19.0957587119028
8918.92 13.4688133531771 6.2043215806258 18.2162648545527
8959.52 14.0940148463439 6.3198765660049 17.2113237666454
9062.41 11.7436838631394 5.69361643223947 16.5096726421289
9388 18.6954099062894 11.0410700994122 20.6465292313896
9478.95 8.90293953789736 5.50854740094993 26.4109440408592
10091.62 3.15248122149364 4.95218369921505 21.6797256482951
10212.25 6.18446185550912 8.58463305402147 18.4788242242303
10348.04 2.57824675580889 3.31581980571241 36.7866634369511
10576.16 3.41111821006637 5.84941967331167 18.1901641863969
11124.81 2.54534171167402 8.06033569487639 28.1394960867819
11370.6 1.29574735146536 4.14675615723363 12.9170062505964
11382.69 1.06700540596047 3.40706272564119 4.91292473722569
11510.99 1.00425782639269 3.45387556614055 2.29185455097468
11530.86 0.991843318052348 3.46554129900394 2.03059663851309
11687.65 1.06941055667824 4.20525063709312 3.18187300171485
11694.64 1.13655505495642 4.4874692644387 5.14061130520531
11866.69 1.12787592703922 4.74668961139858 11.9399158423839
11875.69 0.986009086332342 4.14761145200418 7.61342619579955
