4012.82 5.73242006201256 3.06009359340559 6.60480454420394
4146.91 8.09585000861051 3.7444117761571 6.16846073986835
4211.21 79.5417364605384 37.2158519018087 8.26302990212935
4295.2 15.0314177351043 5.6763143745789 7.26082206250157
4347.6 22.8969527837421 7.64587623628532 7.39939915635659
4368.47 21.7277187342327 7.2534001674107 7.81655044383479
4488.65 9.25338763360589 4.70720559906496 6.08275833761127
4587.93 18.3615760962188 7.69750245612857 8.76408300773255
4632.68 14.0254057731404 5.64538152739358 8.80117025504751
4675.47 7.84072477636447 3.69676355600134 8.66837533853686
4880.41 5.94587269280377 5.45559007905665 6.82241939065625
5008.63 11.8449423953372 5.67147143573876 8.33856440607906
5055.9 65.1616883777868 27.7017744775507 9.55772633427205
5194.4 8.11026521138244 4.12521513774871 6.87497871149753
5281.85 29.4321635072904 17.1733134899928 9.9533439663237
5473.73 7.90185687150708 7.86851605138888 7.43596756093484
5599.48 4.25153363838058 4.62466984304021 10.4047070860051
5716.75 2.99959133101812 3.43212232554245 2.96980946528311
5858.49 2.56094848410143 3.65647626059861 6.01720998381734
5901.64 2.35345745642053 3.64618142285967 8.67531617561963
5943.8 2.23069779770141 3.09532741094352 6.94139805989471
6143.32 71.7527675003658 26.8031643212208 10.2782627049055
6274.02 81.8520540857556 23.4465204403533 11.0362931469172
6537.45 4.95491320807509 4.61300677891769 8.61028483621794
6724.99 17.7715303339874 16.3674710583097 12.7602504019105
6756.74 9.73868308453248 8.21677292369558 12.0894127038755
7177.25 20.7688014553412 4.40631577374166 12.4426790373018
7249.14 49.7116131132933 11.6669454763127 12.1811352257646
7598.52 100 38.423695026656 13.2764995834732
7816.51 36.7509261268945 14.694356453149 12.7876429589351
7973.19 7.75376102489165 4.29403424310182 14.3211085599078
8019.3 8.63965262441917 5.28894928958268 13.855014433022
8191.86 3.67645432727472 3.6231350212493 12.5753982283732
8423.94 3.27288060751855 6.04540199399229 13.3594087220245
8459.47 2.26691152648716 4.63473764701144 12.5768292843459
8486.66 1.38976695748238 3.08143237166917 12.5408354604169
8815.07 10.5661152460025 6.26814296923183 17.3834282085172
8917.89 15.9155323893651 7.08851596629123 14.3572515358701
8958.14 13.0568042551461 5.71965354554235 15.4225538265746
9389.05 15.6671155888809 11.7777154801982 19.6970087671543
9480.36 6.90547616914678 5.52954976744786 24.8692326502951
10087.26 2.21990169937938 5.26031124727093 14.5031944040456
10211.33 6.14557019276016 11.4246548470878 15.2343780983374
10344.92 2.29129126987895 3.63462227048352 21.7619163930813
10575.23 3.40706215822974 7.06351109967936 15.6311209540527
11126.33 2.59549091638318 10.2507367257143 18.7391843240912
11370.6 0.944905149454069 4.17805549485765 14.7597944059944
11510.99 0.716420072469334 3.78213381783664 4.0108197954778
11754.72 0.443312659992937 3.40150258230099 1.06021643985878
11868.06 0.90239395624186 7.53842943166299 8.71828109926537
11876.47 0.733945896825352 6.13381928874565 2.07743363026748
11901.12 0.402800990393021 3.37045167199281 1.18748492650229
11959.91 0.805196941415343 6.75911254079431 4.30534302567503
11966.77 0.68321819371173 5.73723321331137 2.92808566480562
11979.14 0.375230038150156 3.15295935578758 0.781249091865902
