4027.8 5.87763175554125 3.44256933184742 5.50208713373013
4211.69 100 60.3525931632957 7.56496650629288
4294.96 10.3037223488779 5.19191874656865 6.57081797477713
4347.72 12.1985249325672 6.07802856830639 7.24633795072077
4367.85 14.8254267413938 7.61878087171392 7.39420357015206
4421.28 11.5468045265825 7.36324500160549 6.3096308332033
4490.15 3.80534838972931 3.70390049359302 7.25686954489902
4587.55 14.7251300065446 8.9496502023511 10.6327229069129
4633.57 14.1699948844867 6.93093131337393 10.7691709606452
4677.38 9.57224075777589 4.94122388416972 8.34802785557167
5007.44 7.49321167376033 4.12184914208035 8.07020335032212
5055.5 53.8569087575742 27.9625210880214 9.34961549436503
5193.47 5.11301237136403 3.0365358385798 7.29247500588372
5251.23 7.5275232723682 4.33171062648865 8.1562217571136
5281.99 31.0193934207207 17.8356472605696 8.99652694532688
5474.83 3.66349178920765 3.82842417999604 10.4680506422201
5602.54 4.85641080772353 5.68347812836836 8.66440147841786
5766.02 2.97901666175332 4.55436766835422 7.13503967285669
5858.64 1.60223436100172 3.08537419252314 3.39506673384312
6142.74 46.042250441889 18.0177113996241 9.86781354105369
6157.38 44.3020773295477 16.4241580325921 10.9202920199541
6273.29 43.3746628888751 17.3515581173654 10.1492157673283
6725.29 10.403838402669 10.211341637047 14.9918278037785
6754.62 7.4924671470262 7.00447723351794 10.4187745102745
7148.95 23.0422160954382 6.94618829871267 12.0438882548724
7176 21.2001809232831 5.79332928493065 10.9725941254701
7249.61 19.3166202054032 5.92649566321731 11.1933176816055
7268.38 24.8837946035554 7.95388498520037 11.4970430906551
7598.99 30.8452897885577 20.8994316482915 14.0070857534865
7652.91 5.66403901810448 3.64249045478241 15.3645959712558
7815.53 18.1120502309352 14.8870407329762 12.4808322153458
7971.56 6.55795102503859 6.4455617663249 14.0659082448065
8018.8 5.0044991762388 4.99526390051197 12.3111878999807
8188.06 3.88328592828008 4.63109365991926 11.3661623667758
8289.16 3.7061104825036 5.69150175445752 11.5426814655566
8423.44 2.83692394480455 6.94828971516701 8.8346502630593
8584.35 0.783456022745281 3.04594578175236 2.26811093055039
8592.46 0.771006305928106 3.05793156316513 1.91066041886916
8770 4.39035496544011 5.15410884631054 13.1291727154185
8815.92 11.0531413357407 10.1086192897211 16.775201919887
8917.38 9.40651149500155 6.44896990350965 13.2621405250065
8957.11 9.27709175940969 6.1400324991316 14.2251784262953
9059.64 13.4485386263152 9.2271523529349 15.5461240838358
9386.59 16.7370104766823 9.94921425522101 22.3947950275269
9476.83 8.36517773046338 4.98716722057567 28.1234365534565
10023.93 1.63038964520266 3.12447654992448 19.1551924261112
10087.44 1.92043006389286 3.12672697209688 11.091027322811
10152.76 4.23782181113685 6.17022282649413 16.763931965319
10211.7 5.70734629297271 8.1767647788214 16.1168613585487
10572.45 2.59908751286835 5.35824719294322 16.60672235323
10735.22 1.25698269481695 3.20091880525401 18.2307437499458
11123.29 2.18100261319496 6.74083051510973 27.5770830819511
11368.11 1.74012056418399 5.41304558350122 16.4218280601453
11685.71 1.46939876661613 6.80958511064623 16.9188484165934
11861.41 0.739070932774153 4.87583503774876 2.79078374437449
11871.77 0.52175428918061 3.48904225087181 4.4740016265041
11958.93 0.470068115509816 3.65311933580969 1.41577840296304
