4029.82 7.45238320466539 3.8168687604197 5.99968001198249
4213.52 100 45.3073048258957 7.13020534188036
4297.41 20.5488498291188 7.43338849694199 7.09132585952648
4349.45 17.4831643108775 5.84187211119462 7.46826715638326
4369.95 27.1991610380432 9.35674360843831 7.29466120193501
4424.51 17.7471403473457 7.41599710779666 7.60776417391844
4491.65 6.30434758037609 3.91185922864313 5.8406228033773
4589.45 28.3266738383822 13.4183451754605 6.7592380445476
4634.46 21.314975537731 8.61174493520864 9.31496410575255
4676.49 13.4470262989792 5.66725532228818 7.39080027050932
4880.67 4.16694909615824 3.88654974638858 7.07419258859409
5012.05 13.5185319540978 7.01627487749444 7.84384971413783
5057.49 75.7696532061969 36.0427992919304 8.61626791868548
5196.41 7.19248986357609 3.55572685676078 6.842232982116
5283.88 45.5898831156078 21.7330944382932 9.10816642791178
5477.85 6.11925987860731 4.67773776787263 9.02172945753227
5602.54 6.04483817154638 5.41139766830478 8.15491776011459
5767.85 3.6024256604759 4.85639508453723 6.81165843429699
5858.07 2.34812542056237 4.03773644837479 5.21402479681637
5908.33 1.89157791131987 3.34858522748335 2.14291317800325
6092.14 10.167011025903 3.93094955406384 9.19509535444013
6146.07 72.0649916543846 21.5610049020761 9.23842898054318
6161 64.4389089347614 18.0005525398391 10.4129237990355
6276.95 65.8886289057291 18.6589002546417 9.87854346932363
6540.73 4.17944983820015 4.38783285812342 8.56550710685497
6728.01 15.4726208089591 15.4594294603206 11.8940742447594
6760.07 8.49608792586375 8.06620211976089 12.3700348095354
7065.31 10.1903266879291 4.00791985981791 13.0862460764129
7152.22 19.3208255337975 5.01627834683166 11.2665621199503
7180.83 27.9615732374881 6.63987936904726 10.7347041567236
7253.21 31.1469296553679 8.13783499417283 10.9464114942411
7271.98 34.1099087914224 9.16121038986256 11.1156164914819
7600.91 59.8985747923796 32.6813112866835 11.7718854678815
7820.71 30.746420001616 17.6794938009894 11.6003781901618
7974.82 11.8315041544924 7.7138416093965 11.4756510570014
8023.22 6.3755098333028 4.3030966781259 11.8198268769693
8193.35 6.56902775322792 5.88062415901386 11.6149912621813
8292.31 5.12390956226959 6.23422038317261 12.5109778283459
8427.62 3.50842973311523 7.55256556774495 12.0206540059789
8821.57 15.5045625412781 10.5173990472795 15.8550591431394
8923.39 13.7638144479617 7.12780919251856 13.3565647990126
8961.93 17.1488063972919 8.65526791627018 13.1588819007611
9065.7 17.731860241946 9.69065200316657 13.8560323534421
9183.59 5.52303228139108 3.51559279338651 12.581350005732
9392.04 27.8254130995457 16.2032354434211 15.3423766544056
9483.01 11.7148051141479 7.18294545806415 21.5159849245338
10039.34 1.50100089450521 3.35375679208078 9.28782949689958
10090.71 2.44409089944701 4.87116822638471 13.3786139851491
10216.82 7.10641529144489 12.0084901868613 14.5721449750126
10322.87 2.05978895402987 3.24894395816171 11.88082760617
10345.47 1.85399949306234 3.0091743471718 16.1805646207195
10580.25 3.03057132755757 7.4164834128216 13.6100829769148
10742.7 1.07907447251856 3.52607368695456 11.6711440715953
11128.98 2.42134395788183 8.7660419296497 18.6297225897688
11375.59 1.83661907830576 6.61529059612633 15.5094865758419
11693.86 1.02207505958867 4.84711416997072 13.8145073351025
11873.53 0.773890885973206 3.9980641105843 10.849677312839
11961.67 0.821736073178265 4.3258295728717 9.73807193252469
11976.59 0.746097401591197 3.94028470471891 1.9767241427453
