4212.91 100 29.7628676795751 8.64927425177302
4298.64 18.25420660614 4.74917733141837 7.48723226721813
4349.69 17.9169137635122 4.5222584728021 7.33771953487212
4370.2 20.8529473317579 5.50088999037724 8.67462345732929
4422.4 11.9930703366607 4.05669954011902 7.49755959263166
4490.15 9.27292626439412 4.85707406978835 8.41761666170532
4590.59 22.38801223341 7.89811738781184 7.60444631007158
4636.24 20.6236790661861 6.09990090893088 11.2540473336448
4679.68 14.7027024019019 4.5388574246184 9.67848444571428
4877.93 5.80454496067633 3.39582993676389 2.23191151587889
4882.36 5.2490881142571 3.03654718884051 4.00253273009912
5010.21 11.3213266230616 3.92718302473069 8.38972933933746
5058.15 68.3885921819909 21.8640703148085 9.58136091881897
5284.15 42.9326473358444 14.7745796876788 10.3731574902931
5479.78 5.89425930372086 3.17863847499987 8.32365807029237
5601.43 6.56184471428612 4.00003212222054 9.49412385466894
5765.04 4.50638160418723 3.40139189701752 4.17922429133341
6145.49 62.5882982004646 16.5194574371055 11.9129225250963
6275.63 57.5918206875675 15.540186337605 12.4827609243321
6727.41 16.1795232060424 11.656865178376 13.1730037462221
6759.01 8.2054869739533 5.6712626921404 10.6516545271688
7150.04 14.1868110726904 3.14110929139795 13.7654457057233
7178.18 19.8558304089729 4.06681539385575 12.4286035799487
7253.83 33.0389363138414 7.77998967107476 14.1766333119313
7601.23 60.7506211504725 27.2130377873686 14.7594852215052
7819.42 28.4960896613334 11.4772028013011 14.4185700309017
7976.46 20.0007778349146 7.87492608858219 14.6774815297049
8025.19 7.74475426786976 3.18724976226363 18.0351840078356
8193.18 7.207898540668 4.28786243081367 11.048628821608
8288.33 4.16808525959573 3.32547926913845 6.26534660961806
8425.61 3.49216138117102 4.33044811784607 11.6995541518536
8579.12 1.66715612797635 3.12129780130139 0.853920829555136
8819 15.8848215822559 10.3938994127663 17.6379120000947
8919.61 13.0389523531353 6.71225416655288 14.6870983535755
8960.38 14.5394262359029 7.33381244244528 15.2152743242204
9065.01 11.5854768481022 6.24379597219833 16.4801026649384
9390.28 21.2422629334555 12.0435430915803 19.3598131699364
9480.01 9.53085928688569 5.61505024094686 22.3366119993225
10091.07 2.8508392238578 4.10390907033129 10.3215539298235
10214.44 6.43282419925737 8.3347460665701 14.5513448199108
10323.43 3.32594733999376 4.03674317276704 5.31745614733882
10344.92 3.09812592718838 3.81094067548927 11.8953651444244
10580.99 3.55634578470028 5.79240704554295 13.1524395479919
10735.03 1.56398083360393 3.18926077418356 2.84844223366053
11128.6 2.69192653857664 6.23428454922987 19.9623366706419
11149.32 1.53863764507444 3.48339419131372 5.30908499634461
11370.6 1.60660254123751 3.63712609610269 4.59082621460584
11694.25 1.10162485943547 3.19137455901725 3.7762087910869
11867.86 1.12120293533979 3.89319355942024 2.27566688145089
11877.05 1.19856918997418 4.18603617840342 1.86448512692368
11960.1 1.11552645208834 4.11058173539032 1.75533267577703
