4148 27.7087004816416 5.7602597299353 7.52405127040765
4351.79 9.15512786620993 3.1473875637677 3.82651976887337
4491.02 10.543183738593 4.03675500305679 8.35131194334372
4576.56 10.3505423235336 3.42870088591843 3.84199779673418
4635.23 10.8208597708038 3.32528087851512 4.09043276067132
4672.41 14.5836511652069 4.65103529143076 11.0169900930714
4847.78 16.4721221825257 4.96554228090165 8.29158661699785
4947.4 33.4327833229924 10.6253511072516 9.48190789028104
5060.8 12.4781605771331 4.43837864120765 7.3247825397757
5104.05 11.5000966346686 4.21772773422586 5.58843112076829
5252.18 20.9602267750302 7.66294761696723 8.22391409982902
5380.05 33.9899995987771 13.8987589276537 8.47517811012676
5603.23 5.55025669460119 3.22172624728359 8.17658330126687
5647.31 4.979989887248 3.02531552200516 1.75273213035689
5815.07 5.28004001373826 3.17142494636885 3.52583180603142
6001.13 26.7837717707867 10.7344154757411 9.28701243761316
6114.67 47.4092675485181 11.1437761475884 9.30621732559757
6132.46 55.5117719417777 12.3007056319637 10.0392209108413
6315.92 33.4147677717996 6.79675375624623 10.6476327906912
6335.74 20.9198333791114 4.44590149948585 14.0776218672245
6446.52 13.6282511365594 4.72565046739817 9.39739736658976
6570.28 7.62138885675267 3.99342362119009 7.26572771222618
6786.73 100 32.995161531135 10.6575708839982
6921.86 8.06454193502494 3.15486460743427 13.2343144946526
7190.79 8.18222076255533 4.11784165388804 12.5620015995873
7291.09 6.9290028087821 3.46632708716445 7.92237793300228
7334.09 6.07939200884807 3.27151536100095 8.06194012937613
7585.26 68.9146517329511 33.4400838896001 12.82820843018
7837.23 46.4666868731277 19.3309117930283 12.3574441774463
8080.79 8.81355700732613 5.96429186842502 12.2061112557876
8815.07 4.85689176407836 4.99683131413808 8.66505222921478
9456.17 4.41190976873848 4.24527879364265 11.23734014396
9550.08 5.86603977712005 5.98616524787629 14.1752882070778
9854.64 5.08120393383298 5.10228000506706 11.7407491179856
9895.67 11.4278799440702 11.5059856756118 15.9360096856562
10320.3 2.88520454344685 3.63945956218626 14.196882147924
11108.1 1.74121605773942 3.9003135857722 3.74657197825763
11452.05 1.79866576887208 4.656762954588 3.96796164716761
11465.52 1.43255112831106 3.66475641856551 3.69489022747439
11703.58 0.967273865616435 3.478607555508 1.18314075231319
11709.99 0.867592990734211 3.15918872189511 2.063778769696
11765.82 0.900577251521684 3.88458866671687 1.4280529096759
11790.56 0.786157874817407 3.66784219929953 1.11963958866545
11802.06 0.767675112391118 3.72825968637562 1.28579670227009
11811.23 0.66819849785338 3.34367353195626 0.92924131824293
11829.38 0.732966240977435 3.88412531566077 0.835741338538355
11851.64 0.582266679288338 3.23755769877774 0.996438386446243
11892.9 0.516784052205616 3.19069204170515 0.547773624941328
11903.86 0.533402442052882 3.39748454220244 2.23903687709026
11928.34 0.575750740772639 3.94267664042763 0.918693663295926
