4048.3 42.0886703571907 5.56272834605916 6.95968009493663
4148 42.2734954188398 4.72128451814448 8.57082192242069
4164.3 45.234734171872 5.02710603657054 7.7404138468728
4493.03 12.0997547360052 3.60763842504389 9.96412805629097
4625.32 16.1344383584597 3.11553083406647 16.7887520340801
4674.19 31.5832545036673 6.463814698029 12.4950391172388
4895.26 13.5194954795201 3.84592594199355 9.28362576272957
4945.96 48.0836894092309 14.521338281513 8.36667695584038
5058.15 20.2545228152061 6.90077013731779 10.1303828099099
5102.32 13.8559285242047 4.6935792663705 11.6926205203226
5171.11 13.932061751206 4.4437601900196 9.76533001075404
5250.7 35.4382914284034 10.3396283901299 10.5887758677154
5378.82 33.4398576646654 11.1856507376274 8.39851129181989
5466.32 9.48359329569392 3.73561909125059 5.22390223217644
5813.37 7.42821971661481 3.86122548955402 7.48231172949636
6000.56 27.3123500447736 8.69871068627458 10.5142380169727
6114.82 30.951619344187 5.22978365541501 11.1409672719446
6131.74 51.2167981762248 8.31738677436007 11.628494126282
6313.42 19.4399486152382 3.42318518146291 12.0882341632068
6334.12 28.1787919869187 5.3805689474334 11.2101174561585
6444.89 12.1136779930289 3.9363802992484 12.5024692730722
6744.33 13.2237843142193 3.57612230856197 17.6537526670663
6786.73 56.3217815578564 15.6444879137815 12.1037171235257
7188.77 25.1177016543031 5.81916225775543 15.876515789746
7583.83 100 26.6681883786692 13.6946371402137
7834.31 32.7836452348181 10.4463629790699 13.1528363245588
8283.01 5.22660816543118 3.21448185831518 16.2132187505431
8519.45 4.27284459708372 4.14015916070973 2.52796361946821
8788.94 5.82681557035083 3.66696912432336 13.0781086887437
8815.07 11.3077990874393 6.55719091812094 20.2499936480181
9134.02 9.07585010338728 3.54920587156669 15.63673410107
9396.97 9.09986987115102 3.11434843966801 15.1459826446699
9461.29 15.5293604534368 5.355566674368 17.420424444399
9551.32 20.544913513184 7.64827742332972 18.8812502424444
9895.31 8.25921335600905 6.52898240488904 14.3170310259375
10029.55 5.00179406661309 3.46626729890543 19.4374354462343
10090.35 7.66166193181017 5.29798316003196 13.4060972590196
10238.21 4.84802316374089 3.44878622234534 15.7288911889191
10915.86 2.32835242687157 3.57615634513161 2.33472628584786
11104.31 3.88707441507447 6.33636797309775 15.2891738858634
11126.71 2.20218339894813 3.49085768775809 9.44379367228794
11453.2 1.81650959907369 3.23492448956574 6.8556961161903
11471.87 1.94306473894551 3.5274339210745 3.23191890189628
11679.88 1.60408783693176 3.79182975625498 5.43081985322351
11688.04 1.46740837545476 3.51093042012447 10.6791241109204
11698.14 1.5364421227078 3.77633503722521 6.63473967133359
11754.72 1.09765639319114 3.03926797119987 1.89239413714677
11927.56 0.920207161574395 3.92362682803888 2.48487523729091
