4149.33 31.0841827146431 6.6025688368867 9.45552495703851
4196.64 35.0615241665155 8.32144251688589 9.39949036327107
4351.3 11.6535991113382 3.748882408877 11.0169042796206
4493.15 7.88626252555264 4.01037388786226 16.7429256630512
4675.85 5.74782920496382 3.08295018841972 8.21170347948009
4846.74 15.3213698571577 5.40742964353973 9.60854713903882
4946.22 21.7468192777849 8.21337708906361 10.0362029364733
5060.53 13.8101199890754 6.97559778791983 9.96957814031612
5104.18 9.42910708392327 5.14011791846365 12.729603477449
5252.04 23.782068007779 11.5351655120084 11.2971803219898
5379.78 34.4410532637892 16.4299921282654 10.1126630992248
5599.76 4.61176055632148 4.18525357328673 7.6003627235641
5646.2 4.16142708474471 4.1258415159149 5.92937032430018
5813.09 5.26244742829369 5.58355997657026 10.2410542434682
5893.54 4.66877959914275 5.06442356762934 8.59827577608394
6002.85 33.8455534738617 13.4570495689244 11.3129567812775
6115.54 43.4610176564149 8.07069867809118 11.4961458403468
6132.9 46.6589676098839 8.20903281985557 12.2437140554466
6314.6 24.2826102690063 5.52996292480069 11.6366644078416
6445.48 17.9020256336998 8.7605069198586 14.7219062841214
6743.88 10.0486126189712 3.45902754622143 12.6429933072113
6788.1 100 34.8454094580893 12.4438375897844
6924 10.0329811993742 4.38713607869181 13.740213275084
7292.19 5.22012789930795 5.31782716864883 12.1138869614724
7335.5 7.31852098114584 8.57200474750359 13.4007794481413
7585.58 52.0230984310815 37.1652337803088 13.8967665308201
7837.23 59.106949314576 27.3755750137929 14.4682164369897
8082.11 5.65868515920077 4.21286364672363 12.5846074695846
8317.27 1.89799126375177 3.04977171362101 8.54321105987037
8813.36 4.36209465337858 8.00637754104388 18.1169830975268
9101.05 2.14983842373697 4.09872560830515 13.2793542551972
9227.34 1.79569248124608 3.62674905734239 10.4453173978873
9235.02 1.51624590724168 3.02559012764297 6.25382891515437
9859.49 4.48756031877139 6.21818238084183 18.6484312725024
9896.03 9.26646547024777 12.8939959893243 18.2265555537651
10220.11 2.04883681106177 3.49298064226424 15.2774480203498
10319.94 2.52240863535316 4.76615420280064 17.989906829629
10411.73 1.88967839188599 3.9236407246459 11.2034447890219
10519.43 1.35813127543407 3.19760306686191 15.7070312583837
10924.33 0.771478733256338 3.12432300269265 3.19692466505512
11259.43 0.6834201564654 3.29554541255934 4.23987060237232
11268.6 0.718451729983528 3.5085779854056 1.72591279184599
11458.97 1.57139390295336 8.61124761161777 17.0303983212743
11480.92 0.698186683277399 3.60050785350736 5.16031763824321
11760.95 0.471015183534756 4.16633584264746 1.37214408416003
11769.13 0.443176974782152 4.03033327513482 2.47101914737323
11805.38 0.497314866210044 5.28971763013449 1.99871349136993
11863.17 0.251941225998973 3.13449277274241 1.96295764176284
11931.28 0.61581976520837 9.85948151100756 10.5357086016265
11938.53 0.534212505298275 8.75955387300083 4.90940148263508
11952.65 0.329617484567383 5.64770090335159 1.76439833724908
11968.15 0.216361604917615 3.90567189459561 0.801071623900498
