4150.05 54.2375073275387 7.05917326261183 8.90875528936704
4195.91 44.3196736621047 6.51399151950416 8.63366883836443
4294.96 17.5528050729129 3.21174609052612 8.37444374683946
4458.89 18.8432701177005 4.4205689826941 7.00103215638319
4490.27 14.2340732687907 3.47824801483724 12.0220753292915
4624.3 27.2428230574778 5.31957110349018 7.92470672938089
4671.38 52.2798528841759 10.4905893131007 9.63927357145985
4847.91 24.4157190816414 5.18433304943957 6.88265165968551
4896.3 16.4218378775426 3.3720771704687 9.20463551412377
4946.22 72.1272170640806 15.6532135712215 8.83989838754678
5022.21 16.2075553018658 3.99199425606064 6.70711904352811
5060.8 11.8343507867157 3.11620070025588 8.03891804616342
5103.25 19.3785060573504 5.3634859348346 11.4180108557857
5251.77 48.8393333785068 12.8723339885296 9.99423589506023
5379.78 50.8167905484085 15.3533058900367 9.68232132504727
5471.12 9.04529778441418 3.18406908892495 8.71439634419039
5601.01 9.63920463407578 4.37759269991277 9.01436956624093
5813.23 10.6544704175215 5.54188193536669 10.5985550171954
5892.69 6.72916313124329 3.53043432674909 6.11336277889768
6003.13 52.2460708160791 14.266380822531 10.3055875117343
6114.09 65.0561071695588 8.96755238458028 10.3100062468911
6132.32 91.4331000665257 11.8140919845572 10.7934138689125
6314.16 25.0133658114867 3.35108787155465 11.3332833008717
6334.56 31.0230112522821 4.53220273527865 11.7766209899955
6442.37 24.6151398162968 6.15272593806565 12.277569984617
6507.37 10.5031680246812 3.37317992132829 9.45991479018812
6743.58 26.5094451620772 7.00181449997275 13.2188994372755
6787.34 100 26.6524558674236 11.9882619847658
7192.35 22.7293727558951 7.1042529865313 27.3427696169038
7333.93 8.69240021032209 3.29046635789737 13.1934047416762
7474.24 7.45558069049018 3.70814260425262 8.16653377762123
7586.06 57.0271946171364 28.7363406640257 13.1533648489931
7836.58 68.2444224578916 27.6556773677059 14.3408161856123
8006.37 11.0559984561875 4.38628582069968 14.5481414433361
8081.12 8.8166735817409 3.966970138947 27.3961479594136
8788.6 9.08017585825885 6.03442188882238 19.410593829587
8814.73 16.1437199782683 9.91531315872359 21.4227642115093
8905.35 11.4417553196272 5.83404443435568 16.1514263501904
9103.99 6.84177882836211 3.38492058888499 12.6913484722918
9136.11 17.3094587204987 9.03208061110099 15.568733924938
9460.41 25.6913394744797 9.94794040855142 17.7824779057482
9552.21 40.8138636435696 15.5445287581214 17.7124429416835
9857.7 7.20384277226182 3.44371578695309 18.9787854280785
9894.77 18.0469259945564 8.95093129548377 17.9561282824634
10031.36 8.65224938386808 4.62881410557547 16.3989083734814
10240.04 7.73192262602258 5.14055488604891 18.3351707102502
10411.91 4.76967699271858 3.94097919536009 17.8798461988972
10588.05 2.76679653303977 3.24156190365343 9.33764020961462
10924.33 1.94770052250672 3.66799307260096 9.61580812353168
11106.96 3.62128750008101 7.5176056358473 20.2149286505974
11256.57 1.65176923381935 3.31939960101583 4.0616856306624
11443.78 1.92720309165817 4.28055319744669 7.17854018367689
11457.63 3.01235190404014 6.93213981056625 17.7926932353075
11702.02 0.984895304135397 3.12875103546679 2.12478448279944
11708.04 0.938678164279674 3.01963289564372 4.16084417264392
11783.94 0.965731110803942 3.91364618833481 1.50359071325511
11832.31 0.680099512966397 3.15966985396352 1.35707549472136
11928.15 1.79808425720775 10.8189407114971 9.86523732021124
11945 0.750090805764272 4.66541382776289 2.31330889959827
11954.61 0.632501992763203 4.03118737320322 0.962386990189771
