4150.05 19.9693689046978 6.2518454818889 9.79438421275336
4197 13.4028885166367 4.07144775153014 8.34442029789261
4625.95 10.8694186265347 3.89003530642602 17.2568612889936
4670.87 19.5316845554583 7.71408290792548 11.5398941989406
4846.87 11.1482204350725 5.10499386977119 8.68894494678716
4916.27 7.03673849419086 3.1641823782056 6.47829986137185
4947.27 17.6056951106988 8.29728977891854 9.40880492148699
5061.33 17.43995176265 8.92381206505518 10.0757310119307
5107.5 9.1191492245885 4.7064387817064 13.4019430401258
5251.91 27.0217590886347 13.3199705992123 10.4369369826227
5380.87 22.322337835507 12.5359569449152 10.2012502921571
5468.65 4.53746632481068 3.14271584817774 5.81788743979723
5604.9 4.08998607204457 3.85611813009793 8.58708941674286
5647.03 4.95909085555156 5.13347904473727 6.22898803236694
5813.09 5.57807452277919 7.76261944288941 13.4843588249796
5893.12 3.95412295238782 5.99646716846047 9.59324442593515
6003.28 29.1502905693423 14.5408130222617 11.0141246981002
6114.82 36.9227309144785 7.80474246194867 11.4064660640252
6131.88 45.0808373010015 8.87031865582686 11.7996080614266
6315.48 24.2512121565729 5.09165940499009 11.1328996020329
6335.15 15.2017421305302 3.45644281932201 13.9925360537454
6445.48 15.4141194248858 6.83332931599831 14.2722751008123
6744.48 13.779524233017 5.51998708671063 14.933995528454
6787.8 76.0827055169135 30.5894724145394 12.738498197853
6923.69 7.53379091562258 3.79449016365174 13.7952762767327
7072.57 4.63835993394689 3.28975605894358 13.6404773811828
7192.81 6.67838156668245 4.45283379869991 13.2585716192898
7290.46 5.94471967629435 4.22309166700824 12.6029309674941
7334.09 6.42845704071283 5.06765969451007 14.2740651190625
7586.06 100 39.033446046395 14.7953413610503
7836.58 46.9649983953984 20.122367956479 15.2176676583222
8082.43 5.0366947972098 3.82320779125165 17.8803612597239
8315.27 2.24009845854013 3.16116487935835 15.9619735857596
8813.87 10.1785446372245 14.2457518655205 22.5730820952613
8903.81 5.3679604019665 6.48659274245073 20.7912794904078
9104.17 4.23507745626751 4.89851129295443 17.8539809302292
9135.06 4.93499622681065 5.71785549593578 19.5818120738331
9459.7 8.52942897883521 7.27333315618432 21.3705542538864
9550.97 12.8452344278799 11.2716410165488 20.4495359455759
9858.42 3.80918618006315 4.33026307106946 21.162086381466
9897.29 8.60682670360584 9.85977755941424 21.7772865326624
10029.19 4.19569648001364 4.72406223473696 20.5353482898245
10240.4 2.97544201693924 3.2817226478331 20.5579896643576
10316.63 3.2224202172893 3.55627529036858 20.0226377804265
10411.91 2.65524020241525 3.44553660055027 19.096949422019
10928.85 0.895462725488793 3.22577423480918 17.9254137819898
11107.72 1.68146444414446 6.79937946824482 19.1099705515389
11456.09 2.02019394975321 9.6553582449048 23.2601599104091
11766.4 0.357282420339865 3.41041775345532 3.85636964633341
11790.37 0.336450808200552 3.5983445205114 1.93882319874501
11797.19 0.324572435910934 3.58998581790522 1.28701200340038
11803.23 0.301774611501799 3.43394759837645 1.96204205284266
11812.4 0.371717436881496 4.500038860028 1.07285872905049
11933.24 1.07244437968555 20.026818364984 20.4836748693033
11955.2 0.310725370347723 6.24761594809572 1.44951990136542
11972.66 0.154896234697441 3.31221909565061 0.913466702408186
