4148 10.6747414570953 4.01052997096408 4.38908276599977
4293.85 8.5039144330307 5.31803457599456 2.59706590158294
4321.12 6.10784265996105 3.19605679409725 2.13683120418955
4669.98 23.1590840265236 4.03766802587337 13.0796085056572
4948.58 25.8578309498679 7.75343877085119 10.4714081877428
5060.53 19.5157232016733 5.87848987302558 9.19901516216578
5172.72 10.2916544180585 3.35148651081323 6.37211645161278
5252.99 25.652664486536 8.74021547547277 9.18612180639593
5378.28 16.4833077362011 6.62288430372219 11.755861266246
5466.59 7.49949314814066 3.30462135625217 4.21199358161084
5806.88 5.53713725976817 3.00375559581234 6.11038247929719
6003.99 16.2818860973426 7.45611497892645 10.2790577117348
6113.95 18.2677478317662 4.65661320899705 11.7067890501185
6130.87 30.7025741840368 7.34287588870212 10.8018773945632
6188.73 23.2380117068912 4.6730092336215 21.1958135576961
6313.86 16.3868823585888 3.45111572119776 12.6775517757605
6337.5 19.6893579193615 4.48787447839339 13.6463167052852
6788.25 36.2950308597609 13.0352063535206 12.440647318459
7150.2 11.7083889898015 3.27450336136069 11.8336364606366
7175.22 16.7154750880406 4.36910046536805 30.7707598813822
7585.1 100 25.5996612032744 15.666919244436
7638.65 22.2376772893906 4.80454543432214 18.7536549571651
7836.26 24.4999971303314 8.09194591022221 13.590292793011
8131.13 6.14039332279921 3.19877268263494 6.73312176874242
8793.55 3.49371906095585 3.5204216201012 1.79390236759718
8808.92 6.0390526832907 5.93047581755392 14.8624567488569
9058.78 6.55156041880734 3.42858541610431 17.6730763968444
9135.24 8.35664916885728 4.04581000632234 14.3564054472645
9401.9 12.7848679955496 3.84519178537073 15.7559680900686
9460.41 15.4734332017817 4.70986360997944 20.4010856332607
9550.97 18.2301359102723 6.24550739645992 17.8415703262926
9895.67 4.33160214759543 3.59276481721761 12.6694259313535
10028.83 4.09473130337715 3.32101087759581 17.6009343056376
10316.45 4.06295401248746 3.29338172751474 10.8231085916614
11105.25 3.43475244855753 5.1005689523504 16.9091805133121
11131.26 2.18128974754285 3.15577931525325 8.28162386117583
11481.89 1.86698339645205 3.07273803154232 3.1293949684914
11715.23 1.40111114406742 3.14263201488955 1.15060233618897
11761.34 1.26527015289029 3.18981211033296 2.13810601844489
11781.6 1.18918485941773 3.1666776607525 2.06973197791558
11927.17 0.866748012954305 3.33036854419283 1.01270704434501
11935.79 0.895390439326696 3.52928469513332 1.43981611418531
