4151.14 48.1516972643759 15.8151121839815 8.40938614039442
4212.54 86.8133890644753 25.8928010536321 8.16636560797815
4284.17 44.5213026522083 11.0654859733687 8.26662291592856
4369.08 20.3413601930901 4.38383710018635 8.39998451089468
4493.65 8.78154885100719 3.08919233635032 8.20927134877093
4588.82 12.4351436383548 5.10826096896379 7.9795690171477
4635.73 8.76588317435646 3.31830767342362 6.09133791464501
4672.53 21.2730960394806 9.0753945007131 8.54309952877975
4895 13.0304818657626 6.68963536102828 8.38742124856253
4915.75 9.25852382894314 4.48068076942851 8.20383273474454
5057.09 100 26.5506722629998 9.5238657819973
5284.15 34.173751271863 13.3913891157054 11.9666782674894
5381.55 40.7827208599624 15.7520402027011 9.53451776786278
5615.59 13.7306884226744 7.27800203596416 11.2121365789299
5632.56 6.38564139907616 3.47201766113039 9.79758479259181
5755.9 4.82656176572107 3.34483495715349 8.35503684188279
5816.48 8.00913002450404 5.79282576690442 10.8031240883365
5931.54 37.1174036476107 26.8037118931234 10.9886556442852
6159.7 61.3605536508251 12.0799759820877 26.0700664870037
6243.78 26.4454110742893 4.07444608029159 16.818825747474
6275.49 42.1470692036019 6.48306160538599 12.7991770291146
6316.36 17.7621685222906 3.09308282969716 11.721673739984
6447.85 13.044560615163 4.45657206798679 10.0536627232041
6511.39 8.65556776874489 3.49329139522732 13.1778108560793
6573.12 30.5676429743885 11.7278322520179 10.9889429498144
6788.71 82.1695862843725 12.133861256203 12.3956396444682
7106.46 18.4322977596938 4.27123231870033 12.4668032883237
7150.04 19.0875141343642 3.93215095953311 15.3969946301495
7252.74 30.5112838346439 6.87947451250742 14.4110242889592
7600.11 47.8805677196718 21.1350017032498 14.5186393560807
7819.74 14.9084830199117 8.33067961373437 17.1160596636073
8022.41 8.34859246741202 3.02807513573513 28.2580083672028
8426.28 4.3419681032348 5.81471377178902 15.4348943171226
8526.18 2.85093640986348 4.07512929758733 18.5885650514847
8707.18 3.43526236309615 3.29722615066835 14.2828421344202
8815.58 16.020673009604 9.13128663914188 19.6201301325254
8961.76 9.28242016064132 3.30233145321614 18.3245832091779
9064.14 12.6674974518681 4.43999179029596 19.6914349464914
9390.81 17.5099172843897 8.88317235539187 19.2217838063261
9554.52 21.3802725440772 13.0461271791181 20.065705979905
10032.09 5.78071618453624 5.26327961366448 19.0715200989489
10580.43 2.35825661483576 3.5029052297407 20.5209261453674
10877.1 2.05614025308843 4.78805382803123 15.1550402097382
11394.97 2.5133573864767 3.97128550031774 29.0324562138594
11690.95 1.34350835145119 3.23516064598473 12.7978826862363
11857.9 0.722410916719896 3.16059041525377 2.05506260383481
