4151.74 53.5520297781057 18.597184450865 8.66720419612102
4212.54 92.3127180457587 24.0682147594034 8.17564722693987
4284.9 71.9235753506549 12.1527371697498 9.13970705114389
4369.21 37.4202863077318 4.94226199370014 8.25969254508436
4443.31 22.5167999239177 3.68231765165204 9.30694647319342
4589.45 16.7816273312777 5.12230066975136 7.72801934445761
4672.66 34.171784423323 10.4089787679382 11.816400917076
4856.87 7.5390789369688 3.49400426013875 7.70478008717964
4897.08 15.7502132365808 6.51202804646657 8.01472862379978
4917.31 14.9663049763855 5.8596040123117 7.9619402582257
5057.49 100 21.9886450183221 9.72354251068191
5078.29 61.663321431002 12.9829590334246 10.6847529660708
5284.55 62.6991328020695 18.7608938643856 11.0041520392642
5381.28 45.1715809715376 14.4697290164633 10.0610203187498
5615.87 16.8627886751132 8.39950362094429 9.79863357469276
5756.6 5.36774039501858 3.60441064756194 19.6674399619851
5816.9 9.60147748839707 6.46989737083189 10.0671860942111
5931.54 46.3873949130697 24.7633806848755 11.32879920301
6159.55 74.6362421412803 14.1083468479217 26.0724403525728
6244.51 36.0806136108568 5.10323761449822 15.8781236464974
6275.78 42.3763958995787 5.75595454389214 12.93408225447
6316.07 23.2864576894828 3.28822548945567 11.6082529832593
6447.11 17.2939990655604 3.71172015196331 10.8571911690806
6510.2 12.4492598713051 3.27466208653196 11.9792585268879
6573.42 44.0692955289362 12.6811707796448 12.572259775
6746.9 34.1051071299847 5.25795269630179 18.088363136826
6789.92 91.904892947554 14.6059118228025 13.0794890648958
7109.71 46.2136716895188 8.39146464706074 13.7724059345892
7150.04 26.9688408587693 4.45732248014252 17.7922810820082
7253.21 28.6134513178549 5.89695641154643 17.8165104998716
7482.65 13.5671888614482 5.25476464259063 35.1985908472107
7600.75 41.9472514996071 18.4006698737581 15.5544061313367
7820.39 12.1056461147081 5.20891695204324 20.5569701988279
8010.13 17.3125675755076 3.66477984129272 25.6044973632006
8428.46 4.17668732298224 4.84266818820556 17.7766416063241
8528.88 2.74549253472173 4.0624373700193 16.3777696899779
8708.03 9.74879827712842 7.42377253433105 17.5848706478391
8816.78 23.1896723379295 7.90940237638647 23.5403831624244
9390.81 19.1710889389035 7.35357711162237 23.0909303749759
9555.93 36.1962706038974 15.8692946890212 25.3797273838991
9913.15 6.35861210386619 4.17117650800464 26.5314393763056
10034.99 10.7216399456391 5.90469602957072 25.0111658672995
10155.31 6.69968144602191 3.12778781756272 24.1763967220868
10414.31 5.55812899672466 3.47577472124008 26.1720241451658
10877.86 4.58470667274079 9.33748272003475 28.3598621276014
11402.65 4.22451985249119 4.92966481635665 36.4984905124584
11698.33 2.04608322532233 3.1993412902177 29.7651351735749
