4150.17 48.2990474126919 14.50884571759 8.88429486436326
4210.48 100 22.4211332805519 8.57887133911299
4283.31 61.494611077704 10.5051173611455 8.69395252927734
4367.11 21.905454031831 3.51898767690095 8.27304417285268
4491.78 7.47539860570886 3.10776933473144 8.06315786782852
4586.92 14.1469700945089 4.89842311692843 7.98913479731982
4633.95 16.2677525303814 4.06605813012601 8.99334007775997
4673.3 25.2114489877056 6.58547944182886 12.3265916777473
4894.22 11.1769601592224 4.51019011985261 8.17882534238197
4915.09 7.76724285919607 3.04878673318361 11.3888814732272
4977.31 11.1868501139022 3.18085688611789 6.16497606252688
5056.03 85.5928362320396 18.0389288801379 10.1888802569802
5075.64 48.4240784573228 9.78076771942484 9.96611547513203
5281.04 58.5261412428345 17.2154841007513 10.5530918019695
5379.23 34.0688258410658 11.6368753741686 10.2513735157936
5613.23 17.5502564563086 7.72380556690961 12.3887663130372
5764.05 6.09800748867316 3.36788231377651 18.5290750478043
5814.93 8.50390855061588 4.88883688207067 10.2131213147541
5929.11 42.1023781174871 24.5074017581174 10.7140873003
6157.09 71.661520387886 10.6135056771111 26.495100018009
6241.3 32.1534502092153 3.82897418887881 17.3764871293879
6272.42 48.7370874146095 5.79407890198692 12.7928836663632
6313.72 23.1361289164804 3.17304386924788 11.5297290176504
6445.63 11.1109818479497 3.18241123240246 10.7929683422471
6570.13 33.2768460296588 11.6061018820514 12.3920602107792
6744.33 23.9656409688664 3.54883791896679 22.0807561866159
6786.89 69.1249719321635 10.3230965563777 13.4569422902605
7104.75 34.9367657655391 4.35668913754988 12.4259329442521
7147.09 38.3453152844203 4.42681913371866 14.5947041809086
7266.81 36.983514790028 5.52288188220911 13.7390229443845
7480.59 15.8140774608651 4.04565341661346 19.8455717959796
7597.72 41.6788147075742 12.6175301447832 15.4055200698831
7816.18 17.0271073007308 9.08123201538362 19.8150476092433
8017.17 10.7256495504827 3.22797528422426 28.5145492993506
8284.01 5.5712884960938 3.81768181320352 12.8616370824348
8422.43 5.76263850125618 7.96614011730753 11.8824319299692
8521.64 3.71612686545153 6.25304265063043 11.554894550256
8704.97 7.84393377846191 4.76140321129324 15.0826067964263
8811.65 23.2991836713973 7.49440663011902 19.629800913026
9059.81 20.9916223598982 3.79683170893441 22.4824240852522
9385.53 24.562638727991 6.55984811749468 18.4260758879063
9551.86 22.1481631026325 6.84169727143675 25.0053570274868
9908.1 5.96324474237948 4.65403003868336 18.4672627816581
10028.28 7.42017650979415 4.19411298944708 23.2341932635391
10150.58 13.7262118803635 6.37874736453477 18.3176266404007
10208.78 7.94493245672819 3.73241317347313 40.5399478558247
10568.37 3.70366748098492 3.93955675971415 21.5230970326593
10872.22 3.85950586318128 4.72745936987733 23.9294959289946
11123.86 3.43072092845754 3.75776316092405 32.985320827298
11392.28 4.45752404010198 3.09841629190104 33.655808778798
11685.13 3.48383077187486 3.80821822346997 25.7286436406794
