4150.29 43.5532127455085 8.31813640748199 9.35696128975997
4211.09 70.7883528995771 13.3987739608181 9.62074251779995
4283.31 34.3826074146631 6.325440940062 9.97849767821936
4367.85 24.8306585887615 4.3275140988775 8.19269698977587
4492.03 11.6868632877032 3.34872884321718 10.2394006764389
4588.82 15.3504393865545 3.80485988563305 9.6754943111855
4676.36 25.4819965938365 5.50129621250324 13.362831421663
4892.78 12.3571221262029 4.44384769344291 10.3430637285655
5056.03 100 25.5120689465257 10.8107314876361
5282.39 42.9331068881187 14.167391956407 12.3727646004272
5380.73 36.9176836412101 12.553542199343 11.7392248931801
5615.45 20.8238813606936 11.0612511007628 12.5936787291139
5755.2 5.62306621096676 3.81196580316264 9.62735039526797
5815.77 7.22016554963316 5.13346387139594 10.4034262393416
5929.26 33.9971416109763 22.2691152132766 11.9886178876004
6157.67 64.0096271248724 12.0918948365725 27.0486127736212
6241.16 25.1123121300591 3.48051642813248 17.1940858120552
6273.88 40.2746479896921 5.39014728225021 14.8939393392466
6313.57 21.0645505169339 3.07487710094633 13.5282848071001
6571.03 27.5121675469022 9.09575144155202 13.3673706274094
6726.05 18.514718811328 3.30731243129139 36.4218793219625
6787.19 70.4108270528921 12.0349630997725 13.8558991571399
7104.75 21.7178920239985 4.27992251690372 13.617044055557
7149.26 19.0379344465979 3.43040954704936 16.3730177891166
7249.92 30.56942078672 6.2946455047872 29.8927214564792
7598.36 52.4305877997326 14.0750049183646 16.4538526348852
7818.29 15.3562595872595 5.76217932588154 22.8119035863283
8422.6 5.05157952288388 4.52189747980125 15.5354654109888
8520.8 3.73440083936534 3.51146069064459 20.2158019842136
8704.97 4.15694032613462 3.5760672541447 14.8248485906242
8812.51 14.0137982604062 7.40996883097882 20.0966908529244
8957.8 11.1662040100542 3.80361842200737 20.1258323355905
9062.24 16.7363138868617 5.78751662469179 21.035115736433
9388.52 22.6421525129442 11.5368043299001 22.1575065207217
9552.57 19.6227932313863 11.7237270229841 25.2043777736126
9909.18 3.32522824250498 3.5084617520981 18.203562462395
10030.46 6.4473672778841 5.52501106438217 21.1700281560388
10572.08 2.84094376335392 3.14146112213197 22.2010933741949
10873.34 2.89294117013672 4.99987601927982 18.7033057680037
10970.52 2.1292371586084 3.57863245444938 18.9048310790258
11390.17 2.53643364148864 3.31628932883744 32.8637687105056
11687.26 1.66056900468024 3.48372084921493 24.1353426127898
11855.75 1.00174654054211 3.64564668385619 15.9589481205167
