4149.69 31.4473123240474 11.8991982564544 9.05147099673195
4210.6 96.032403682253 32.5530905263298 8.69189145432938
4283.19 39.1369763520192 10.14086585038 8.48764961205416
4366.61 28.9901540732759 6.13726049083319 7.79455008438072
4419.66 15.9838444240263 3.80236907737661 7.3019815119651
4586.29 19.300307059601 7.4486718224607 7.30418328710493
4632.81 16.371753998073 5.19811618237773 8.64202048553761
4675.98 16.914568600803 5.68585404480565 12.6354081796053
4893.04 9.21003331913241 4.86582049024138 8.22107564856196
4914.18 7.13763719590915 3.6077751335802 8.72117165677173
5055.37 100 25.3172040441189 10.0150067670547
5076.04 26.2939376709914 6.33121562594942 13.4806197695516
5281.04 54.9155778354866 18.6655048333617 11.5321682322083
5379.91 28.0574850375244 10.7312841073236 10.1010846316558
5613.37 16.0656269838997 8.83308649271205 11.402164397151
5764.47 5.43904131928998 4.12180278411937 8.14749037754791
5813.37 5.05038346338163 4.04415911320253 9.96362860942372
5930.25 32.7575282719631 28.3081411214117 11.0945671068166
6157.09 72.6507580412074 14.2687293760918 27.1266681073312
6240.72 18.5097659064324 3.07213449457619 16.2954641145116
6271.83 52.5657534193364 9.07798062424732 13.1553642081481
6444.74 7.16846369928478 3.23041889451346 9.59230900674811
6537.89 5.61735370118784 3.22629596651411 11.6180476906447
6569.83 26.8487848369575 14.2338420662247 12.3793035833805
6723.48 16.0169257339564 3.76983834813992 16.1072879953035
6750.69 15.0668850770714 3.20696984340817 23.7884203922913
6786.89 45.9561655969924 10.1945035160863 13.0720508853483
7147.25 38.4620448365269 4.08003128455341 15.6769806164084
7266.19 45.1446066697023 6.3426231576902 17.1480826460001
7596.6 45.8010066842096 19.2664687495091 15.4695922091532
7815.37 17.2783332017837 10.4877658988863 16.3720223497594
7970.25 9.51736298107486 3.80261394064745 16.5324901909089
8017 9.57479702926142 3.81769704239474 24.7890657755206
8187.4 5.24701370847883 3.03830048520372 15.6044460750309
8284.67 5.38373497780694 4.82068272448997 15.5345547053075
8420.59 6.65242627837296 10.1106060539178 15.2933553788862
8517.77 4.52236993041872 8.21319007131477 16.0555781650055
8814.04 19.1306656980653 7.42225736225675 19.8533396677922
8956.76 16.0298145948132 3.83442779555766 18.9387147761718
9057.74 26.2203399152187 6.05820780163879 24.13017718214
9385.01 31.3393564199016 8.22675629802242 20.7530695347468
9551.86 14.9767167259363 4.7775402532298 23.4537746913975
10031.55 5.79518637977584 3.82910656518788 23.9583099618485
10153.31 8.46805468268439 4.54553243811781 23.3961444406905
10209.14 6.84259911521343 3.82400322222213 26.24466410883
10572.45 4.47875047835527 4.49686510065352 26.1477798862943
10873.16 2.34044643904197 3.00388654815253 18.6232864512222
11123.67 3.71649282601831 5.05231076355381 40.3503853582733
11391.9 3.17177836158961 3.21418683212659 47.1730212915863
11681.44 3.01476589613196 4.61488358106144 28.4774589514709
