4017.81 7.88062000051494 3.06393811540498 6.37573627668871
4151.62 65.1664587143911 16.3188538999057 8.157086830548
4213.15 94.2648540259886 21.3125759308016 7.62952766660965
4284.54 64.3342090013498 13.0964011952732 8.21707642992806
4368.96 19.6701250446369 3.83774724175397 7.31887498826654
4442.93 13.1846324813573 3.25791910232424 6.53333662127534
4492.9 9.67462604321254 3.24428987468995 7.78399246021218
4588.95 12.9496265309018 5.3950382127937 6.45585104207021
4673.17 32.2960562715183 13.6703377080751 7.91411399662684
4896.3 14.9692039141846 5.86035876933617 8.15490178792879
4916.53 12.1914882949745 4.55443803637929 7.44559866633062
5057.23 84.9059577663422 23.2096905093765 8.58209521498884
5077.36 36.862315886648 9.93772848005968 9.73091341888812
5112.16 10.5487488510054 3.02884644370242 10.884758729836
5283.88 44.8319791147081 18.9939924395116 10.9658815666844
5381.96 47.8916673156751 20.1277686790669 8.56678891443244
5615.87 24.0869774116217 12.3829897155232 9.31586749548751
5754.91 8.37532724872259 5.37420234871801 8.80616942397683
5818.03 12.4346052189575 8.12583098131661 8.93366288639027
5932.39 39.7928705118682 24.7845530086855 10.0268773761163
6145.35 43.4396448692727 10.9426499323025 10.3601874320984
6160.28 53.7662098238796 12.5295919412397 11.0194285190801
6244.8 42.2563555802932 8.06592199874241 14.7435843500889
6275.93 38.7214447554382 7.27119047403372 11.1212699656371
6316.65 25.065244461945 5.10125417035251 10.4076506249367
6446.81 17.5760382577815 5.61991195650779 10.5934253162795
6509.45 11.9102029394864 4.4018734100416 9.74589806456424
6571.77 36.1640116368937 13.58148483498 10.4973680447802
6747.06 26.5786370554326 4.94879535390809 14.0602714525039
6789.01 100 19.401901273246 10.9864637489554
6924.46 12.0764784163721 3.29913575644831 13.9107835099303
7107.85 21.0885847069869 6.46808145390432 10.6717903649414
7152.37 11.8346469717861 3.29679981783448 14.2928596178936
7251.33 24.6566941765367 7.94235882989314 11.0136226872282
7269.48 14.8700993887626 4.98520609244846 13.9652773123416
7488.36 8.09016645100148 3.20280768006496 12.4814356256475
7505.18 11.1025989981798 4.33353510505888 14.1317126968479
7599.79 45.8712796848081 19.8624767368131 12.1627273289132
7819.09 16.2470195363311 9.69322948533522 14.0924099833956
8005.06 9.0142443264194 3.75619149555587 26.1335954792885
8068.15 9.08938483730751 3.96069269402075 15.4647286798872
8426.45 3.55501773169372 4.35284503116905 10.7639477592675
8708.37 6.48117961789196 6.05025046085377 13.4262362400441
8814.22 18.0812427571003 10.1815174500456 15.8153369285355
8961.41 8.10599430554637 3.03522057540768 21.2986317660889
9063.62 9.12720051141541 3.53230526683274 18.6488657181144
9105.03 8.29302595912821 3.45305439650184 15.2389015561821
9131.07 7.71077886403669 3.37101282884986 17.127887798968
9389.4 14.6981377437176 9.31016342738102 15.6150555750664
9553.27 31.0092414489084 21.5690228725164 16.8887476136679
9914.05 4.02628439618477 3.98657728477912 16.330365597245
10033 8.2405802683108 7.15516996997632 17.388248000243
10413.02 4.3830521433142 5.23144956589098 18.8017080197751
10576.35 2.53221628764951 4.31023077610039 7.42068410027241
10877.48 3.06855759143779 7.15558754891309 16.5610844196653
10964.67 1.5350663502597 3.44799106514926 10.6637880679536
11393.82 3.25854977961932 5.67358705462501 17.667308039423
11462.25 2.17909577113429 3.66949837324157 19.7148445979783
11695.61 1.32753999640826 3.310461158633 3.55913330500334
11826.26 0.852155903921521 3.15326249066502 2.94914956295725
11834.26 1.04218952773536 3.92211200782621 2.27080476982883
11856.33 0.9792570060972 3.83954709503621 9.24915561861417
11874.32 0.855142680216621 3.46882357451062 2.16804118692562
