4028.98 6.31805983936951 5.58144864236197 6.19764921229216
4123.9 100 41.3660467653215 10.8530696600537
4225.33 11.5221912926014 4.85790782203049 8.13236347610382
4280.28 9.22005903429123 3.76810101637802 8.65203857895085
4306.03 12.1038553090651 4.72059800601845 9.78389503277867
4368.26 17.4168347119442 5.85251846180047 8.07521620852549
4378.65 19.2164781696129 6.46828652091015 9.99004236912333
4531.38 10.5121485437358 3.49813050387829 7.21098111475931
4583.21 14.9340485832528 5.34263939827458 11.4256862151979
4611.44 20.6393991149518 8.51584695806111 7.6079173764474
4809.3 6.83863812025349 9.07917277487652 8.39146653288935
4974.83 64.5515118690987 11.0376889083887 10.689500743626
5015.9 22.4379547445284 3.29425617272593 9.11904520928965
5048.12 42.405196945121 6.49021672830963 10.5505694276726
5287.99 2.42555997878497 3.05832421796477 15.5098401687792
5325.09 4.66418471948888 5.44617007401319 9.12894347732527
5440.5 4.41150355817859 3.0110188618374 12.8955868931653
5474.38 7.56384952474197 4.97664723275663 12.3264558953015
5585.45 5.97002043936243 4.80178683580056 10.4792708643881
5737.92 4.53328574261386 6.55806536430118 14.898078639264
5974.83 44.3899539956772 24.316642836651 11.4742910320201
6056.89 30.2313594596704 11.3222985745361 11.8647229625158
6151.65 38.4871523694912 11.6464413781685 11.8665857569522
6301.05 23.8826776474999 6.20017151178748 12.9298814126396
6347.74 29.2523243227361 8.04014105133891 23.3290410010195
6645.92 15.3199131496274 12.7536060502293 13.448161545607
6790.09 3.665694587897 3.23567932867056 16.5388437605297
6821.22 3.54681430840547 3.30068347778232 14.7310126552366
7023.72 40.3583226416758 11.3332862296985 14.915198789412
7100.8 53.7431950251471 12.5529232349592 15.6776113957931
7704.11 2.75440650759748 5.77675345350164 17.1900600309082
7957.41 6.83660354080153 7.32422638462744 18.3380840902746
7985.66 8.32007974893926 8.4876209741494 20.0489752906478
8012.32 8.59472930928908 8.97512752801205 18.6469214767258
8292.92 6.24087758007417 11.9418222276502 19.8761372471363
8681.02 10.5620578094664 16.1602468997991 20.4165231886636
8836.3 12.0896093269671 11.2951970985951 24.0571573658362
8980.06 19.6591678037354 13.5293790067866 59.0938733890271
9278.81 8.88633905426062 3.29105728456937 22.5576955411616
9384.41 15.2053182494128 5.81438428588562 28.4836352477287
9438.3 19.6487845319717 8.00871939095384 23.7043562823092
9826.25 5.3344304355395 10.5505505845411 23.7579775768463
10229.31 13.4914789051366 10.8404582090393 32.8388167839275
10349.6 6.49701925000992 4.71187459214643 31.7771478118775
11057.87 2.55887662153859 5.52648386893637 29.6263195333577
11124.82 4.58333530493297 9.10768486067438 32.1301492262282
11342.1 2.76047503870248 5.42870960912857 30.0100351476867
11641.97 2.14517272135809 7.31975071916357 35.0863690289298
11998.74 0.556781342155938 7.50759219073645 3.49636390751402
