4123.9 100 27.2856188859992 11.4361256959883
4225.33 10.2889485235261 3.35683866636094 6.45153143981952
4368.63 16.7229356155509 5.36921401110693 7.38127954956963
4476.44 10.178402746609 3.38135245585782 9.03020808154997
4583.08 10.525796169041 4.5314565355502 11.2643612093661
4611.32 14.9025381392673 7.36093983414472 7.58262787685635
4810.46 3.80095998598889 4.64066375500628 8.8654278691065
4975.62 61.9767297309951 10.1139297599941 12.0242826192225
5049.18 40.1438766440918 5.92829101593871 11.9906765355863
5290.83 3.22976758170897 3.42318422585005 8.36329081076292
5295.3 3.14117199390085 3.38055583201494 2.11009392367941
5326.58 6.62828138007099 6.72268812201664 9.33290195610971
5399.49 4.98402949723505 3.72258414060846 10.380669428504
5473.69 4.62899098547381 3.15643497637585 11.6061288783021
5584.76 4.28168965626588 3.46904802519012 10.1611185259308
5738.34 2.98989665887607 3.46205168742559 15.2657471418652
5976.26 45.9604564169851 17.9490616683426 12.2852155842438
6057.61 29.8345895856221 8.37127645028913 12.6167324018279
6152.08 40.060210858909 10.1101069298706 12.7632096392381
6300.61 24.1309546324408 5.70809099436395 13.9989247839303
6348.77 23.980172763685 5.89941274926507 24.1301861440543
6648.18 14.6903175882946 10.806013655403 14.3853623058294
7024.64 29.6165787060268 8.75247673208837 14.4543947378288
7101.42 44.252125228591 11.1840709293698 16.7071898965341
7450.3 4.23197120452037 4.52863552783736 14.051789692573
7710.38 1.31817368090062 3.10915151931325 3.79901971548134
7714.57 1.27685160935576 3.04884902246652 2.25169912632555
7958.72 6.0546103970925 7.26125901177931 22.7454199876502
8015.43 7.68821523739817 8.50932491221882 21.2124367333563
8292.92 4.09184928410007 6.28858438644597 25.1827709940026
8683.06 6.28197549333597 8.65078957626173 21.2019487253619
8835.44 8.0836895587656 6.26305636584536 26.9137202890033
8981.96 16.5822547567743 9.09655385041041 60.2787588022129
9386.52 11.2373174412869 4.45352558640685 30.0345626838443
9440.42 14.1267972692907 6.14731416079733 24.7875338118265
9828.23 3.0378386283622 5.59081848924918 29.5599435397944
10233.7 8.63308974995899 8.22448884731171 54.6133613180009
10350.33 3.98224828418895 3.53373003296781 32.032142776241
11062.42 1.65867958825753 5.08231308977305 25.4856873313274
11128.43 2.97305779500181 8.13630374940817 29.4597150775553
11345.74 1.44894095988443 3.55063528814399 28.1001180722997
11643.52 1.1191680788965 4.63066798590397 30.3753958688158
