4028.5 13.5789048014125 4.1691440887534 6.20185010995874
4123.42 100 20.8628882623492 12.2002531859816
4225.09 18.146603574686 4.30119504028987 9.10281437325011
4304.44 18.5984535878626 3.82850960706243 10.7770435687107
4379.27 27.715653503297 4.56158766047972 29.4787372003711
4530.62 17.8254463882611 3.20991689473018 9.04513867274181
4583.84 20.7209724464299 3.90922280125804 12.5569554450658
4611.32 27.4255036447761 5.80609493617882 10.2794308746506
4808.14 14.222981662217 8.22172432925464 10.1131473851601
4974.7 71.1463446341887 5.96322956965737 13.1322922023555
5048.12 62.5561114160624 4.62873243069448 13.1855432844923
5288.13 3.96128899457152 3.05977386835666 4.69869781541092
5293.67 3.88115330791475 3.0516198315529 7.7217659436219
5325.76 6.58717326617247 4.42447091065369 8.29763724187978
5475.75 14.0050128777437 4.41706655200139 13.4977325099662
5739.75 7.58689198937062 3.72563626167789 19.1060303517597
5975.26 57.3287809562115 11.6690501445702 13.5445404139464
6056.75 54.6973797596294 7.77757060497472 14.2136256861695
6151.36 58.9589477670423 7.1326943202451 14.4411582213688
6299.59 48.7457258595653 5.0791423840909 15.7762384852476
6348.04 43.9405127212417 4.79198389037863 27.6042564865866
6645.02 19.7773498856756 7.07398306829086 16.4977043234876
7023.87 58.3185075287684 6.75544020708393 18.4320875550266
7101.11 85.0754684380871 8.36635931510721 20.1868612174612
7700.09 4.60810643312315 4.39551501459493 13.5446610965364
7988.11 15.7794528355742 6.6181084657222 47.8994417717013
8293.25 15.0787495721112 9.94055475397468 24.3905411349951
8678.64 16.9469196238954 8.57450303967648 27.4496786187028
8839.55 19.5379179982318 5.92451761187555 28.4854908075249
8979.03 33.6474936071506 8.16394507601277 63.8471608202599
9386.35 24.2788581157446 3.42107421086465 41.1792117767764
9436.36 30.9542018934793 4.69974739431369 30.2098473245969
9824.82 13.4023654242705 9.24537467922332 32.5997889994796
10226.02 23.2963040407896 7.63938579088073 38.9639411668213
10349.78 10.6015880434437 3.18062308694725 40.8478479772675
11056.35 4.37577408436265 3.06219804329168 32.3512360870045
11123.68 9.13848017277817 5.8795820512108 38.6739143620562
11644.88 3.84322353973229 5.24087033256659 41.0463701658082
11998.74 1.17792494371207 4.87335175434978 9.93346455398023
