4029.46 5.07677839317608 4.76829461867496 7.98294807759885
4123.66 100 41.3911761868965 10.5882162426487
4281.26 11.4897404213586 4.77052111142913 9.47234046722133
4305.05 7.69173228673709 3.20639343330508 12.2615953291715
4381 11.4458697831035 5.06470293748746 31.6845286296339
4531.5 7.15581408310327 3.46543264178288 10.095570156348
4583.46 7.07008435767912 3.44677785357015 11.9479990025411
4611.95 10.6180968941988 5.76182791429921 10.7708432586278
4667.78 4.1786358703657 3.11415098968714 8.65671864941578
4808.39 4.41763518698487 8.91814062130026 12.2867826660859
4973.65 54.7747069600585 11.6729548730743 11.5870183359693
5048.39 35.4021892453281 6.73081028473809 11.6056873366606
5289.89 1.46133063859984 3.41826917254492 7.22488954284745
5293.13 1.60363516104468 3.89367276475732 7.77807521017075
5477.26 4.78972370580911 5.31242549064162 13.7578137166165
5586.98 3.86272144307197 3.84866750647548 13.0818099600829
5741.01 2.65284596701125 3.93893929407222 11.5782777194254
5975.69 37.948293746058 22.4813963380824 13.5532426444142
6058.33 26.9481250109267 10.9406598071151 13.6920294494093
6152.95 31.1288715975204 10.7349645708275 14.5034049028336
6302.23 20.1919703358126 6.63095973653837 15.4431674173657
6348.63 20.8945371425548 7.40232234878725 25.7523282240127
6647.58 9.32486533265507 10.8930130419119 15.4723569473936
6722.44 2.66316175972507 3.09975076772151 13.8454287518671
6795.55 2.8088587723215 3.51965272711102 14.5057175492375
7024.18 20.0571552822832 8.35977865198646 16.9286469099634
7099.25 36.7578616271773 12.959455995784 17.6529016137729
7705.88 2.37118719934443 6.5892454756272 22.6457794689013
7958.06 4.25178301951029 5.14811960428867 23.2388384119358
7985.66 6.61965728146539 7.73943910665581 21.6425738837497
8012.81 6.40627952196583 7.67981651226868 21.9883517728767
8293.25 5.51003462710239 12.6447155291744 21.4786438421597
8681.02 6.26213356694902 13.2478525774383 21.043162195594
8836.81 8.51990936437503 10.2060470307425 25.2668954845412
8978.17 13.8976877338659 12.5138646467992 62.0629732542693
9277.23 7.32610040869414 4.11761538047018 23.2544678395025
9381.07 8.21477350472782 4.30249657157674 28.9091127648153
9439.01 12.6283703682128 6.8120086595497 24.6259969965995
9828.95 4.30829721841872 11.0659635027469 26.3682438917458
10230.59 9.9376155275112 13.6098850604585 29.6176483992185
10351.8 3.62413160309382 4.45109491356837 33.01183240713
11059.76 1.53673315521444 4.61851986521763 27.5676437814236
11127.48 3.49684745678017 9.31307138688217 28.4913218517358
11341.71 2.04163508413268 4.88447048151006 31.4900744897986
11648.95 1.15013203158892 5.19977642933947 32.0743659842392
11998.34 0.203382249718097 3.99540275422438 2.84759799515632
