4027.91 6.12422692670281 5.59112091987217 6.80966842897533
4123.66 100 46.5031758633563 9.53836384920396
4226.06 9.2346205434627 4.88992273394378 7.7254599193393
4280.03 7.50986349877559 3.97610807806124 7.63277732548704
4303.45 8.49092312894394 4.32981418283104 9.19565275974401
4367.64 14.8716703009175 6.32697764712799 7.2085786893058
4377.66 14.2826476502898 6.06962433079446 8.97657177933979
4529.74 8.7155214958383 3.90001649756096 7.42273888096588
4583.33 10.4617482570611 5.08023453096412 10.2960548200126
4610.43 16.8365566034754 9.27485326344826 6.99958197752949
4808.14 7.83913123744871 11.7966055167646 7.55450611480137
4973.52 49.6157929704729 14.3351098903099 10.0027990676754
5014.32 17.0202367634516 4.2166494299718 8.08101189420177
5047.86 33.0069179556606 8.47086363688 9.87240747637588
5288.94 2.31442212569786 3.64128763904851 9.0365162624812
5324.27 3.59467122547978 5.45815226381391 7.3854351915179
5397.99 3.36867477725533 3.62112944835351 10.1928355339423
5473.42 7.88867680337183 7.02406673370566 10.3228999519497
5583.24 5.0940823391 4.8596186344399 9.82929826809141
5735.54 3.54128397718612 5.35752046331742 14.5507616474024
5973.54 39.4223481268066 25.7718017971823 11.1029715581899
6055.45 29.5294124232203 13.7348305888451 11.1053717542163
6150.49 32.9665088718414 12.6653209207682 11.0324307696228
6298.86 22.5610123635012 7.39534831236461 11.852923355058
6346.27 22.7861108408214 7.82690935500971 23.5718045335962
6644.12 9.96483242351023 10.7372502651607 12.8550856430011
6689.7 2.97264832880063 3.36529989642191 13.9487946089394
6787.51 2.81067418687986 3.64558085091639 15.2016016228163
6820.77 2.61312112788526 3.60014546797918 12.3811659441226
7022.33 25.3665213272422 12.3361503864153 13.4406556579161
7098.47 38.502170515167 15.4584739261134 14.3128819227204
7705.08 2.56154330672221 6.81351941882514 16.7943936484171
7955.45 5.6941495965747 7.26426123355222 16.9721174882989
7984.68 7.13663619121136 8.62617830715607 16.8706801408462
8011.17 6.99178093162201 8.56777785398137 16.861142461672
8291.25 6.32352560513483 12.6465062845151 19.7559981985469
8679.32 7.3755492398037 14.5672916590649 18.1729163658001
8835.27 8.76758101399766 11.0889075361297 22.2604642661336
8978.69 14.4405681294373 14.0584212752329 61.0417801075528
9278.81 7.9747205881769 4.34771330098003 20.4940099572905
9381.42 10.9058951313229 6.05115944559882 25.621987411434
9437.42 15.5930785029491 9.14061811146979 21.0446903690699
9823.2 5.49422738707255 11.8596657897853 21.8010355228907
10227.3 10.1321489904411 12.7517561240134 25.0615488989952
10349.41 4.54164340250563 5.31516474318563 28.1160704909325
11057.68 1.88906036214428 5.20140567878148 24.7766446474998
11126.34 4.22683522771164 10.6550828527194 28.5463561346623
11341.14 2.06880071705565 4.88668369995518 24.9872890488277
11638.67 1.77198614358911 6.8857254756108 28.8922391671913
11999.72 0.409590492235693 5.34175300119536 6.09988860969133
