4028.74 4.22632176840116 5.35648811857205 6.03824524360107
4122.94 100 57.1053310808272 8.02541984014078
4224.73 8.657340389586 5.25759077323811 7.16109258742381
4278.81 10.1209411885696 6.9569098722054 7.04991941098342
4303.7 6.84336820091295 4.79293593955452 8.68474316701304
4367.27 13.7721112238806 9.02388357907178 6.38663776127032
4378.4 12.9744571918876 8.50963954162491 7.46092872886402
4530.12 6.45623184763929 4.71843851863916 5.84983379201822
4582.83 8.84004591133498 7.0801367133977 7.09777118810689
4610.56 12.3834495487894 11.0954366508233 6.59977991927099
4808.01 4.72987166825767 12.2092701893083 7.00455747236811
4974.31 49.8805209812 19.7196782443664 7.87046577852107
5014.84 15.5821672950698 5.28210780815892 6.96166850858663
5047.99 29.6306269458074 10.4146415005513 8.11275837910398
5075.54 8.45329076692001 3.02423868170424 8.26693492700178
5189.23 3.73317366033486 3.46699067629162 7.33897667953079
5287.45 1.41206380798777 3.27195568883136 5.88563275087381
5324.81 1.76647422432176 4.36498905931895 8.42213433038432
5398.26 1.76531946442617 3.20709724358205 7.28544910902747
5439.55 2.41268486085191 3.89821956834077 9.12998929763853
5474.38 4.57690453940832 6.94470394704018 10.915875948599
5583.51 3.7894655758965 5.80524029324851 6.72015391278728
5651.2 2.23596474444486 3.83719226946855 9.9673639874436
5737.22 2.57316419525072 5.99901443088943 10.7788900186115
5974.26 42.255308997056 41.5185133826766 8.80833783871276
6056.03 26.3254591537915 17.3155804600505 8.80886618186469
6151.36 32.4838597644718 17.9833139543076 8.93746976997045
6300.17 18.4635270518862 9.93268357920742 9.33792715365962
6347.3 19.6193596796427 11.2846475327867 9.69980805704927
6646.07 9.50837631669031 16.6106732368887 9.35764204924908
6692.57 1.63278553652274 3.00061600892618 10.1741612137102
6720.02 2.12076263872473 4.06299622557179 8.69056098590954
6790.55 2.2706173645462 4.83789214118293 14.6862926157091
6822.14 2.15930677068462 4.85294817972864 10.2602785132913
7023.41 20.8973867752763 17.5648040864296 10.1723587829019
7079.91 8.1299262672849 5.37625794204309 11.1140595381103
7100.64 31.1062951965382 21.3508475401654 10.3482713426847
7449.66 1.56617294707251 4.10402245888702 9.67620721837011
7703.15 1.84054860035642 10.2445308663733 10.1919635922341
7874.73 1.18696519310153 3.42377824642065 8.59576104021926
7957.25 3.70599462909507 8.3644669065827 12.8025481790401
7985.99 5.29238867754834 11.3536006679317 12.7807800868795
8012.81 5.88993890312263 12.8641747132823 12.0164911563161
8291.92 3.39178747986557 13.5828340089269 13.1678223848066
8680.34 5.4206994497039 21.9724100339187 12.4688429887337
8836.81 5.05039541681008 11.3360928973016 17.8910574942474
8961.11 10.8187969293962 18.0393513325574 12.8334905026404
8981.62 10.3371594521693 16.5439517999097 17.5431602284079
9279.68 4.74630123812018 5.93471650521129 13.103526544417
9382.65 7.23797140645696 9.05431907499928 16.0603274539117
9438.3 10.1587582106677 13.2136940454156 14.1547125229881
9544.72 1.88706438711545 3.02371789565307 15.618612043465
9824.82 2.80922789293425 13.855679748364 15.3571357670171
10199.52 4.26812513716452 11.5116081068818 16.7229349477948
10229.68 6.82186861403426 17.3208616270868 16.0706234295467
10348.12 2.67425145381958 6.17265138309042 18.3523065184509
11060.33 0.936171524193133 5.53994230613928 22.7223305070984
11126.72 1.99602682158962 10.955785359116 24.2533687292052
11341.14 1.15337203379906 6.32266075672167 17.3880508928869
11426.54 0.585612164852221 3.44458233931257 18.607436461567
11637.32 0.910164966368075 8.71099820412177 22.7909499584839
11994.61 0.0837968183872805 3.05086271132709 4.76171057668398
