4150.53 34.2671783422166 8.32436230440261 8.88423557211627
4212.91 52.3867833298205 14.0655142272095 8.93183766438051
4294.96 22.4160292245596 5.44235301027323 6.52803855269667
4367.72 24.85077575075 4.48411200568616 7.95997678872573
4588.06 19.9391067433638 5.52860092133327 6.3246254059859
4671.77 38.8673929746674 10.7712642525641 7.54783123637844
4896.17 9.08535234242589 3.1347849084944 7.34703104594701
4916.27 12.9038005569519 4.27156841928392 7.53903711389376
5056.03 74.8864687856476 18.6124134147098 9.4548419326884
5283.61 27.9306865511227 7.75813541319583 11.5960300668121
5380.46 33.2609067124449 10.0110462979546 10.6564622201849
5813.66 12.9965024492698 6.24683126983442 9.54864237738275
5857.5 6.17813277925315 3.01754211825511 1.86138725834826
6143.18 73.9169510814159 16.8642761154978 26.0312321973452
6274.17 36.4550880481251 6.06340603480836 13.1542414554096
6314.16 39.2845290424817 7.16583458609774 11.1616504552348
6446.37 13.5278298279748 3.9673996129726 10.2823945879154
6507.22 16.9169712918151 6.18060271020014 11.3289916117992
6726.95 22.9599545558089 4.16208282764425 14.03857453809
6788.1 100 16.4826755419265 12.418924981218
7148.33 25.1841877537884 3.69729916922075 13.6215018613912
7267.6 45.9645790696734 7.36416664677992 15.7380990024667
7598.67 40.3999107805816 16.138163940962 14.2148848361085
7816.99 9.67032286677518 4.79016104435396 14.8475734196263
8003.75 12.8356959890402 4.85231269376393 25.4627250324647
8064.7 11.4788715411114 4.55515258558005 12.2039728620402
8189.22 6.04147763623674 3.036834093164 14.3482855411385
8289.32 4.82313233104706 3.04847482936513 10.1856735514302
8421.26 7.86463267928002 6.59501096249757 18.3697695636492
8770 7.05394806910665 3.37398568673613 12.41410431248
8812.16 23.7345886329289 9.19733671231372 19.8382434618634
9060.51 21.8465336573558 5.43416727019076 21.2790818870672
9386.41 23.5754032199938 7.75096001860065 18.9248770471786
9551.68 37.36866014274 13.9005719145181 20.3838550990731
10029.91 8.9747688472669 4.45108210909854 21.0133310404253
10153.13 9.41900240627282 4.15330052736086 26.0879198986386
10733.91 3.68597486879686 3.05113930488178 7.87077667795893
11117.21 2.79074750280184 3.47336127233549 4.45743522292651
11128.03 3.16458763893699 4.00737073543623 22.2209425378951
11162.82 2.82060673092651 3.47741354543444 23.7234564680475
11510.02 2.74068503080717 3.31309858514955 3.17076093445394
11682.21 2.24721051171383 3.36388317637502 6.79690297410525
11692.5 2.08378888482281 3.18771816800666 5.21783987628078
11866.3 1.31117943537973 3.27089129246561 2.28853512852402
