4149.69 30.7409159483905 5.74743286942687 8.81420925238581
4211.57 33.865715540405 7.75459586255795 12.2928418043693
4295.32 11.3263802874037 3.07031362210134 2.74278605336531
4368.22 16.2712634445865 4.11190516981592 8.92154928261334
4493.15 12.6167043699737 3.77492162211804 6.47870430431612
4670.36 16.0814187983539 5.57877850184294 8.18768334863853
4914.44 10.5615114172763 3.72432944565629 3.36914463520043
5056.83 68.8824731451586 15.7711162167617 11.9836558585694
5282.53 17.7769681019035 5.39304286423312 11.3228479010268
5380.6 33.8414115286766 9.55117415511066 11.8046823973245
5649.68 7.09848154097402 3.19448356276608 1.34932760732681
5811.54 7.64515655035422 3.67370649432456 10.4956006840266
6143.18 41.6764404955209 12.1499944345366 28.2988904616695
6314.89 37.3745163513809 8.92212186325068 13.6863670329167
6446.81 12.4109783184409 4.25302157159655 13.3738350844733
6724.39 18.7636091664463 3.31375107357055 30.1982273899675
6788.71 100 15.8229133839699 14.647813039529
7252.42 23.4630948221599 7.63527851608954 28.7584795276871
7596.92 25.5161929232419 12.185206955358 16.8487885378781
7818.29 8.24388303374744 4.70905893793265 10.4356235011246
8005.22 6.74414864042986 3.71589052470266 22.2932526096292
8418.75 4.41053939107376 3.49077716890216 10.1118641498451
8812.85 10.7082323402729 7.44234706930447 17.4388170682014
9059.47 6.12241641108468 3.61331710405387 20.0311094702174
9104.86 5.43145675951376 3.28993930940996 13.5966246859025
9384.65 9.05028468918496 6.60131617008698 21.4363493574765
9548.67 15.0496716646216 12.8821148761122 15.605102401023
10027.01 5.27830889658054 3.9669530955435 15.6229064583731
10083.99 4.34886313341009 3.17039098832118 20.9065518766783
10399.2 3.55389753155387 3.42263801709528 2.4414321387776
11454.55 2.19111460793123 3.16805881261563 16.5330122022715
11871.77 1.13484145091884 4.05580824859898 0.864179783753571
