4150.41 40.8877469955579 7.63733684642655 7.57410720077041
4210.96 58.1681624676283 12.0051578165981 8.90956748025019
4366.86 33.7470055628911 5.42533293264202 9.94229076280953
4492.15 13.5029638624449 3.3322195141417 9.06804417945568
4673.3 23.0516228251914 6.66910859331027 9.73457946693907
5056.3 100 17.0995826907721 11.3725044574194
5112.16 18.7018651677025 3.09813076711019 9.97333001042352
5282.66 33.6711121988459 8.18560829731682 11.0725187191074
5381.41 32.6858589129476 8.03206644897882 10.2489225962254
5812.24 10.3401575817636 4.15717116697837 12.1097499260613
6143.75 74.6994519252607 13.1856626041688 27.9596400169521
6272.71 27.8022883056856 3.69129834954796 11.804801614654
6314.3 40.8794818858845 6.20506911746082 11.4842592039586
6788.1 93.5864602993299 10.4934882487026 15.4253221426543
7250.08 39.5299760065586 8.0665395779192 31.5901452131584
7598.99 56.2942348631847 18.160559646479 15.0876075742117
7818.45 10.9339966284886 4.04712687326404 14.7813032117938
8015.69 9.69389807448199 3.546916758173 23.9382546796714
8067.49 8.38161869723778 3.08741193839274 10.6219081745567
8189.55 7.87227148443852 3.46099506523824 15.1558301798523
8420.59 5.92017137915099 3.51112498230614 9.77269529496698
8812.68 19.2235706991176 8.45715647543808 22.034810737654
9056.87 10.2618350408371 3.79460611946036 20.6872012238855
9100.53 8.06037248973065 3.07365880008292 15.9507285181717
9383.78 12.5746627210619 5.78635170398024 18.650123124944
9552.21 17.4972317986108 9.15484008245233 20.7322173727189
10029.55 6.74930244294298 3.14701775558844 21.9020740856322
10152.58 8.49187486273861 3.93674152170787 16.6433624930269
10406.93 4.27666360698029 3.00000789145233 16.8476665753224
10570.78 4.0944662681923 3.65942698205943 8.76054386837131
10820.77 3.52136498449903 3.54377221447397 4.2593476178281
11123.48 3.47777974253345 4.02309006501131 10.8159397890431
11135.25 3.76403793700081 4.42205775181136 9.72565528596169
11458.01 3.24915337275719 3.5772937328798 8.70567952171768
11468.02 3.12082734621827 3.40951256797843 7.44008237484377
11487.28 3.20591021668875 3.57748583008041 3.21891470406626
11865.32 1.46613497379335 3.37726948969541 3.26460880434024
11873.14 1.37884882445268 3.23261952921201 2.14557219271046
