4150.89 54.8822520847591 11.34197614976 8.90974958715378
4210.84 50.0989290530304 11.926594546705 9.08135935847349
4295.45 29.3370687210951 5.26729877676322 8.30167913881814
4368.34 40.5536733205599 4.82476027644093 9.02859097050987
4421.03 37.0950581431195 4.38095324520478 8.69261777026622
4588.06 36.4206767010415 5.8749891715528 8.3672750398955
4671.51 53.5727397161026 8.54966746455731 10.36555207946
4894.61 13.8831581774396 4.35608757920758 8.0571167568387
4915.09 22.6249189707738 6.77254095321337 11.3984138890764
5055.77 72.9640823038556 12.3313277344539 10.2505296483732
5170.58 29.3298416983189 4.42245046264129 10.5712263789765
5282.93 55.850140290412 9.22660390030374 13.643414329099
5380.32 50.9136216309154 10.019358262601 10.9873584539373
5601.57 11.9201286012269 3.64637988398711 10.6233278938043
5765.32 9.43563240597708 4.00546757675801 8.73694838907522
5814.5 13.5240678897693 6.13105761637241 10.530752347101
6143.03 70.4163046652356 13.1367863349315 27.3767007164824
6272.85 44.312861010022 5.79692019095596 12.6871461717801
6314.01 43.736273141667 6.07127093549392 11.3804803821104
6507.37 26.8136977526043 7.23358636427037 13.5584425599891
6536.7 10.2194623267173 3.1384973652288 8.76343681007347
6741.46 36.5907519595777 4.46482952429297 24.4697509278949
6787.19 100 11.9327825244546 13.4227268950262
7063.92 22.6484070835551 3.84293875507194 18.405795814766
7148.64 60.985403370116 7.30966064206802 13.9168730222018
7175.69 28.2639594903036 3.02074116522362 14.6370294091612
7267.91 65.7979529487604 7.53275016524268 14.8149541586845
7476.62 19.2547335732081 3.49752755891362 17.4001649077345
7598.04 35.2510107270122 8.20371679587801 16.3341460180391
7816.02 9.5812634880618 3.71808783578037 13.6719781128913
8005.06 22.2440901723907 6.49788156372211 23.8569323249239
8064.37 15.1460089644639 4.56117296305407 16.5546454048199
8287.99 10.7276560912622 5.26735690093287 14.2143927406851
8423.6 14.0514553409676 8.51867315580128 17.364703713416
8520.12 4.77958626058542 3.12967347114394 7.75698849873334
8813.36 33.6761351917616 8.37998303773952 19.6620901374263
8954.87 22.2693248121466 3.40466084572849 19.2712520991809
9061.2 46.7267303630868 7.06442113360614 23.409512170907
9387.47 49.3917535088523 8.1437008102125 19.871081816349
9550.44 61.2690619337915 11.3133624246842 20.7948911379881
10030.28 16.1217607428252 6.1767167969899 21.1240535512625
10152.76 11.842537253811 4.19052056275541 20.2333738125944
10207.13 11.5953244438652 4.36891669649088 19.8751398273962
10406.38 7.82572213876663 3.93969347629572 17.4782202033894
10573.19 6.06384454215254 3.50312462232712 19.0031275718775
10732.79 5.01155742143957 3.20078495062891 31.9381462145684
11130.69 6.12502238192641 5.79538878479806 26.5658537521595
11364.47 4.51136308172057 3.82097489019095 15.2683019090146
11688.62 4.07723925943527 5.23121335277648 22.328804795894
11858.29 1.31476824149779 3.2707145542108 3.47143870543005
11952.85 0.869674628801779 3.10124369027096 1.52894195136287
