4066.93 19.8200492573877 4.73317505265661 8.37094960034892
4149.08 62.0029948150175 14.5535245726186 8.35801827056002
4209.87 83.5118916869536 20.9323618123434 8.45192127125938
4293.61 23.1221609134527 4.88220542749719 6.76275188746604
4366.86 35.0520779129251 6.08336388551616 8.21998249906483
4419.04 15.6264261399279 3.19680156034583 6.85021832216717
4490.27 11.5425387212442 3.67405009604566 9.29822862532365
4586.04 18.3313819404419 4.44208463545127 6.98151827588299
4671.13 51.3425840484223 10.3408522254215 11.2032161941597
4718.43 14.6725908087116 3.07638091514539 9.51857628959442
4893.56 9.5331825542825 3.9528199397321 8.00915817235
4912.74 12.3451767487149 5.11711956462615 7.74322410899003
5053.78 100 25.1860180385768 9.66209931436879
5169.1 13.7620464854452 3.55986587309454 9.80608199668222
5279.96 54.0171196147881 15.9078348650335 10.9442362619657
5378.28 44.3688091661857 13.9090304554305 9.6646877340454
5597.4 6.4258755550322 3.13221812036261 15.1515495378953
5645.22 5.75609027074113 3.09885568295989 3.93170687508245
5812.1 12.1795017033022 7.79942656589385 11.4913385974232
6140.71 90.4385257426467 21.3502981359194 26.183339429017
6242.62 20.5919042525407 3.24764751373902 12.306861393703
6272.85 34.604601645633 5.36849652693084 12.1537876018647
6311.81 29.8003696118519 4.99151294238343 10.6956853456022
6442.96 12.959218945111 3.65543716718644 10.5815501965471
6505.29 14.6826275763414 5.69534666134988 12.2593638119115
6536.85 8.03187148302467 3.68208340255115 9.28074048015787
6741.46 29.3691597079773 6.03003681753868 20.9991912880387
6786.13 87.1388295676642 16.9833045826058 12.889030145946
7145.23 27.0189850275478 3.99479084641403 14.0369692008935
7265.88 39.848629117369 7.95741560660296 13.9451375168092
7475.35 8.8228888523873 3.84667341212481 14.7802141960728
7596.6 31.7704063373251 18.7449266574887 14.8647385931145
7813.76 9.69041860133051 7.44036049859999 15.774546586159
7967.97 6.39403994935335 3.00697037144382 12.7021458966092
8005.06 13.0001351566548 6.16155908461656 24.7032383589058
8062.57 8.97694491371958 4.33822943002558 13.6154409186111
8188.89 7.62907729336195 4.94240797450707 12.2022659300492
8282.34 3.99593902060841 3.30214144474226 13.4907915501135
8420.26 7.62601753387326 9.52246765266002 15.0683029176198
8521.3 1.98321242626404 3.09231964629909 4.27899776901177
8766.93 6.05753142782103 3.30181230184765 16.2342392980518
8811.48 28.6203664232672 11.9578423589399 18.1614001060698
8916 11.5658068056376 3.28849314756562 14.7426537883257
9058.26 20.3328454208009 5.87949452614199 20.6337260261644
9099.66 9.79794477258513 3.06529982823875 20.4492327318676
9386.94 26.7857308551992 9.845097844845 17.256209984962
9550.44 47.6215989082091 18.9951985851239 19.3750171349311
10028.28 10.423656736861 5.31337548263433 20.8769935301916
10085.62 6.56363134194865 3.16704175660704 19.7658836908467
10150.03 10.9627210438215 5.2017318998499 20.4259700784587
10408.78 4.39927875325173 3.87746954137446 18.9122276188373
10571.89 3.43454783425865 4.10236596749005 15.9261355936815
11126.33 3.61708503035583 6.15920724906918 28.285766347386
11457.82 3.14811922480824 4.77541133751622 23.4650731055899
11493.25 2.25725505535095 3.50404082217588 19.9341161915618
11679.5 1.83277250085452 3.98057834337936 9.26871401742574
11863.76 1.04268764097035 4.928825624763 17.0880456494833
11872.56 0.854816884435876 4.1638202200888 2.68539922819764
