4071.11 18.2226252874509 3.43904324800574 7.98475837736851
4149.33 33.3114386279332 7.32386420117508 9.01045563383377
4211.21 50.5734965511141 14.0912451534156 9.30985284133203
4296.06 16.3500070449561 4.24827780501912 7.84496162653795
4368.09 24.7488681073 4.84040031851946 8.25628805127144
4494.41 12.8192483434497 3.50914889078435 12.6810993744939
4586.67 13.5605892229878 4.13830498597552 6.59181581693429
4671.51 25.4422590898531 8.40517713820069 8.95272352021857
4894.87 10.9759600639019 4.29907997176435 7.03636342902882
4915.75 9.05558891474434 3.46504834356298 5.67178224910276
5055.24 82.8118224768289 21.6755617723905 10.1869849035975
5282.12 22.6260903244654 6.8003677765937 14.6898599924107
5379.78 44.5182942652722 12.7260180950151 10.5053970888657
5813.66 9.01587237163846 5.34484315342218 8.63370596030836
5896.95 4.87605890136658 3.34460271165716 1.89000613672215
6144.04 57.6782992989332 17.8795007591224 26.1877415411918
6273.59 26.8217039661589 5.45069542112256 12.5418541772042
6314.45 37.0388504415798 8.07736437565936 12.3490850338185
6445.78 13.0886598917942 4.43206856965522 11.1210041175182
6507.52 15.1274463937491 6.81935452795774 12.1162255171948
6725.14 22.9819515079924 4.47976018897249 13.5116732466313
6787.04 100 17.3075626093487 13.4226168078621
7147.09 20.2624229923691 5.88598425624753 13.3888260749909
7249.45 25.614236011101 7.11738398052712 30.3040889445574
7597.88 37.7677737897778 20.0744853607119 15.7936580666546
7816.51 8.20830297442196 5.23995628395084 13.5453439661133
8003.91 7.48709346496545 4.06596658189679 26.0877288947213
8064.04 7.54813898361431 4.39364618789156 14.4179488731534
8188.56 5.31811933536745 3.93559082075336 11.4622168486949
8422.43 5.45187775192951 5.83129250326392 16.8112701441787
8527.02 2.82885140247333 3.05287294987276 2.64292076706079
8813.02 18.207240057596 11.7884969653273 20.7904167214838
8957.45 8.24272448347711 3.81069024666414 18.2893613005326
9056.53 15.9416543225856 7.53310544590763 20.0782972289799
9102.09 7.0304922546905 3.51475869537494 20.0889856893882
9385.89 20.0455350595339 10.7589040871363 19.1555760457886
9549.91 23.9932993038341 13.892770275369 19.836570798263
10029.37 5.88804884557171 4.32329466413676 22.9347094965815
10083.62 4.80699320788523 3.45598607837874 20.987491801443
10210.42 4.34968567460656 3.32636457080037 16.2343272012131
10407.67 3.28104532784487 3.39538853407102 16.1313375349018
11126.9 1.98806432861596 3.66951143497309 15.4536680971614
11155.02 1.81066905436008 3.28437184557671 5.72762364644404
11458.01 1.85943227626998 3.56968252907403 22.9113883404389
11681.05 1.46352884727281 4.03384432040711 7.19699263890652
11866.11 0.852403924340685 4.49991536662913 2.55025909500364
11875.1 0.994607538399135 5.4283840206573 1.37012677501116
