4023.767 1.09758184120448
4031.369 1.00058924019717
4309.719 100
4444.702 14.2688992333783
4585.707 2.83387061634854
4719.564 1.88634903353092
4942.91 1.85076112159346
5255.742 44.7291884238291
5571.565 1.25007473446327
5902.082 20.802220849205
6507.564 18.2474012267159
6678.077 24.1296654540514
7136.29 4.90439708445192
7426.689 15.6626039948917
7728.977 7.8118823040987
8081.867 3.83954173856853
8435.326 0.211459247669188
8440.502 0.175647600886503
8473.098 0.202932665101882
8486.656 0.181714791435265
8504.583 0.226444611744632
8838.209 3.05120056816335
9208.269 3.77753055725236
9439.124 3.98680108342647
10446.786 4.14434101357529
11145.569 2.95511427130673
11908.164 0.214176198467173
