4213.88 100
4370.81 23.5768752618977
4491.65 6.23703960838132
4564.69 9.21016685670307
4585.15 11.4940693468827
4635.86 14.8309915292272
4680.32 17.5817426066522
4723.18 17.4107708358576
4767.63 11.2887415206178
4983.1 35.2657587575709
5253.79 45.160808451349
5605.17 9.61985659857445
5906.91 3.09696067054259
5954.5 3.48287990658018
6146.07 82.7752066559894
6222.49 78.3330664219616
6355.59 19.2841612671748
6495.77 9.65997401983873
6571.62 10.6487691830978
7180.2 14.1517427666618
7627.61 18.6864423827799
7729.36 17.6974341084823
8139.21 7.0190134629399
8419.92 3.50605384927667
8499.77 4.87644740613256
8823.1 6.52707837811145
8932.85 6.4980502162902
9064.31 6.79744701278928
9381.49 14.3201030452564
10154.95 2.0841422609341
10232.54 2.94701327072331
11119.11 2.52781435018516
11262.48 1.43594000330181
11615.91 0.823479451156961
11705.52 0.748664017682535
11956.38 0.936208738079254
11965.99 0.854362183132914
11978.16 0.51658180372515
11986.8 0.241908805887631
