4010.73 2.19426470223557
4209.01 18.4992943567369
4396.86 2.22209652146588
4515.63 2.39072075779225
4674.49 2.66709992393406
4757.84 2.84885669902176
4952.68 2.19806289860465
5058.55 9.52784044815843
5249.66 5.60615865838371
5702.22 1.41866672187045
5796.98 1.9138597207934
5823.97 1.20637985962128
5984.38 1.0824584477609
6176.71 7.91229146927942
6273.12 6.31414038329837
6489.55 3.07647846240988
6679.19 1.05161729283892
6990.58 2.15612495753137
7067.4 3.92667277636393
7177.43 2.20319367362146
7290.9 3.97515363452929
7334.73 9.42306591536814
7585.66 100
8100.07 3.02596013426459
8135 2.94410682930682
8567.09 0.586905032525817
8799.34 1.26294084788548
8917.99 1.39877600022265
8942.08 1.610792861843
9178.17 2.59338618461844
9248.69 1.56818206785755
9404.36 1.74543338507249
10036.46 1.91070588034151
10110.98 1.98864428414749
10323.7 2.51988062887288
10855.12 0.915704149223633
11115.73 0.342661954469119
11374.51 0.250422973242628
11773.64 0.407071260425985
11798.81 0.157284481018737
11807.59 0.143121264556162
11819.89 0.124298146624977
