4216.07 48.0697408838468
4353.27 10.2014198954061
4371.8 29.7089480723378
4591.73 10.0201107048535
4722.79 5.8699109858968
5061.06 100
5287.79 37.7891319864334
5410.88 11.6994975628442
5637.7 8.17615480564898
5864.73 3.33366824927269
6149.26 81.832062223946
6281.49 40.631548106371
6511.98 12.2681218409416
6543.86 8.05429169997853
6733 20.1916495169644
7023.81 6.90398828704169
7257.58 43.0214476817602
7606.82 66.1408580448366
7824.44 10.1496793555859
8028.3 5.5620638776092
8197.65 5.86313545565671
8429.63 2.79224493686009
8820.71 5.469653448019
8930.1 5.97155560357245
8962.96 4.8456249738535
9064.31 4.67454184781806
9314.78 4.03159801506777
9395.21 11.9967262078623
9488.14 4.18823415002934
10097.8 5.29658752802839
10589.16 1.77011205817892
11140.38 2.27758883753664
11519.28 0.888341115094613
11532.4 0.884769257314655
11876.08 0.771295182230179
11889.96 0.705467762736334
11899.75 0.512753167957173
11907.58 0.379795963337206
