4150.71 30.5211576374043
4190.79 9.99406598783961
4294.54 4.29163632740793
4375.66 5.80663549440602
4413.88 3.45598524731296
4494.29 3.57111999592545
4536.76 2.28947606076332
4671.17 10.3718416022873
4690.46 4.24118037655761
4711.21 4.34861108365094
4895.11 7.11649532019076
4935.25 5.25735783109357
4974.74 2.52167323272533
5172.15 6.68600453631872
5211.98 2.42367044467081
5290.98 2.86986204224663
5381.16 22.890769397195
5419.81 12.0866624982776
5458.32 4.62824081984305
5816.76 13.0659919817436
5854.84 5.21007959146503
5898.44 4.12872667051427
6245.77 20.0604577966006
6315.78 13.9063949877985
6446.65 7.74825668054955
6509.79 8.87866470167245
6789.6 100
6828.52 45.6649141578936
7307.22 5.7685173061516
7343.22 5.74385808132314
8070.46 3.21441155285759
8106.98 1.72903346568154
8819.01 5.62374158646895
8856.86 2.63866909793111
9108.42 2.36011071335473
9558.56 12.2586997302572
11086.11 0.596370088012076
11470.3 0.519095644656822
11488.8 0.586371608254424
11758.25 0.359206670720111
11769.74 0.443937116848287
11789.25 0.363250884230945
11831.61 0.311969827245389
11846.08 0.404498461176605
11855.27 0.42244582483768
11879.33 0.309948800734606
11893.23 0.283442616249585
