4126.19 92.4084285550416
4200.29 98.5914285883981
4628.83 37.3144612901083
5051.96 100
5256.82 60.1827420532773
5472.59 15.2066112665322
5775.74 14.4772094406676
6007.91 59.3066797942157
6059.63 93.5506038270031
6346.86 88.6939389014112
6798.59 17.8291852554091
7114.28 84.0990961500508
7198.51 54.466146637956
7749.67 20.1081117467833
8298.07 20.1722938307057
8833.73 22.5392726910569
9475.72 53.7446675220206
10118.39 19.965547925161
10252 22.3588218573082
10608.24 10.2363752894397
11126.15 14.1679909121438
11711.65 5.16271395578757
