4124.5 100
4303.82 21.3612518250985
4391.04 24.2090739270363
4475.82 10.7817050768647
4583.97 43.1419015296483
5049.31 89.9838445118585
5399.08 11.936123881189
5440.09 13.6645109903483
5639.08 6.01807663889275
5744.8 5.64405950106634
5931.28 9.80479506139696
6057.76 85.3180813404068
6301.64 69.9268092124991
6362.46 53.3317987519635
6649.68 7.33546967330082
7019.56 13.4128555139658
7101.88 71.160681608561
7691.9 4.52370696099856
7989.91 23.627907962596
8679.49 4.48665734984758
8832.19 17.2089712555181
9005.08 24.0763047831826
9383.36 43.5685258154532
10233.15 5.46990460840496
10354.38 5.85542271871691
11060.52 8.26566843251514
11453.46 1.77437918481879
11662.14 1.78655258883457
11970.26 0.378825685264632
11985.77 0.981275403551377
11998.15 2.16017187226442
