4071.47 24.1400613387202 3.0892869491738 10.3549106115552
4150.77 46.707166921689 5.82167479541607 10.7945731765558
4197.97 35.2663657161015 4.67720140818791 11.0203490816302
4297.29 21.0729391218603 3.3618684609464 12.740658961613
4494.28 13.3335817497846 3.13737199847149 10.3355414474863
4631.29 22.3363773042312 3.2159904184365 17.8583378167223
4675.85 44.997624796939 6.84502798442156 13.6798186714113
4946.75 42.4328505214859 7.28149510846791 10.3004541025384
5256.08 34.4598838008839 8.16942858316917 14.5476345616198
5380.87 45.1014034320486 12.6750134559604 12.4218015221004
5819.45 10.7282876426262 4.44556427331095 13.1270930539185
5898.94 8.30741717063995 3.12985169937769 11.7940072531173
6007.15 33.2609117022624 5.7984164917777 15.9816848794271
6139.41 48.4249235384493 4.12354536888331 39.0235043949106
6336.62 40.6427089427701 4.22525498947493 26.3848443306379
6445.04 21.1710920230911 3.5538044405785 18.099336959348
6791.28 100 14.9864986128972 18.5765769164136
7190.63 26.4330684434883 6.20773002112321 29.7409050044334
7471.87 7.54680734725591 3.69819398795121 12.6396978797648
7623.93 6.83451579065733 3.64923792149717 11.7220148405022
7735.48 8.97773553238746 3.30685746762376 19.7856619944841
7839.17 58.1180354128735 16.1099672864597 23.2906006926351
8084.9 12.7235137566276 3.92519486293103 27.0413106661572
8818.32 19.6041420103891 7.4055417030138 26.9575437234689
9134.54 14.6985988164459 4.94314201991327 26.8678563546728
9462.88 20.6859432110055 4.15305839791838 37.1958905753654
9553.45 34.3920043057617 6.87790678553166 30.757582520806
9902.34 13.2874632866514 4.61629070462064 27.5735405639698
10035.35 8.48004160360505 3.06085184167419 25.4464677978794
10240.04 7.81382116031427 3.26944472352529 28.2009512022978
11108.1 4.67317117470367 6.3839573632913 11.5347237023652
11457.63 2.95388262507722 4.67634870353826 16.2627841636404
11481.12 2.14855481921907 3.34012892703965 6.66898556171509
11937.94 1.71765138531202 9.40709308619649 2.71014958547858
11949.12 1.32158247043162 7.52273987907665 4.84058312551133
11955.79 1.16847774950437 6.81490132797365 3.83247681979265
11973.45 0.664677362307902 4.1291587255042 1.34244890162881
