4067.52 29.4527548591706 5.56383033030541 8.5318262894757
4150.05 62.5091804593944 10.7013056132774 8.82265666636795
4195.18 45.3554398294468 7.9807451892785 9.33874393390488
4210.96 37.5004883560362 6.74508163994742 9.29075963944615
4295.81 20.8719758042307 4.03616849073434 8.89951428020686
4458.27 18.55829490379 4.80526723998668 8.02312182862079
4493.53 10.4631536267549 3.11364560363016 11.2998728552302
4623.92 22.23242548676 4.06836981875851 18.2169391665884
4670.49 49.9842937321438 9.70350638669996 10.5436303347669
4847.39 15.9084007786341 3.96256020683961 9.33111472579913
4896.3 14.6491659063999 3.08579695178893 10.1077636300251
4946.35 59.8313713203946 12.4357073825083 9.59150472982401
5108.43 11.3876013382128 3.3093785907089 13.7810192044944
5172.31 14.1910974902342 4.14786606682134 8.30553712739948
5251.1 49.8451282308975 12.6311021023129 10.8582141759671
5379.78 43.7098789060441 12.7089861147177 10.8665816899675
5465.77 9.41366583740863 3.50755852688817 8.59247208204579
5814.5 13.9402981877473 8.22291340438651 11.7044832905558
6002.85 43.5743434858419 10.6024753606807 11.8572489397466
6115.39 47.4419356025661 5.03192650351685 12.4829620974842
6131.74 48.0436778645782 4.74323105510834 21.3343113533265
6315.19 33.9256195151613 3.60362374353107 12.6866089196901
6333.53 34.9919443538105 4.04547749773983 24.5576793070813
6444.3 20.481325140722 4.41226375631463 15.5562404140019
6509.3 12.2418166439313 3.65462455070412 12.8325102937533
6743.43 28.8414132025716 5.37281496397873 15.8307329132467
6787.19 100 18.5156343003401 14.5014942604639
7150.97 14.5248841325656 3.07778430881268 17.4445064513839
7175.54 32.0251459949857 6.97296273685443 28.3748469792026
7475.51 10.096509301045 6.52909297563374 12.2258886181507
7626.33 6.67387596268265 4.36976107043306 14.2376424859276
7737.09 11.1333951805505 4.9578442603137 19.0293513601382
7837.07 54.4244187621434 17.8685396007413 17.8437951455762
8006.53 10.6562885337599 3.22536351294688 20.7469120647347
8081.61 9.3471178342765 3.40649758224643 30.6086765861819
8284.84 4.66126024527121 3.35724987501718 12.4685540533192
8494.73 3.16811765609675 4.08430034493939 7.20484109704194
8786.55 6.98445388202204 3.52938095440708 18.2897631210817
8814.56 19.9732906311716 8.70696214750204 22.389391310282
8904.15 10.1242962645745 3.07967391891667 16.9771821839313
9134.72 17.3236100748098 4.70240984324867 19.3042353405563
9460.76 21.9085197520404 5.63421446412417 21.3122064598974
9552.74 43.3006867497228 11.5593370051365 20.8609721304456
9896.75 14.453669378086 7.11671720423876 21.8362498550505
10032.27 8.96839521116219 4.43219936261008 19.8826175178874
10238.21 6.52644918586741 3.46948703523469 26.3294303015045
10408.41 5.01417218094066 3.28182826875957 22.4080284262182
10925.84 2.87996082921376 5.5787768425386 19.2990041833909
11108.1 4.13944749954679 8.04694492320855 22.5899285417199
11255.04 1.71299959294206 3.23042252329224 9.95805489911618
11460.9 2.71339826176847 6.04249852353544 22.2968123615228
11681.24 0.989900678675688 3.21729751863205 3.63346474109858
11688.43 1.24075050242711 4.19751490835352 22.7150328866828
11796.22 0.635191286607459 3.16875001097556 1.1659014263405
11938.53 1.39069273674498 11.7340431084803 17.3497885974048
11946.18 0.940878170447746 8.14257157326647 3.42273153487622
11955.59 0.768118131850632 6.88694038441394 2.31211958933091
11966.19 0.507194372458331 4.72402543766825 1.18169305716947
