4069.2 33.4490179895682 5.47010292492847 8.85646535928436
4149.45 37.9114761369635 5.96395485531729 8.15992951034514
4196.15 23.2648058637118 3.8875111372712 9.50601870578339
4211.69 23.6903447189466 4.10404187345893 7.9091375214748
4296.67 18.7215669979941 3.497704212586 9.54019525033254
4495.03 12.7125598095632 3.95769682495517 10.1086229353132
4625.7 17.2060023435556 3.92937261142058 16.4766542105363
4671.77 45.6583399299396 10.6841936643395 10.3175573271692
4720.61 14.8117594490589 3.55214429369291 8.71932287657819
4848.04 10.7082145170455 3.26328925563453 5.60181052474854
4946.75 64.4687783142817 17.6781311233346 9.05314096509392
5105.11 11.1460675008209 3.8429722497798 5.65524851039208
5108.17 9.54640148476041 3.29516277160486 5.31729056111089
5252.04 37.840000250081 11.0270631557993 10.2762592045065
5380.6 40.5129105759379 12.9623287752592 9.79003491295225
5468.1 7.99167233759257 3.36649804375076 5.72937110457315
5601.7 6.73783915299894 3.59847411985883 9.09403552595813
5813.66 8.27304920572522 4.89861914721909 9.70284124242608
5821.71 5.32551763220858 3.12027817742555 2.22027317461561
5893.54 5.63337949329711 3.31044688857501 8.99192874876917
6002.28 31.8397644622955 9.35523167789385 11.1197793386673
6114.53 39.0064169952339 5.77683979308204 10.7680330883341
6133.18 40.4674044827285 5.6392935443681 19.1333777923264
6219 25.4759289734363 3.19121284272038 11.3406577999094
6315.48 35.3981923152349 5.15046075704163 11.218033690745
6336.33 40.6142447287958 6.28103797338646 13.9749568214474
6447.55 16.793492842203 4.01424993643036 13.8220061332477
6507.97 14.5970584275034 4.40355341311695 10.4804792352334
6567.44 8.94064231044984 3.25118992315878 12.0517928905101
6743.88 13.9497283315007 3.4092898290923 12.3721428315239
6787.8 100 25.5727183141833 12.3213656208145
6922.62 9.88898895929184 3.04114462874275 11.8028365629752
7150.82 9.73084078924149 3.00071676939953 11.8363443783355
7193.28 19.8654008507609 6.32252358960026 28.2584914845538
7624.57 8.15288823918841 5.50801329635232 12.730483110151
7836.42 58.7110827509359 21.7840423282444 15.5606056932047
8081.12 10.2583326052148 4.43371738837471 27.3246363532744
8497.42 2.90200893715111 3.01226904630877 3.16490940614312
8814.39 14.3916067530376 10.299145784962 17.2464910811595
8907.76 5.67238142739109 3.44293136777067 18.7744000036328
9105.9 4.79950932482022 3.07524116411169 10.9772862821519
9135.06 9.71749461333211 6.65954482358471 17.0053095626045
9461.12 15.8903857710999 7.18694712380219 18.3383207385159
9554.69 32.7077335237472 13.9246315102191 19.1356176092413
9896.03 9.69314339441349 6.63858630513756 18.9664412069087
10034.81 6.62856615172844 5.13126962218938 15.9861874088238
10243.7 4.096734967649 3.39027257557486 20.5159100644141
10414.68 3.24452138199584 3.07996484660842 10.4118589173668
11113.98 2.75972005940525 5.34035356056393 17.4234469245021
11453.01 1.74525629804044 3.61217158025901 5.44160155276404
11466.1 2.1263870317956 4.50775666200602 11.0012933247053
11477.84 1.47681812605 3.07667807605216 3.31916968267251
11795.05 0.659695509256388 3.21840582931478 1.05179205006425
11803.43 0.596669346887776 3.0345324651008 1.33453617766099
11933.04 1.34447354608663 11.4250064733318 3.06626450975637
11943.43 0.939263575674091 8.32343005812474 1.56403008090092
11951.86 0.664245240677812 6.09200970981944 1.37374688208911
11963.24 0.500322565617698 4.8271303321661 0.753176567621267
