4069.56 30.401422099258 4.53013985774982 9.3328036936432
4150.77 56.2750587193081 8.45356995332648 8.95071025556717
4195.55 38.0450475279114 6.03813040031423 9.94515913126907
4211.57 34.9442897247035 5.7117201610275 9.75480855358637
4296.06 22.4665523099691 3.8606061293714 9.22889228723488
4459.64 21.860952188437 4.70430462758796 7.04660307349423
4624.56 25.4286221208787 4.34766798832225 18.2417325791739
4672.66 56.0397735971047 10.0993361058133 10.2281038282317
4848.56 16.7769918404273 3.9787423574989 8.0388818694064
4895.26 15.1339923262157 3.16324160220537 9.66468180716674
4947.01 56.0905870235933 11.7221522683308 9.44968988004621
5024.19 13.1338413769904 3.06891852510481 8.97636858509941
5108.3 12.3199523720976 3.19872204471677 14.1055051038247
5172.72 20.0435863386858 4.60409185869989 8.98035779431393
5253.12 57.8797753477378 11.2641109500939 10.64545868814
5380.46 43.6180602996051 10.7417000524037 11.3640832602759
5606.98 7.40092119192133 3.57491332194787 10.4330141309101
5816.2 14.0443322082362 7.82211653338429 12.423710603146
6004.71 43.113389619814 9.1308217142321 11.427967841154
6116.84 49.7488704275025 4.82856296525142 11.6205018475794
6133.62 49.9472451428086 4.53248702940696 21.6188502775685
6315.77 36.5870065712936 3.63545761941064 12.8941283513404
6336.77 43.0727186198613 4.68179508768203 14.1594285920828
6444 22.4120315531321 4.18725709741236 16.2810555842734
6510.05 14.997857690355 3.72381234464365 9.86207332426875
6745.54 32.5980468354032 5.30514616350536 15.2312104184402
6788.71 100 16.5709825291825 13.8636590690294
7179.27 31.4893836479057 6.08357053327271 28.2885440865339
7477.41 12.8642587074804 7.05088051256697 16.3395622678599
7628.09 6.80483892812987 3.6885582223635 13.1427320340435
7741.6 9.44849675178949 3.59067235477247 22.6152791522954
7838.69 54.5766749040613 16.2668913728984 16.8062799889303
8010.13 10.7342040608999 3.036064076193 21.1829281378887
8071.27 10.5626666067268 3.50294459923333 28.1440965782685
8293.48 7.11234439806176 4.84443975880582 13.0423540241391
8790.13 8.98123004107669 4.1776222099948 17.6855052662304
8819 22.67636426123 9.42593745123671 22.1133418463287
8908.62 10.5961477736311 3.36358412008282 19.3102241298166
9137.84 20.3355315731502 6.34223659228451 19.4047524018515
9464.65 27.723556514412 6.45884931118232 22.5936096400274
9555.58 47.0682657611025 11.1747554930388 20.7846309541546
9900.17 14.5190077068596 6.69329862174434 20.495293880389
10033.9 9.43617602573657 4.52162361996821 20.5536623773605
10244.25 8.31578583910319 4.37606124105626 24.472853503572
10416.33 5.36998736391464 3.41422078261346 21.185972540321
10929.04 2.57283617130478 4.31956317618826 17.1495056480235
11114.93 4.21816324102932 6.74860306502902 22.3996757773057
11464.17 2.73048070376373 4.81220693328336 20.7711241249672
11712.71 1.14859686934747 3.44756003997815 2.17391846509418
11933.83 1.36322536094945 9.1076016391027 2.20077397833666
11940.3 1.31516477374236 8.9838276697024 6.99969677562876
11953.63 1.10256622293047 7.88719116487122 2.61815140994986
11964.42 0.836378909247225 6.20972915528053 2.13621715341651
11974.82 0.402511367175903 3.06824191426653 0.34617761633308
