4067.64 22.9363442314449 3.57250580306663 8.80527507319357
4149.81 52.3727746914979 7.56860853459348 8.99757874412899
4193.73 39.9220566959733 6.01668935464671 9.73181057801776
4209.63 35.3142653212485 5.49238079895413 9.16184259675629
4294.71 21.5277291863672 3.95069652219953 8.66913401213333
4439.69 12.4366875360337 3.05237725586005 6.98541764221227
4456.52 18.7999266778881 4.84270579766396 6.49199573481383
4491.9 11.3228696988433 3.23187387875937 10.2678574871634
4622.02 22.2196248072564 4.22481902416065 7.81150273259755
4669.34 44.1896836364634 8.8597044850257 10.009629628571
4846.49 17.6463736085268 4.77187165229327 6.39365305841784
4895.13 14.7635700060011 3.45423540962239 8.92206756336236
4945.7 46.4056351643035 10.7202324500979 9.21394248605702
5020.1 15.5797700631583 4.10385601948926 8.41488054635556
5106.97 10.2791559877901 3.23643454411351 11.8286694209337
5169.77 16.8333840671924 4.78970428363993 8.72557860766847
5248.68 61.2203948352871 13.931782125179 10.0533552965862
5379.91 42.4488784552907 10.9060690229543 12.767212554344
5465.22 8.93888596994142 3.05559452229131 8.27174718811057
5598.24 7.29787141637919 3.69766016633494 8.59013087063977
5644.81 5.51426796059478 3.00295735506566 6.35907870629853
5810.97 14.1115219200602 8.1000758584044 10.9337241712619
6000.84 42.2494080006713 11.2556304753506 10.9848979087992
6113.37 50.6125768955284 5.78577028669093 11.1103226441119
6130.87 39.7516956940657 4.17399164416167 22.5330503822206
6313.42 39.772240773361 4.30783798694676 12.4388948943879
6333.39 36.3063838528975 4.30075546317148 13.6296182545329
6442.08 19.9829323041436 4.39115466926479 16.3813124440449
6507.52 12.0809853357289 3.61111940587716 12.848833047904
6742.22 31.4848918786201 5.53582249846877 13.2612944054063
6786.58 100 17.5339634721541 14.0547191577398
7111.26 15.5187330099526 3.52779561806302 12.4325616402757
7175.07 26.0832732112731 5.93243489596532 28.5334093343581
7472.18 13.3276519166945 7.97725922703502 13.1698423450689
7620.89 5.98145052729719 3.52938299329941 12.807192006394
7735.48 9.57036085266001 4.24016823831947 13.9605810612484
7835.61 52.8061126540976 18.3257004160932 16.650053229394
8002.28 11.7050114868304 3.54569713354038 12.4737054032666
8080.96 9.14038852317852 3.20909686126336 32.8364080215279
8286.33 5.28590939859198 3.57413134994008 13.9024880728866
8490.69 2.64967487094058 3.15455357315437 6.61085582381384
8781.94 11.0748866335259 6.13207410605221 15.0145102979895
8813.7 22.3981646782586 10.5227475712109 17.5558544119449
8902.44 12.562669364008 4.29270990194598 16.481635007809
9099.66 10.1023188464407 3.14222011743499 15.2039661378603
9131.59 21.9022625568201 7.22724829271229 17.0277663525521
9456.17 28.0968116314564 6.70584506604015 17.8840422884059
9548.84 49.0035179361144 12.0301949092374 18.0488070008814
9891.53 14.4359221234115 7.36427834312762 19.9938102430515
10027.74 9.75621060667057 5.18936990025264 17.5782258686704
10236.93 10.8666934507169 6.30782604770171 18.2990525048735
10406.38 6.53415666344007 4.40226893597439 16.4699201030271
10445.11 4.58073457394927 3.21348173845528 18.5342080116916
10917.74 2.54820455815101 4.3243548554162 17.5171803013491
11103.55 5.27749996183184 8.93389939979881 17.7500636664063
11329.22 1.87451176356973 3.07059996599607 17.2794701759267
11454.16 2.82845769695499 5.07396458493334 18.6854258079184
11699.11 1.18105102858785 3.28431050275656 3.31327434753621
11932.06 1.4840236111864 8.94669817199224 7.59454850005204
11943.04 1.10316597802254 6.87924686616517 2.71316332323113
