4151.02 49.2378150975207 6.21562099365344 9.13549666377276
4197.61 27.4001995183228 3.88956776882191 10.8110603811056
4459.02 12.3324814319333 3.14496739042942 3.66140815281506
4493.65 15.0948006198282 3.92194967427261 11.7407086568246
4578.71 14.8410075827292 3.16960489378645 6.03826062949702
4633.7 16.8327880248097 3.13275595599203 16.2065119493336
4673.55 32.5287613892338 6.6222143183294 14.5322617056318
4849.08 16.6410899407828 3.70774261231929 9.5523532088655
4897.74 17.1887927849789 3.55066656264729 5.83548164367312
4947.93 44.6874482513221 9.89955623333812 8.53450930288
5104.31 11.9621213893116 3.68617832880713 13.5033438524688
5254.2 31.8170714868057 8.14342761421841 12.3726553725937
5382.77 53.1315220140205 15.8367711217136 10.3956815719866
5604.2 9.30301952696112 4.15526245507143 5.99099957619273
5819.02 9.5093248438187 4.69633865649101 11.2238304207103
5894.54 7.36169510750378 3.13779474873004 8.03627144000984
6003.42 30.3566641483672 6.86638438934006 13.4382615908735
6117.56 36.8618551176053 4.54380147676121 13.7922453741339
6133.33 44.0409977484111 5.18969262991807 19.7981488050636
6318.41 40.2814383595262 5.70826398271642 12.0772968189985
6446.52 18.5944548151728 4.41739006340465 15.5950479571447
6510.64 13.0303014760154 3.68903717712478 12.3902102707652
6745.24 16.0539564125245 3.39655470259412 14.8190661507233
6790.22 100 22.3373861585637 14.3808932777893
7194.22 9.97789257703053 3.9353330055578 18.8360170339083
7473.77 5.61567561350544 3.73552421364111 14.8148161586851
7632.09 6.36518350083704 4.02125688553947 10.0557578194748
7839.66 58.482026735383 22.6226831068561 17.8698770451056
8084.41 10.4765399938511 4.89693399875479 17.1821450080424
8815.92 8.47319781250063 6.09684738552279 23.5637580587554
8910.51 5.60695657788608 3.70385067103867 17.8345604159749
9136.8 8.04548888595788 5.83172700146868 18.0109276625772
9461.12 11.1147067306182 5.56349503351831 25.4585522248963
9551.15 21.2757356775248 10.1564433851564 26.2451863817259
9899.63 11.3839107596271 6.92633736830359 24.432006934765
10027.01 5.21142074327878 3.22261171780353 11.4526415172168
10405.28 3.18637073484836 3.08879203232578 11.6127497113175
10923.96 1.83518234483301 3.20308295939713 1.88004841679867
11104.5 1.96120114911782 3.60876704680189 4.79883461842473
11111.14 1.79294998314368 3.26343301205425 9.08206455601794
11458.01 2.09735517854918 4.25795230178773 20.4815629497025
11698.33 1.06327943664879 3.13716817339085 3.84680509946884
11812.4 0.955883208607373 4.3465373856869 1.19859089779311
11825.67 0.688911594859703 3.27195512528718 2.53980094945655
11922.07 0.561123797725082 3.54961276725659 3.05666223966182
11931.67 0.909973437641977 5.99117089507002 1.37218178975854
11938.14 1.12388425802069 7.58573183288836 2.60898358791201
11945.79 1.4891306083935 10.3524693202529 3.33160958610461
11956.57 0.627563223712234 4.51374862135445 0.469093159688782
11964.03 0.786444426832531 5.83749461878364 2.01869107855782
