4028.15 6.8220066129156 5.31423774990791 6.2621717034358
4124.38 100 32.2374071863443 9.7734684008974
4196.89 11.7751093060156 3.35810019813638 9.99138216408664
4225.94 10.5253892059949 3.28100715139073 7.18085768129185
4280.52 10.0219283292978 3.57260286024682 8.10333894422911
4368.01 15.6161825116069 5.32176802841175 8.46458984190485
4378.65 15.6451734033789 5.48484384203951 9.7664778775561
4582.95 10.1978020544367 4.20746291279124 13.9580698410864
4612.71 15.511566761638 6.52994570721968 9.0585852786644
4807.88 6.78327918696786 6.99425811372913 8.20010209412158
4974.31 39.2962600239965 7.55426956548606 9.63707289740432
5015.37 25.4912663033812 4.23352107382679 12.8801658324428
5049.31 20.2508951902196 3.4468810559498 10.9519842881982
5254.93 5.57488172902235 5.11867053511736 9.94838463490487
5474.24 9.0037024308917 6.94514769898026 12.5086379780223
5583.51 5.23910909569091 4.8328248242854 9.54051874309243
5649.11 4.23428511290638 3.93017987576503 17.9447145342219
5737.22 4.55037721118647 4.65878087624325 15.4353460892771
5975.26 47.4057988642888 15.7214323218007 11.9365827980509
6057.33 29.4946941840279 5.86477211401371 13.203726925326
6152.52 45.9796228198559 8.31603759060133 12.2850898785846
6301.35 19.4670001749296 4.14073278519198 12.9977143041615
6348.04 44.4811125087244 10.4820026175535 18.8048796453077
6646.37 7.94283780415439 8.6661691174522 13.4771993960794
6691.66 3.7061314688258 3.90641721556397 15.0216052076075
6791.76 4.33621691483825 4.30385203884478 17.8339314813948
6823.2 3.51757751055365 3.4909409437862 12.2329496884358
7024.8 30.3180826430508 7.77931533278696 14.5688379232906
7101.11 35.1563228828195 7.36232616163858 19.2061318360247
7703.31 3.67592213026135 4.63858279424698 14.3795220975562
7987.29 7.67907020132669 3.84531418653663 22.7395483017262
8013.3 9.22628968327529 4.81748642146292 24.7418931542425
8292.25 7.44711470422081 8.31110051015071 19.38601296261
8682.04 9.07129816735376 11.09880396781 20.4682710874531
8838.01 7.46434444010756 4.73931671586743 22.9448880722757
8981.1 15.4382654510144 7.23994717215756 60.7218927219765
9384.76 11.5191401930147 3.92220976368018 31.1254526930534
9437.24 16.4103318189047 5.56578809518291 25.5198701710324
9822.3 4.64212157938191 6.71252797744067 23.2889200063928
10228.94 14.4438487213906 9.80987527416396 34.1599634030317
10349.6 5.91110427117459 3.57168820413342 30.0431540751524
11123.49 5.27376940261863 5.55111171866226 33.647107687817
11341.33 2.19850842834778 3.29097286420742 24.5898761670123
11452.69 1.97279129048336 3.17924895487443 34.2313557937705
11638.48 1.91338564825059 4.10874554110505 34.0276084248744
