4125.11 100 41.9764967867818 9.436934252828
4280.77 20.8590499361132 7.58133160152967 8.75583978503255
4304.56 8.61167071809932 3.02452906951797 10.1812565820474
4369.74 13.9108251463369 4.31190377925987 20.870716864275
4583.59 22.8799680355835 7.67592346878595 10.5455237986635
4612.97 9.75523646466271 3.3690367440775 10.4294016624563
4810.07 3.21781459310099 3.43942079038692 9.69684680027513
4975.62 23.2555862258413 4.42579318953991 10.5684378801661
5003.25 36.0952592698607 6.0117433068255 10.8334298667878
5049.97 40.8993290112061 7.11910465946162 10.8169124949145
5253.18 4.62665825429932 4.01556944246307 9.43505116422511
5402.22 5.80612935071814 4.22895789905874 10.3260072322937
5474.24 6.71308813582386 4.76111530375969 13.7267300468538
5641.87 2.62971209339417 3.36658755646604 10.1171873214325
5739.18 3.69118876203841 5.28363243851356 17.2075154206541
5976.12 26.4764607326317 10.8458747894146 11.8891173486463
6057.9 44.2840099034466 12.2580952599163 22.1433046847405
6153.39 41.994206738998 10.1172737523309 11.7390150920846
6302.23 29.3874487660082 6.93273390556315 12.7310377579443
6348.63 30.557542074599 7.69234831526228 22.566237906437
6650.13 6.59940989806963 8.14644713800529 13.2417392078369
6691.96 2.71158352814369 3.13669871236859 15.2530251104772
6792.06 3.19156485665625 3.1699534628075 15.337278211965
7024.18 20.4109782709312 5.48497877659887 15.1092127827569
7056.26 18.817069190598 4.30377789736849 15.4774825928698
7101.73 33.7640135919924 7.7409112963885 16.9662920795799
7741.13 2.08165892231041 3.56361592979876 16.4791231146437
7858.98 5.44911382153848 4.87695904237499 16.8619556248113
7988.76 7.78422444147457 5.24240646816988 19.2236800351711
8012.97 7.70887675107857 5.34433832603147 24.9113302105552
8292.58 3.0596791815312 4.24867562769995 24.6985281944544
8681.87 6.03154120047989 9.94833860997593 19.5653081533146
8832.36 6.68832890335814 5.61544520648015 22.2924102409434
9004.73 10.7118066837585 5.47555500778036 64.2598258688486
9383.53 21.3788307562363 8.36683801922514 25.4346327964759
9439.71 9.67549342849839 3.70237735202786 34.1778254340425
9825.89 2.21674417518364 4.32551775151427 19.9761984208963
10202.81 10.8283604064351 8.75509738254481 27.2315400651278
11056.54 2.04516666027961 3.36459872512025 29.2631829605343
11125.77 3.29939375153956 5.41089755971287 28.1625024010627
11459.04 1.10814962947296 3.79161100226953 24.5679026689086
11643.13 1.66992405480784 8.12208686025391 25.8623529646338
11706.6 0.547683948477681 3.04908146976593 7.82039408888159
11993.63 0.272830166556738 4.09925784339558 1.86918978238282
