4126.43 100 18.2541751700831 11.8591972576487
4586.12 30.8264986029361 5.35782061542309 13.6258965384768
5005.09 39.2038542845088 4.06084011887999 15.0910704921207
5052.36 33.0622377483185 3.39605423179892 11.9704590450501
5474.1 10.516101141987 3.64804588111402 14.9828804823537
5746.21 6.14069616803819 3.42594068326032 16.6140272931207
5978.12 31.0012256050684 5.14448603341924 17.4139616959874
6060.92 48.3636548704698 5.87944905136386 26.7686594746356
6155.41 57.6445483001455 6.95726887307045 16.3013969379135
6305.01 38.9941045902613 4.42824162783459 17.3678287973853
6350.68 57.3971687751794 6.46460610717784 28.9252873313926
6652.69 8.39447035335935 3.21180866394338 13.9758399846851
7026.64 40.4351882407751 4.13548529202308 21.8773112304516
7107.46 48.4681064190127 4.14016498597323 24.0879761062088
7859.79 8.47921352825326 3.18530767168922 22.9236002769694
8013.95 14.7533127010443 4.27174839831884 62.2636555765557
8685.94 9.53320130729649 5.67841933243297 22.8304139092579
9006.8 20.1740220573428 3.53682919234401 66.7843344453449
9386.35 36.3235760289213 5.42935727784993 37.1247557903462
10204.82 24.1847291608705 7.27607989398737 52.5837393729744
11132.99 4.6674090424089 3.03782680656315 35.1526832884865
11645.84 3.07232317059181 5.68358211563156 25.2310316531584
11670.48 2.01251978651911 3.94099600322234 6.34918283682418
11714.57 1.53816226157624 3.44321075772992 5.42368153120515
11980.67 1.12960293199622 7.63909414836021 2.18739840867056
11991.66 1.26738924804094 9.1447713886125 9.75035540624413
11998.34 1.43911934599265 10.8249362976133 1.62850790225457
