4123.9 100 33.5938150718802 10.1317431464631
4280.28 12.8498543535598 4.25774362472692 8.41586458981692
4369.13 14.112020291332 4.10023811555984 20.2994917740498
4583.59 19.786127034022 7.00040868874935 11.3991215433371
4612.59 12.5979043346789 4.53602965039095 9.97715339310525
4974.83 23.6180569851495 4.44705618130972 10.9888946862302
5002.32 25.848332979924 4.21852352028443 20.9872156807278
5048.92 31.9228429229569 5.43947242080817 11.3873438305809
5253.04 4.17723501194111 3.97506578948387 8.97717035980713
5402.49 4.87534462778598 3.6953934333713 11.4671687357368
5473.69 8.01761302549895 5.77435035231554 13.0151513136125
5644.23 2.81262206779053 3.26781545990882 12.0680814071948
5738.2 4.13470491083952 5.53185634390165 13.3922279942071
5975.4 29.7138104792621 13.6077828004282 12.9443011980493
6057.33 40.450039805605 11.8585711999982 22.4986767170267
6152.81 38.5250169769919 9.69892805211894 12.2432323470493
6301.49 22.9428540983389 5.65025660467517 13.6330526173324
6348.48 35.8029165303591 9.51040399305912 22.049224641587
6646.83 5.84390443726338 7.55596250609773 15.237874567445
6692.42 3.88794358741789 4.6334544069212 15.5329243869028
6792.97 3.27526644089242 3.17607499777404 13.2929294298719
7023.87 20.9042457567497 5.02108010637111 15.5554334850631
7053.95 16.726679902598 3.41652131971817 16.0554691199486
7101.88 32.4290696417741 6.61622815130449 17.8176203183484
7744.99 1.7100213678751 3.06655243940675 12.9971563259596
7859.31 4.94436009073138 4.60803349097126 15.9865325230303
7988.6 7.66267322917572 5.22444949736905 23.5031265045945
8012.81 8.5312751346014 5.97652001296522 27.9450583271273
8291.59 3.09141412615524 4.19408066749486 27.2180068635298
8680.17 6.89946382311108 9.88039573976863 19.109279852164
8834.07 6.24223765132717 4.49447146389092 23.481579455296
9006.46 11.2435971773261 5.09219961053516 65.8346481995686
9382.48 17.5530387359721 7.14753326065128 28.6369653400052
9439.71 11.222503383555 4.53252670494514 47.549368138265
9824.64 1.68906772609812 3.41366760722315 30.1756092763844
10230.59 7.6269877399941 6.72657819378293 59.5779905931213
10348.68 4.18184581159341 3.36998088492607 27.7724726413944
11060.14 2.11308220479147 3.11319461466487 29.2735329596562
11125.01 3.8593134547098 5.54742863351961 32.6668655373287
11642.94 1.59078963809989 7.34132847696137 31.0063917797488
11998.93 0.370738293630784 4.87201469653151 3.23777163671912
