4124.38 100 30.4552427093837 10.2792372260819
4368.01 12.1448060707933 3.44357344691463 30.3466059062121
4582.95 18.3257708083764 6.54824250083343 12.5030301127163
4610.81 11.2746133174685 4.02112685305599 13.3228531114846
4975.75 20.8261490586228 3.37332752122672 11.6899364030287
5002.72 23.6340592022044 3.33720695644293 21.6233434192054
5049.05 32.7837869411467 4.82594300813202 11.9682520911429
5253.04 4.86198200091142 4.47488565537934 8.56704977980098
5401.13 4.55851065703329 3.31169339301232 8.16621469323309
5439.82 4.5169574997344 3.05430368558923 16.3907970117743
5473.28 6.72916665041567 4.44265317848661 16.0616172769242
5744.8 3.71126033720763 4.15001288026111 15.0062869739668
5974.54 27.9423607971231 10.5271143660386 13.4498523931261
6056.75 40.1936324094559 10.143859678414 23.982153841308
6152.37 41.1757346212549 8.84635029916136 12.8374500886603
6301.35 26.5051471402625 5.31236449807198 14.2239724837109
6347.45 41.5795605607405 8.71991049329215 24.2192244210419
6646.98 6.07580997233557 6.27446427070439 13.3316002729634
6693.32 3.49848037852363 3.48663727875238 16.6838956319289
7024.18 20.7666998501488 4.13932008090163 16.6734222181431
7055.03 18.1980040062047 3.022055944436 17.7652048566215
7101.57 35.6804305296946 5.91022777392031 18.9986723643742
7739.52 2.46008447642957 3.53643530468118 16.3071648474697
7856.06 6.20229514547042 4.18605822759601 17.6564354822658
7985.17 9.66153775761312 4.81752639248469 22.176552078914
8011.99 9.42441166794916 4.88141189757964 32.4961312533842
8288.76 3.08463542831531 3.61774361606155 16.5028887050703
8680 7.50141029140235 8.84761313039747 19.7125913001673
8834.59 7.50436604861718 4.2195063046776 26.3279249554835
9003.52 12.5899528877527 4.56569191324432 65.2872060376885
9380.54 20.8068755464497 6.53977782217153 31.3036173030468
10230.41 8.54800651347234 6.76446818167706 58.0353134069228
10345 4.48493871344426 3.11600704632878 31.5886523698355
11055.79 2.74731571360941 3.07597851063314 30.6791619879878
11120.65 4.35368088546218 4.75855057464817 33.9654653446178
11455.97 1.22637849824734 3.13552890727493 25.4453599355475
11639.06 1.8339386444899 6.7217741143621 33.713553927666
11712.82 0.706007341169586 3.01081533879384 10.1793520646497
11994.61 0.305199734908774 3.1898288105643 2.2579249920509
