4028.5 7.09881289146391 4.63835747482137 6.4847694492737
4124.38 100 24.3955183408325 10.5263516074874
4368.26 14.5452913356852 3.63664375534187 28.8139710600708
4583.84 13.0706050120746 3.53405028724243 16.7084039216088
4611.57 14.8712330736657 4.35247280537838 10.8851442625855
4808.78 7.72248537598611 5.58167398516784 9.75382367459315
4975.1 41.328728790951 4.88462129106639 12.4081154975611
5049.58 32.6402422321969 3.48488852679773 11.5894483820339
5254.8 4.85437182034846 3.22748323243315 7.68246205181549
5474.52 8.52977397467854 4.85957209412909 16.8360334949857
5976.12 35.2782986949044 10.183256844892 14.4942601709754
6056.61 27.0127488992235 5.29559155818988 22.0649644425666
6152.37 36.8276029258482 6.77183588032071 14.125097428072
6300.76 19.2715908198259 3.68256409874114 14.7466693091446
6347.74 36.6807110893698 7.45194634034894 23.0033409400467
6647.13 8.85501295517135 6.06046080791475 15.8188681618758
7024.49 27.4056222075039 5.19205375163534 18.6885054480508
7101.73 39.2697111416255 6.21432056000716 21.6810206960481
7985.33 7.11843009937876 4.0736597371028 28.3393811836304
8011.66 7.75800745272728 4.59401276676149 29.4193238103226
8291.09 8.58927964854065 8.55809230152342 22.3925589292521
8679.15 7.93666962369099 7.38280295100566 25.3480184518648
8835.61 8.92524524234451 4.68587122157911 28.4938341270117
8980.58 15.8194132225468 5.95941223248376 64.0634028778222
9384.24 14.6853893617127 4.11509079641272 38.6632907095227
9436.36 16.2043571298735 4.76730503395692 44.0649528632584
9827.87 5.93219407021596 7.34205824498682 29.2592210617677
10228.4 12.6941478151015 8.16630023161214 38.5512672616787
10347.02 5.6485152582618 3.13132073133172 36.3868908233526
11126.91 5.39336578982215 6.4883635166027 39.97646028294
11457.31 1.83642838710152 3.08125488199072 41.8850207790128
11637.9 2.09846260768959 4.80099117694503 39.6588812200644
