4153.67 57.0037069019353 53.3373248311364 9.33617909070745
4296.92 22.564178058743 16.3980753551333 8.60144225329623
4444.68 7.51105244709691 6.90743051659549 7.36595131791728
4496.29 5.39743210680738 6.59261538633138 11.3299139506089
4649.98 5.93837711727999 3.58932413793021 10.9010979569239
4674.45 58.4714456981531 32.5800128686122 9.74829159829551
4896.17 4.84687173819491 4.52063469592452 10.4655623114395
4917.97 10.1033435781512 9.84837134949282 8.58743319528458
5112.82 2.46472856527293 3.36607868022122 7.58207756524462
5174.72 6.72647071778779 8.03120057225812 10.3438628526628
5294.15 6.63124062396467 6.63937137366605 9.84647621808381
5383.05 26.7207619330233 25.2222900502236 11.6510695121115
5649.96 2.49585652143744 5.42651304366855 7.1483790833754
5757.3 6.24539700816419 6.92404943233408 10.7055751138287
5818.32 18.2586719480279 15.6688294485651 12.8602605232563
6247.87 22.573595035043 14.8760897984689 13.1295949434952
6318.41 44.9358476744193 23.1533959870797 14.8216395153295
6449.63 6.13489950788227 3.09430817325806 14.7132597547688
6512.58 23.9883378193726 15.2344110852473 15.8842720027669
6791.44 100 18.4974785525282 16.4800173962412
7074.89 3.13915066671874 3.57398113070029 12.2694629930893
7477.41 3.4508111361738 4.52336054983586 13.3434711696336
7591.17 6.08472651329914 7.62633392999647 20.178547961139
8012.75 8.19388099736821 13.2726543521681 18.7510181713023
8070.77 14.2854341556472 19.9195408562009 21.1451971463994
8818.49 21.9024888454006 32.4950402457813 22.9350337102678
9108.85 6.4365423526167 10.8482848085828 20.468968922869
9560.01 56.5482330375083 16.3567375077636 28.2709910604499
10037.35 7.31591631152063 9.59691770133359 27.282331806935
10414.12 2.1247994197957 5.94159318484515 20.8478752234278
11072.83 0.764217737648055 5.62856337379174 26.6160179735252
11465.13 1.50199190367047 9.59147083634199 25.2039056229733
11860.44 0.268556968649963 4.97542404240119 2.69617068199477
11868.65 0.183690355607654 3.46275986768285 4.80237181271332
11879.99 0.256832385866213 4.98254503288204 2.30719557992597
