4150.89 37.9611754279308 32.3007523970581 9.09039106833279
4293.85 25.7365634825671 20.8805626562691 6.60575366424928
4441.69 13.1695368846051 12.3531940330772 6.14227267993101
4670.49 72.9142421994486 38.1057728444998 7.13098842152795
4914.83 20.0510185398256 15.5952174121393 7.13734095155451
5109.9 3.95549305027891 5.0610174888208 4.66125044024648
5171.51 2.61854746749761 3.33258843791866 15.8354335413333
5293.47 2.73133925923827 3.40036195878228 8.40829216895327
5379.37 10.6301994228533 12.8335428163818 11.5419605378147
5599.76 2.43375550624241 4.26450095779439 5.62136444009411
5647.87 7.24228218535619 12.9547041002032 6.64956773108042
5753.51 6.0426337254117 7.18739792564779 8.75653313722705
5814.22 21.6252772187498 19.0127791601082 9.4808344346111
6243.35 45.6099405336401 31.195876509356 9.49338282852295
6313.42 45.4794834221332 24.9965863794515 10.0796977939599
6506.92 28.2111836618062 20.0552723709004 10.549479663925
6744.03 31.331377027286 8.21162492673783 10.5388819492664
6786.13 94.7762036211553 24.406438177858 10.6096962289503
7072.26 4.94169566775615 5.03880029469329 9.47697563015663
7147.56 3.53645851848323 4.17940145341951 12.7748459040995
7228.52 2.41483243662159 3.25936724214095 11.4938447569912
7584.47 7.77499449068532 10.0297329730561 11.6605893882424
8005.22 15.6624850811509 14.0891008201145 11.7968348178329
8063.72 21.6402647907772 18.3826528171065 12.8674398137873
8577.6 0.921206014783246 3.24793859606495 9.37037814118958
8811.48 36.7392544999073 48.4368652501667 14.1185252952855
9102.26 15.1620625681535 20.0545576924775 13.5996626132292
9550.62 100 23.8707856971863 17.0556829869965
10030.82 18.5638995261612 13.8291741703605 16.9071779190599
10410.07 3.45808049861712 6.17019790153948 18.3010685080753
11059 1.44725167740999 5.55446990570562 18.0469341430726
11367.54 1.08018978593816 3.00696816960646 18.4777365381015
11458.97 4.83277130504911 12.8645897138394 19.2809674730488
11516.19 1.13633657535334 3.11427563375016 37.2410274218637
11844.42 0.583903335620689 4.2318333018658 4.56570751700201
