4151.98 77.1188270951387 64.1073107624975 7.95966483576558
4190.45 4.04508833974911 3.11858359980911 6.98117707780602
4295.57 27.8605014520146 22.1083560023579 6.81334159555081
4443.68 15.2830647396299 15.3258066130182 6.23650274269949
4495.41 4.80989465325175 5.87172225122333 10.9333224991224
4672.41 85.3631158107729 41.7215957915503 7.40445088365595
4917.05 21.889759509767 15.8015609046964 6.97779863263713
5029.86 3.52241738866115 3.0694552662035 5.80845423938808
5111.36 5.40307650833437 6.08293403506167 6.12499864360871
5173.25 3.52497511009673 4.08973127689219 12.6733893210967
5292.12 5.18179947102976 6.01627179059918 8.99755306375391
5380.6 20.3299764123851 24.8450240397242 9.07731141989461
5602.26 1.65625398064894 3.36004439543211 5.92876787620298
5649.82 7.68516407316448 12.9080284724733 7.13008057134812
5755.9 10.13711681469 9.26695117926491 9.67835165877113
5816.2 29.5928944159778 22.7866294904817 10.4393650676893
6245.68 55.1817057538198 35.6434360684248 11.1201367155527
6316.07 50.6072523093279 26.8682087483103 11.2754857268101
6447.55 6.73120399968451 3.60110520420112 11.9905365843579
6509.45 33.4924355716022 21.3515620209819 12.1286290322851
6747.06 43.2451781784437 9.35369734454106 12.5744417427932
6788.86 95.4261232395596 20.389469913439 12.82046084992
7074.58 7.84064446602421 6.23416837828364 12.0499185272893
7151.28 4.17834640549973 3.93202034263282 11.1698396253287
7229.3 3.11641686910716 3.47796605214378 11.0931601040802
7479 2.63899401329126 3.46164843043333 12.0068283138417
7588.62 8.42526661544632 10.3526436507213 13.4661884704865
8008 19.6142920292329 20.1489012804523 14.4219116245176
8068.31 20.8878161507618 19.2442519960321 15.455535147079
8545.21 0.833212138091106 3.34998260567447 15.3332667926388
8576.25 1.09346484292491 4.54414954607838 16.1207034700474
8815.24 35.1899119681865 49.9693367338546 17.6685076061549
9106.08 16.9888611474759 21.8432648696347 16.6079885986783
9555.93 100 20.427478141731 22.8114974174823
10034.99 19.6685180078071 12.7155983773384 20.7197997794901
10414.31 4.0927429147536 5.70718531258549 20.4217685764488
11067.14 1.01864693915153 6.42338493194738 23.2292829950329
11374.06 1.15763023421557 3.78585265183125 21.4416677069221
11464.56 5.09978585412814 14.1167030597279 24.8751891727807
11857.51 0.357625734941589 3.05523828555798 6.23039391038583
