4152.58 55.6905089404871 53.5530875135098 9.26044828221529
4191.54 3.88694226302669 3.43495593594825 8.00900704125343
4296.55 31.4872808208431 23.3378718428492 7.32880495916925
4444.8 9.80605760110176 8.13615534998219 6.79971074936657
4498.42 4.68706520173939 4.97649123746796 12.9256417357374
4673.68 82.6098150619741 43.829754894419 8.17101743513922
4897.87 4.43670772645448 3.18322533629538 9.42316173629388
4917.97 15.9321700759701 12.2598025474349 8.33699517497007
5159.21 1.84510548813523 3.02156670260461 5.89738385733926
5293.88 4.94521865127026 6.42035069863375 10.0948357088973
5382.91 18.8590716767463 20.5077914234055 11.3180693686736
5650.52 3.25851777675068 6.08800923113212 8.5195885618632
5758.29 8.00328200591284 8.06525348049822 11.2417393446967
5817.47 23.0330238498394 18.8621732216406 11.9489840057176
5971.65 2.76006532714318 3.1309370940824 9.99813657807226
6246.85 25.7667167645289 18.4384058206067 12.8336255832583
6318.27 41.235737484787 24.4367960700305 13.5808662348327
6448.89 5.24003931762061 3.24200443088802 12.9619539064415
6511.39 23.2335569960623 17.5728839697342 13.5118055107796
6747.81 15.9814044943526 3.50028002513535 14.9063493856511
6791.13 100 22.0774067370463 15.4990411171311
7588.78 7.48262463512783 11.5679195008365 16.5672884201731
8009.64 9.71242622731613 16.4355398003399 17.4148493056991
8070.77 16.7507603976478 23.762180513134 18.1405800678176
8575.74 0.588688339244185 3.04838154291238 3.29042019290864
8583.51 0.671853611793412 3.58616896378132 3.13416508458249
8817.12 29.891992584405 42.1485446274603 20.9882674342789
9107.98 7.99645570202593 11.8238009925748 19.9541414492851
9557.17 75.4270571104217 18.7416884318858 26.1808018828251
10034.08 11.5176980624172 11.080094812177 25.3545287366178
11065.63 1.06192104344418 7.38002352962398 22.6348340670083
11463.59 2.04962644076238 12.4402770364864 27.1042266443583
11837.19 0.196257890324352 3.62023094733961 1.38019958870973
11844.02 0.200809410526473 3.80244988865404 1.2695541427147
11851.06 0.161150673421627 3.12259725928898 2.47836730795098
11859.26 0.173181459903306 3.47256293552482 1.32262712945885
11868.65 0.152667876858414 3.17473880025632 1.19889741423685
11875.49 0.162933157478696 3.49315144622739 1.44994651470188
11933.63 0.121684300595005 3.46636345953313 1.01466792038082
11950.49 0.130154078122213 4.10708727134704 1.3632930740423
11959.51 0.140960650344667 4.71983482147105 1.06230789409892
11971.29 0.129607417814704 4.70545544662728 1.46442025645229
