4150.41 94.1253564599709 62.2559783163842 8.17275601312849
4189.12 9.39306593156346 5.43975305612941 8.67881557937289
4211.21 6.30429695952564 3.56146103275581 6.96085128502909
4293.85 25.3266496478575 15.5701671403769 7.35179225246429
4442.43 17.4985699517193 12.5571691174519 6.7179727389439
4493.78 5.29558396673809 4.45093907545813 10.5736714074455
4670.62 57.9444365526046 32.2952372767806 7.53994921637513
4894.08 4.09138427396439 3.21750893861078 9.1400730092173
4914.83 21.8196753653451 16.4562950312239 7.51502706057727
4932.61 4.03321999467834 3.01961346672685 11.4147265540259
5109.5 6.23984247634175 5.81636090940374 7.12738857598197
5172.72 15.9289410313843 12.607401812641 9.0914804125332
5289.01 6.17159204254993 4.94428526555535 8.35566482154445
5379.23 23.9915109762697 26.4777186005647 9.04578045213293
5416.89 3.36474049062772 4.21948582188092 13.062715588736
5647.17 7.52971895587732 10.1814479076108 7.95576393876581
5753.65 10.9603235186654 7.62756344246763 9.38257393047297
5814.22 31.5692596518892 18.2781156313912 10.3401485733611
6243.35 59.3586702141594 26.3363091842013 10.7335847942923
6313.28 53.20763403042 20.5352633425032 10.6134229991821
6445.33 6.9857798548615 3.39184684059171 12.2216110449217
6506.78 22.4223005822878 14.6757128819891 11.3579726010848
6744.03 47.062712635917 8.70047696382255 13.2159834015411
6786.58 100 18.0643010839517 12.2065382640494
7071.65 10.0688164621998 7.69680684037139 12.8287058893966
7148.49 4.70278547985313 3.98866980303332 12.1505240791785
7224.78 3.29211104505829 3.2285226864126 11.0643529511044
7475.51 10.9237084881576 9.36428760732765 14.2117216254674
7585.1 8.52124724841822 7.30720069213546 13.0320423031726
8005.22 19.8018346198851 14.5092124688006 14.2511541520134
8065.03 19.2329743021759 13.1104391063328 14.603627102354
8543.7 0.848528183670398 3.24909085959244 14.2474716854085
8573.88 0.878539703283394 3.5115529682416 17.9364553501873
8811.82 33.9478442496359 49.3055429237793 15.322547037149
9102.78 19.2845941020084 23.1263796442561 16.2063377193845
9550.79 80.0360664670329 21.8251107168918 18.562857617324
10030.46 20.0552882837371 16.0736275150074 18.6827079343911
10411.91 5.5086811794809 8.86717147536327 20.8565967552477
11061.08 0.85275658688826 4.25087365316135 18.6717858150423
11459.36 5.00113093231801 13.0970351593466 22.72493163535
11846.95 0.831630622720459 4.84868755143143 38.0158496348049
