4151.38 60.945560400592 62.6838174252928 7.58445762137671
4189 3.88813148360069 3.74710558617933 6.62247137737631
4294.34 22.9527756251618 21.146445087471 6.22950103012499
4362.04 3.84094862636841 3.34772095855876 9.28277661549873
4442.93 8.90583693605301 9.77836739188763 6.24661301823744
4495.66 5.94181696014142 8.11579196834654 7.56483051361101
4671.9 72.5194362612516 45.1972012327486 6.44171996533078
4894.74 4.27122681782999 4.3405774209037 8.12023966290781
4916.4 14.3167180169181 15.0411376780384 6.43384101601805
5108.7 1.76969958262794 3.51804101403659 6.36365016484706
5172.18 1.74187641587793 3.27868666126114 2.8054624485776
5292.8 6.25330808817392 9.17325283250034 7.88098620626624
5380.73 22.4225518117143 30.5974221639464 8.27478138025617
5649.26 3.62867747645643 8.8523120788616 7.65846195007271
5755.2 7.31048582706196 9.23661144744913 8.44648392038289
5816.06 20.9671553933713 21.3273313793076 9.49874627674399
5971.22 2.51970633361021 3.36631011511517 8.68190810796841
6245.1 27.6603187406787 21.4644901608952 10.3370039151323
6315.33 43.9999064704138 28.6167391656033 10.0594205556354
6446.37 5.76023780004256 4.47178923365895 10.5038344384602
6508.71 21.8573928873849 21.674711713196 9.74831109175466
6746.15 17.6681367092184 5.24267731582119 11.194980985546
6788.4 100 29.2984732473477 9.88829977848491
7074.43 2.53786585841526 3.83849740251844 11.8093747702687
7148.8 1.78583505266115 3.27954850467216 10.6984576540572
7227.12 1.72428494334664 3.55972961969884 10.216654877283
7586.22 5.34182171090475 11.0867968073981 10.8061502089022
8006.69 10.3045319765081 14.8472805813523 10.3906934578899
8067 16.1100315735549 21.4628521568427 10.9438574331007
8574.39 0.517081184937417 3.25465474488908 2.81000328420305
8813.7 27.8474728524447 57.5921997032617 11.542509299943
9104.34 8.58549264509865 17.6089744596313 12.073030959622
9553.1 90.2477488403847 33.3131396814209 12.5892313813456
10031.55 11.6873740369683 16.7373551621387 12.8409733262979
10410.25 1.41041302780595 4.43258508891061 17.9250523398132
11064.3 1.0147584722952 7.62159663904227 9.98018076551489
11458.78 2.00842433651464 12.0372990849054 17.8266566175735
11520.25 0.521904968974209 3.21349099042739 7.58424859989464
11929.71 0.203683608974993 3.2909530681683 2.5510338801887
11978.16 0.232750557418496 4.20480039610321 2.36600041606107
