4047.1 0.995611610671185 3.38237965715471 2.0143570458722
4148.12 12.2415532911202 31.736040144821 6.70009409164959
4187.06 2.57344157806047 6.29084299374332 7.23653537199243
4290.54 4.39898392001495 10.7356207351704 5.19331584932752
4303.42 1.34424844864114 3.29490312104121 4.31514698620413
4311.16 1.98775214136269 4.96964232169702 3.69048158733949
4438.7 1.4503959627421 4.70858116648509 4.20962123469508
4489.65 2.06932320561547 7.31218160794021 5.22064472089642
4667.3 15.4305926813177 34.2148272381861 5.5005369221808
4686.06 3.81223778293782 7.95577209662715 5.75941916215834
4707.04 1.71092110011144 3.41267226320175 4.30383186018389
4890.57 16.5723538864083 40.9144789608643 6.28499825303788
4912.74 2.26666520017493 5.25361961487689 6.82319547635598
4929.73 5.58072818045121 13.2434973919122 5.90527057292184
4968.52 1.72666450303255 4.23614772549663 3.00682615406186
5168.57 1.22350444502849 5.50227913648814 4.38512285419802
5286.17 8.69898990252442 19.2603941922642 5.91963600409326
5326.51 2.49051610559459 4.35351365000544 6.64837004731817
5374.74 26.6340672591564 39.9806763327384 6.70237354144592
5413.74 7.89146830413907 11.9556745376009 6.90713089143355
5455.07 2.26664644639359 3.65420975859107 4.5185842424462
5645.5 0.629034460077662 3.08216999724815 2.79011510806868
5810.27 4.04483032602038 14.675319948626 7.6213012252083
5848.3 1.20364243337416 4.31763294900296 4.55576116050543
5888.14 1.25196591921187 4.50866619041048 3.64939907032385
5925.27 0.809199430941691 3.1755424269174 3.86740962362637
6074.27 0.579358758556439 3.94198742350743 1.33838141092838
6080.32 0.499072729563908 3.42248907077134 2.28568653843286
6239.26 5.49449948932365 16.7600303235012 7.9238368093902
6310.93 6.6472870865679 15.3487193659591 7.47090465964538
6347.06 1.69250591966844 3.45028335579419 7.9296241084794
6441.04 6.40056632701946 12.0257168811662 7.05136818973642
6462.52 2.47323201348516 4.5451506384435 6.55024036708255
6480.03 1.90951413822545 3.49079109617794 6.69911925437009
6503.21 8.21967512271708 15.1851587692587 7.52458909030975
6540.58 1.86603085848917 3.40164822648433 7.59734743114404
6782.49 100 34.4665172033216 8.05190133517317
6821.2 31.9874918880295 11.2929236818473 7.73838263806101
6860.92 8.97320087254129 3.16134178487955 8.16186736336022
7172.11 0.442726097171123 3.00387855397156 1.62311782111647
7217.6 0.485641311534868 3.22324785551901 3.12170281613908
7292.81 0.559976133359192 3.15871152285111 2.02509918446412
7298.3 0.591180162742662 3.29277781901683 2.42592287529988
7329.85 0.641851553105314 3.32799784337685 8.87545781066819
7581.59 1.48757180331352 6.98552224669494 9.16026785690156
7598.99 0.669053899926381 3.13836345857539 3.48477490888854
7621.37 0.660184949667364 3.19095851964202 7.92983749721407
7797.42 0.436423477140179 3.46886725479224 1.24108104471634
8001.62 0.546240030241282 3.95122435267928 4.60530495952025
8058.96 2.4458427067237 16.5621211637017 7.84933613143039
8098.87 0.616911416008583 3.85881197551134 3.74079704730957
8169.72 0.680598127890624 4.63371700712651 3.27892969319237
8187.73 0.471876221803392 3.25465933602356 2.86210021492661
8807.89 6.29014961549918 44.6654421668265 8.89311842647658
8823.96 0.542743329583592 3.69041461107208 5.45143254458162
8845.52 1.45475545719099 9.65117174865588 8.63766506504362
8886.47 0.528223996931366 3.3555209070866 6.04603715174562
9098.27 1.27983636159597 10.5322603989238 7.67838606312762
9136.8 0.473217258100831 4.20523255532725 2.21767504384297
9175.58 0.346186493745454 3.12298534745038 1.15646090432529
9545.48 23.9025998354133 54.354134426832 9.84064599198791
9584.68 4.68056509092761 10.1039377518061 10.0448409432574
9623.95 1.43388848891563 3.19259279067295 12.540841277103
10024.48 1.36225395926513 13.5146512123037 9.84295238485538
10098.34 0.288573004151056 3.01479273016969 1.12280919873592
10242.23 0.29022631439448 3.46501879182768 1.4442656364954
10408.04 0.267592264531683 3.84576000703545 3.1866131579427
10737.27 0.170936554185954 3.36158075123088 0.842506053215402
10751.11 0.178932760504862 3.52067546958185 0.489162293051777
10878.04 0.158554739464544 3.03250538488485 0.860141019680668
10889.14 0.171535000065741 3.27218539197752 1.01257687299767
11053.51 0.175345105459505 3.33221430929011 0.651040854989333
11061.84 0.158332234618569 3.00900777236156 1.07256551326645
11199.74 0.152087895371359 3.04161773550996 1.3602229299795
11437.24 0.157667943388988 3.58360496599078 0.677375348233909
11452.05 0.306689691211683 7.03188810025365 7.13824012554323
11459.74 0.141485370394858 3.2561491563141 2.53779627914264
11527.58 0.128203299115988 3.025920473932 0.66415199326002
11558.08 0.130198532952246 3.10617527194787 1.03072429653002
11621.14 0.13432376068059 3.27765361125957 1.40609062318617
11639.74 0.123701753287207 3.03888118553763 0.437946492438641
11835.82 0.132740634979462 3.26619556376089 1.28409060570448
