4012.7 3.0730887465086 3.75030508667618 1.81050732787571
4143.29 2.86564907107466 3.66440532370601 1.37263076604813
4146.79 3.09392668912423 3.97361602925041 5.63506978227088
4151.62 2.41734864782657 3.11117207309226 1.41288712142159
4349.08 2.21575352267601 3.76718262270721 0.9080114244789
4358.7 2.14264926420312 3.6470959823928 1.25811976231853
4488.52 2.20305123255037 3.4608031523669 3.7017612048694
4703.2 1.46664734967389 3.00401135365939 0.834662147483868
4732.93 1.5524516489276 3.09492482005588 1.06923499393724
4813.19 1.80304200809322 3.0354776243976 0.797218428540873
4891.22 14.3007439392033 20.8574959295456 7.15613391333045
4930.52 5.46605598257673 7.71026143934327 6.30882045297949
4938.37 2.32331110826353 3.25011672924835 1.90788659108239
4970.48 2.13094603411989 3.16275237629257 2.95161030658346
5147.06 1.10514373665674 3.00874872994445 0.879288766445825
5163.09 1.26866609872501 3.21252873632712 1.07475276665355
5199.23 1.39285069723431 3.01819187411951 0.995706681695083
5287.79 7.96766833531143 9.28194426074072 6.57296463721923
5375.96 36.8874668703032 29.0508156535201 7.40028507209627
5415.38 11.445564901905 9.02363289821537 7.70239332746678
5453.98 4.53537095273021 3.71307934863636 7.08066188551493
5679.4 1.46343277510843 3.20319493881702 4.7265229372224
5849.43 1.53120667087294 3.26809710684117 1.31617379856743
5888 1.94843671187515 4.10997028292566 4.67519525873104
5928.83 1.52225708116912 3.33616940550659 4.35770779617724
6181.32 1.19070158329212 3.19706795238611 1.05781115776881
6311.22 4.38175826589595 8.54533997971214 9.96668104140463
6442.08 6.14026659278205 10.4801465821258 8.94921319575587
6462.37 2.29023741059124 3.88810769426133 7.83343549159417
6481.07 2.24213290986781 3.86453222141324 5.11964326992256
6504.1 1.741152040146 3.05027830735811 3.2103331790604
6783.55 100 33.109950643107 8.9690108840814
6821.65 28.8921993090775 9.49687689232111 8.37487309216885
6861.53 9.84502211996314 3.11721075465855 8.08906420831318
7374.68 1.09905631529219 3.53993799399029 2.50616919347158
7475.67 1.12491721555879 3.47654234132192 1.44803846214199
7579.68 0.999108149307425 3.10027253110961 3.78534252114241
7666.86 0.95566362226445 3.10781814945778 1.17059156637606
7915.98 0.7379401341701 3.26799746968745 1.26437101865849
8025.19 0.62582121013709 3.00153494285218 1.48986302221238
8066.18 0.631931311262147 3.06710006745934 1.33223527532027
8075.7 0.619396946716212 3.01461615677128 0.857492649351116
8107.42 0.746327455921688 3.65775277235826 1.17675286740268
8294.48 0.649669789218085 3.1497604854812 1.36659751123261
8354.26 0.658807457939754 3.18963839620628 0.745909800396475
8364.77 0.700686571184507 3.40676883146853 1.04116286054705
8461.65 0.624440831760463 3.1500282482927 2.89450401182148
8562.58 0.627659651200394 3.31639728361962 1.72891410575539
8577.26 0.617999305619406 3.28816874562574 0.897294124351902
8614.27 0.583825609540388 3.15393126227621 0.753016734759512
8626.62 0.680287566880906 3.68614788588301 1.1341315506088
8728.78 0.544778511329762 3.01200094881719 1.01904071563513
8842.61 0.516618839548747 3.00685788648898 1.28922944505211
8866.59 0.525893598419548 3.09656339604697 1.43606498801091
9020.91 0.491142864129506 3.23527224156388 0.486038258826738
9101.05 0.463304489104558 3.1163030637977 0.657695867099392
9159.92 0.50093271370968 3.40946290350048 1.10183528944799
9198.57 0.495310229731208 3.37861978579056 1.44046674167475
9268.04 0.463347872890657 3.17315900199723 1.80134885466759
9352.67 0.452162919280122 3.17166058626802 0.758629616902908
9421.44 0.47226953480586 3.38911401125134 0.677030448556252
9463.94 0.448164074358341 3.22526249097166 2.1169522927994
9798.8 0.437052893042394 3.13968329952436 1.95282014352597
9916.03 0.449500240699674 3.2596507068297 0.54667098128084
10470.04 0.385338020012856 3.14677033931889 0.473284904337561
10675.31 0.364351422585198 3.47003855719153 0.77581557400481
10682.02 0.34710978208083 3.31734895559134 0.819559570123602
10771.31 0.359523453461392 3.60870634214596 0.597757594227005
10887.63 0.337073511472226 3.48148887311327 0.431877755025198
10979.02 0.292900071700811 3.06306864076761 0.777514542030985
11112.85 0.289299065912884 3.03606774584714 0.622008206473765
11187.55 0.297333947845894 3.12055355481111 1.34890804992938
11233.86 0.356824783999336 3.74423327025394 0.691779014248823
11338.98 0.313507511723861 3.33101388728397 0.238858649026952
11363.89 0.297964826538675 3.18964389373743 0.489079488479547
11437.62 0.287580133637092 3.14864540661336 0.678052429459058
11508.87 0.331243453081192 3.76034970863092 1.34259783634661
11619.78 0.28785827349056 3.52569041064765 0.313575031646906
11667.08 0.25562521965527 3.23108971582126 0.674560767594812
11753.94 0.225743269836186 3.016815751813 0.521477034320924
11764.07 0.244671995841576 3.29185076030461 1.47428445519472
11807.14 0.22970421752661 3.18144829928387 0.300573694050399
11830.36 0.303607414104595 4.25281654917721 0.496492980906623
11840.31 0.231149172950119 3.24548667932513 0.642575221672814
11875.69 0.250176323543262 3.54261853607459 1.45035013756569
11959.51 0.252196349141075 3.64486373830898 0.681371484462943
