4013.53 7.81080152580765 3.16212277944578 3.89407921301199
4196.27 10.25482906226 3.86358976244024 8.00392587601982
4210.84 33.2343823764252 12.9850617092313 8.69007162937487
4490.27 4.19226506527558 3.76941098281614 4.51506730588153
4513.97 4.56703916583934 3.60853326804866 1.10109054300392
4592.87 6.35230281496435 3.19262099429314 5.1769055586683
4633.95 10.1770729460813 4.29767720297973 8.98410319568302
4675.85 16.0663749946237 6.9485328861629 7.00219250881219
4718.69 8.20105774981266 3.59427043889901 9.15793948075498
5058.28 19.5232417723466 11.0533447552693 9.64386575308981
5096.87 5.75579354744812 3.14985029124411 5.04346232242915
5250.7 18.66486408811 11.010878743091 10.61240884584
5468.38 4.27046647462493 3.30429451026602 4.23362920578438
5471.54 4.62861616146896 3.61343830688851 1.90001441311961
5700.79 3.10274413445038 3.07419764090115 1.75582316740019
5803.21 2.96197930602478 3.33299413852862 5.26857574701808
6006.43 6.40273936369951 5.93518861754212 10.3126940912525
6187.28 24.8614545349369 8.32965699021649 20.9381075723331
6272.56 18.1710839471831 5.64037001838558 11.409390434178
6786.73 4.5208406076097 4.45154968521872 2.00632862132807
7060.37 3.37109301331556 3.1904270704663 5.11900103581229
7173.2 5.67404573810432 3.54188967502544 8.85018605127698
7289.68 6.6337202735583 3.65118790739894 12.310563440843
7335.97 9.82961520996391 5.92696919224622 13.736376066021
7584.63 100 19.5023558885516 12.8189529029605
7948.55 4.5422932093144 3.19734553411213 6.45810847090343
8313.94 2.59977044571073 3.33845336031826 6.78851744792519
8557.18 1.82627082566057 3.22231730470875 1.75896740139433
8796.45 2.95540753415632 4.05306252190852 9.52448989777804
8804.3 2.23769224840689 3.01566282631417 6.02104601382598
8820.37 2.30403286320751 3.03749736587288 10.8120509901455
8913.25 3.71814736919956 4.62899797149751 13.1596257021592
9398.38 5.52642652026689 6.45093510109577 13.8080711922485
9460.76 2.84410865674179 3.32737607310377 12.1015756615834
10378.21 2.17239925169169 3.2803926989494 9.8881063367553
10854.74 1.6608106879732 4.07297404901407 2.88855587152466
10868.65 1.25796349863256 3.02172901261745 4.629400019483
11107.34 1.1883482666229 3.23845136392637 3.93633733370734
11427.05 1.00435664341715 3.35480334596899 1.41583238500789
11680.27 0.984758334516544 4.1830650464275 2.35028159776448
11770.69 1.24586724473658 6.54965769382129 5.67726895343731
11779.06 0.922897471805368 4.93194397646808 2.68451908650059
11786.08 0.921038636886233 5.01320331149188 1.64663463988472
11795.24 0.606869019216552 3.35680310609071 2.24679304507117
11812.79 0.771367059710176 4.50421513161567 2.59259692575324
11821.77 0.668113399752697 3.98842549112621 1.68627948044559
11852.82 0.557831573838659 3.54766309979963 1.32683040700613
11884.68 0.6540418849383 4.48356747469751 1.37283411804856
11985.81 0.387707405685444 3.46816113354653 0.233345059381463
