4013.18 7.49938654509675 3.21367038247731 6.28961639793488
4145.34 9.06723376728342 3.34761537733243 6.23739080235009
4193.6 8.56127389816131 3.09383562051931 7.69301320974682
4210.6 31.0867202342003 11.4786365794141 7.71431705787381
4346.12 6.92022793842175 3.37120491252541 6.22967269793571
4396.2 5.62610193923352 3.40020267911368 6.55160457366947
4489.4 4.55691374278014 3.98354918266447 4.08769262908936
4593.12 9.55088716242298 4.73991186854959 5.6997762067449
4632.56 10.5345715275738 4.39965026345155 10.1132686016108
4674.96 14.1538096271596 6.13966030817802 7.73798564188201
4717.79 7.6296187280568 3.45852567938257 6.54048516137391
4875.46 4.19342153455901 3.06213124330675 6.05174081126916
5058.81 19.0859509055069 10.532801797757 9.11999758786806
5075.51 7.32870655588669 3.93682715890314 10.6697294159985
5250.56 14.9558809349364 11.1683552568315 9.83084908202272
5468.52 4.01713347361878 3.91902155648732 6.77162537199001
5600.73 2.87649916284291 3.14812166571298 10.1055100036374
5805.33 2.94249657026608 3.38831743762545 5.84227364406797
5914.16 2.90990963024603 3.86595423691161 2.19745007562233
6003.71 5.28482892295617 5.77380009467105 9.83310651396096
6113.37 7.50089657351217 4.05736320809902 8.50594472794546
6176.53 27.7148760018211 11.2353074695574 19.9285860754062
6273 35.791560804611 12.9902602131798 9.90488712708066
6332.8 12.85487912296 5.34795583017889 10.4758842559213
6486.56 5.84395091816488 4.4849192370297 7.81686482144232
6751.74 4.47623459457694 3.62630526476493 11.336038746299
6792.04 4.20872299337216 3.52267496640658 12.5366635930659
7065.62 6.8366688598157 4.02341810099787 15.2518274282447
7149.26 9.08767138537607 3.67448857933063 12.0128163211139
7176.31 17.7291633751622 6.63783966139313 11.1375936038585
7223.37 13.4531462293834 5.01548052851859 10.4937202940437
7287.95 9.04886521273393 3.36280228904458 11.49237207441
7332.05 13.1040407646852 5.76320064057046 11.8577543096198
7583.03 100 19.7234793775899 13.2726541317852
7651.95 26.6520330063591 4.48341823632998 16.8498543788046
7946.92 6.99466168478957 4.60980160779259 12.8123030296647
8033.05 3.54530754074659 3.27281169970169 11.0357467841941
8285.83 3.56361055047929 3.95427742534155 10.3210878713162
8313.27 3.14909889116777 3.55702064905075 9.60694591815263
8795.77 5.64204695853535 6.16562507005544 13.6382531941326
8817.98 3.91327101442251 4.00240801029158 12.8882901444013
8911.88 6.49630853814027 5.89669014851861 12.7249639874608
9011.42 4.72295694859983 4.20992667346364 12.2408788934426
9058.43 3.47805290571186 3.20751840647595 9.19983663872881
9399.78 9.23178458021252 7.91392115655346 14.0709493679169
9460.76 5.01892220629256 4.40940936589739 13.8582432810981
10103.98 1.96227473670103 3.56619633529564 14.0383895647719
10211.52 2.26673872901833 3.51090355150826 8.29695992245797
10313.88 2.31324007805361 3.21969479281703 10.947514704043
10851.93 1.53330916117019 3.82469350768502 9.88627187950624
11105.44 1.6202462577074 4.6405003658457 13.3228580598061
11366.96 1.1368030406197 3.82494186794624 3.71328675354198
11630.05 0.781954296892856 3.02410245236506 1.21860241047216
11688.43 0.738106941527688 3.12037649461055 1.76968414292605
11695.22 0.720022726257308 3.0811520604618 1.47396551948077
11755.3 0.860766798357819 4.15144724336015 3.84149408647136
11763.68 0.91849820365608 4.50990771731246 5.08418120893839
11779.84 0.620689828467039 3.14374350920335 1.33910609379382
