4195.3 19.3107685528463 6.32513563978767 6.90965721712382
4209.87 73.0088942763151 24.0058444420558 7.83742988405629
4345.38 8.51942841884544 3.23794762217166 9.97490998728699
4394.71 9.10973897692831 4.13550142207191 4.92438200651577
4418.79 8.43034710790034 4.27942395000367 3.52268894664758
4592.74 14.9758411540167 5.57862475895642 7.31380000898753
4631.16 17.3348596403233 5.12050784228507 11.2078455441488
4675.34 18.8670622534385 5.91334816295011 7.96056770085215
4718.05 10.0398304436333 3.40231820474095 7.86326968375943
5059.21 30.3880761202106 11.5568925294413 8.23825867345386
5074.05 13.2326723504558 4.89808349205262 10.8388635676592
5250.29 33.4067610683787 15.0963720584892 8.33568299974104
5467.01 6.3796433781664 4.76745852804948 4.5815105744914
5600.32 6.2248431135034 4.54218702129931 4.38775274714953
5765.32 4.38585037493821 3.36422983914463 3.08447535825235
5981.08 3.6201249528949 3.32721964887094 3.43374320466592
5999.7 8.61673463203074 6.89122593947475 6.9406629596906
6186.26 38.2394999385378 10.0380273628557 21.1386313210232
6272.42 31.4701676564536 7.98596854786211 9.34861581945825
6333.39 10.1571017120236 3.12997480700518 11.1376968670629
6489.53 6.4451607598101 4.27591491377028 8.67378848089174
6754.32 4.76811692984293 3.25422803863029 9.75629263343035
6789.16 4.81527041293945 3.44476889749132 5.90507000703565
7062.84 7.02819546464241 3.90579321612779 8.79171328635857
7147.71 16.3757174751038 6.4870564180485 9.35480445935355
7174.29 19.6114064904266 7.11604176883317 10.2736803530215
7220.56 15.9185334142437 5.66181702164733 10.2600216329529
7290.15 9.45201920706292 3.28752030516698 9.25599794499249
7332.67 13.7010821126654 5.44947239070043 12.5729965662467
7584.63 100 19.6026751104134 12.5065583313399
7652.27 27.4154648490517 4.65612602952902 15.8319098637648
7948.07 9.99839023462274 6.17947489212601 10.2851787267355
8285 6.45293289005669 6.41441793449448 8.6957346918407
8331.09 3.01194979025847 3.15651236917041 7.65073038496303
8585.87 3.46752310338068 5.59244344145372 16.3565303464693
8602.09 2.44071373154726 3.91797923288796 3.68718147477375
8607.84 2.2176037368444 3.5100807837136 6.17973560621249
8769.32 4.57167743159642 3.820176966045 7.96980415204416
8793.38 6.86928417290985 5.3965006445069 14.494984080131
8819.69 6.41448622416286 4.69097480654631 14.1034410628727
8912.74 6.53050232959081 4.14963276328063 12.4785487289173
9010.9 8.09279054297232 5.01945576962869 11.9533664102219
9059.12 7.81768263044441 5.01069098415613 11.8649587017408
9399.96 19.1676773111049 8.74134164676606 11.4824400038669
9458.64 9.64098042833567 4.38798271713654 14.6290318096781
9492.73 6.49452297553846 3.06735877690781 15.1366791303026
10163.88 3.66429029938766 4.30379838823383 9.35186862716182
10207.13 3.66855972301195 4.15480047744559 11.204089475159
10376.55 3.21083811362906 3.5230804241544 23.2557238329118
10532.77 2.26208634139673 3.05269449836692 8.70359910295883
10847.98 1.62494364569401 3.18254146985034 4.96754822509865
11104.31 2.3997744831847 4.71078724165752 7.91391232292699
11134.11 1.66171810099772 3.23523961393468 10.3335658896176
11141.52 1.66546019942527 3.24905336506322 3.96029634283514
11366.77 1.66670765509629 3.55650737375585 8.1758760287521
11687.07 1.65683856947961 5.00072080044642 8.51719136906468
11765.62 1.10769705694224 3.98111072787998 2.15713414780294
11789.39 1.01463964338748 3.87494911604497 1.57503404654744
11804.01 0.758453175298046 3.00298417893064 1.61556336132344
11823.33 0.893786844702946 3.73803505558174 1.25700199479979
11919.13 0.800423719845695 4.13665946823275 0.82367696953952
11928.93 0.644348153123199 3.4071617312455 0.809689688001527
