4145.1 9.04078807475883 3.29812002742263 4.89883951403135
4193.97 15.6906191734437 5.2676389735196 7.10951251137703
4209.02 52.8578193213845 17.5959960423331 7.57786231333648
4394.21 9.176623595542 4.30377712163943 6.58451422365033
4418.67 8.4939361186461 4.46069852958436 1.43133419154401
4593.25 15.1778985241633 6.79163917593033 6.61480273225243
4634.46 9.81746296210191 3.66914058703667 14.8659115648488
4676.87 11.9420989550673 4.71209033684254 6.93414663724616
5058.15 27.7924531436749 12.2583133990998 7.43447529365949
5074.05 10.9729804022067 4.67920849293665 7.9654884627098
5250.56 36.2580713948931 17.537937309153 8.48812931569228
5466.59 5.20233774811397 3.77990662504648 5.93558430813755
5602.12 4.48636633484975 3.44627521262091 1.76704184518076
5700.65 3.88960065412393 3.14339482614998 2.4997862525579
5998.84 9.62623936894366 8.54907105168476 8.55296506385184
6111.2 8.08455885723507 3.27990059355544 9.09167621330653
6186.12 33.2148392966952 10.1807012691196 20.0932207552123
6271.83 30.843335686476 9.10319206315326 9.54756674068722
6332.36 12.0176060703624 4.33673135042451 10.7133517222101
6486.71 6.1366807831362 4.63134352040195 8.91592060143557
6754.17 4.61524809244287 3.4586062014578 8.12582569104325
6768.55 4.10520521340224 3.11173778120803 3.11191177082492
6789.77 4.22596193473688 3.31532033383495 6.11364476826384
7060.21 7.78105119047001 4.89812016166582 10.5591420254605
7146.16 15.2690685314564 6.39027358889667 10.8165985713886
7173.82 18.3644700842463 6.91681546169547 11.3215002655188
7222.44 14.7537873175505 5.51077100723579 10.2168959028586
7289.05 8.77103676472306 3.27254391825231 9.32201859449196
7333.77 10.0570753799662 4.48106029189293 12.4780103299272
7583.03 100 24.3095117386246 10.9274621962559
7649.54 24.4237026590425 5.05097329444617 14.3358518101804
7946.76 7.47755187431797 5.09493282590417 10.8547390859858
8283.34 6.11064722727 6.23056913534698 10.0644697136049
8311.61 3.12899229110553 3.26168515597341 5.7114805026049
8583.17 1.75531732462416 3.10653511177443 6.36168929837731
8590.43 2.34559564557847 4.17746521818538 2.93664466491828
8599.39 2.30853895291478 4.13417282460237 4.36718063021544
8607.84 1.88882574186556 3.34060670249213 2.72194980718268
8794.4 7.05197564992308 5.40829003928666 11.3175353908391
8815.75 6.37202879545227 4.53589034799605 13.4846382988526
8910.51 7.10995183302392 4.20610581254527 11.1106841032924
9009.34 7.23385271119412 4.09488697700127 11.2392930186925
9058.08 6.7090489595222 4.00216310827457 12.2296342461213
9398.73 17.7780853213644 8.15278559389794 12.2589019326897
9460.76 8.81262751711938 4.05738970144139 15.5637111683191
10001.48 1.78570153470332 3.09925372673458 6.33256436176271
10165.16 2.59248952434288 3.26677820266447 10.311082197044
10209.51 3.71136785225241 4.58912362450282 12.7479663871745
10378.02 2.58215894086295 3.0569746857605 12.713896168354
10529.25 2.26348321733661 3.23321494678952 5.2697002814275
10846.48 1.62620648164186 3.27151193013427 4.32104569604599
10857.56 1.55216380241039 3.12318007365274 2.13019193928267
11105.63 2.19539760536649 4.66465552056693 10.3683070902862
11138.86 1.46311498571784 3.10702817203043 12.4524772730838
11365.81 1.97199341823113 4.66739855947166 5.60460525273447
11684.74 1.73680844630534 5.83594965675307 6.1199046376878
11762.12 1.19487685809899 4.74570983669403 5.78867078176518
11770.1 0.861094227561621 3.46675684378355 1.68459026211531
11790.76 0.906130825799777 3.85302699418933 2.35594553275405
11797.97 0.698266661336246 3.01173518836499 2.43117320308011
11808.89 0.72607146653666 3.23070815607141 1.6879573949991
11893.68 0.696831168698093 3.73704279745494 0.815534666626263
