4024.83 8.45763983094424 4.16216097876479 7.23982507897017
4066.09 9.34998629635064 4.41992712022418 6.14474026411654
4194.7 16.9549668123849 5.92395929914157 7.44992960484888
4209.75 76.9752277846373 26.1222157358039 6.71174048342073
4344.76 8.96360741270512 3.02318575346151 5.39663555543666
4396.45 13.5800950700571 5.64961318579726 5.67255675217166
4421.15 9.46552000299779 4.51120976388938 5.28233180813186
4593.37 22.2519161291282 8.36758487246204 6.31867420505478
4632.05 19.0381607104208 5.40252719837052 13.1915567732331
4674.19 23.832345039584 7.03006085917442 8.14036246553133
4715.87 11.6930514781337 3.66033591768295 8.73695911235973
4900.87 4.32877965893829 3.53341154416816 3.53353725548368
5007.18 7.65047101904322 4.25836130046411 4.76588532518417
5058.68 30.433597194946 15.2078424106999 7.69800893615775
5076.3 11.1773163637779 5.43851152239835 9.84271730537421
5250.02 37.8221376127926 20.8508947490328 8.16700260996095
5465.63 8.2858500979944 5.94223064191403 5.77303007097453
5484.72 4.40719736341399 3.17188116369263 3.95106439004849
5601.7 6.17412169011061 5.08081227358534 5.59083643862505
5764.47 5.24919985546775 5.30598048464891 6.86765148049926
5808.01 3.00597117311409 3.37520368468481 3.42734367985395
5982.23 3.12341143740965 3.35593002233683 3.03532223068851
6000.84 7.88714542158317 7.12198508519398 9.16966632088497
6112.65 7.93383508900927 3.08521524288159 7.40036897023765
6186.55 38.779842158617 11.5673242603276 19.7344977922876
6271.83 41.6228333905621 11.9733087871143 8.92626355451739
6332.36 10.4969550851413 3.61802242301267 9.99003591027304
6487.6 7.93180789945288 6.27815080316806 8.87039992488735
6680.66 3.54907649046766 3.02353462531584 8.88400651715529
6731.64 5.06806961408889 4.25111907753741 5.86606660654616
6751.59 6.64276573035758 5.55854837691481 10.0310566614862
6792.8 3.75015810929818 3.35399853693448 5.89780464481737
7064.07 11.3245008871141 4.38713928800803 13.6083581498397
7146.78 31.3926626144306 9.92985469770718 10.161305972234
7175.69 32.3273001139605 9.58740213725886 9.99373568143073
7222.75 22.6014438392356 7.14403533039468 9.52549269442352
7334.25 10.3802667707294 4.346338959356 9.80886458283203
7583.83 100 27.2894765114381 9.77158499479083
7651.95 26.9192223545171 6.47458099981612 11.2057513970194
7947.74 8.63189126030801 6.47965939376743 8.53318286588819
8031.58 4.23643323331776 3.49883122545112 8.7018307030603
8284.34 8.12430720678569 6.94216097517737 10.3481955422722
8329.59 4.11778829370808 3.9507737738261 9.04881471632689
8554.32 1.72245115221553 3.09771041216283 3.76471498639148
8595.33 3.08583749293462 5.60197004996146 22.1989392807372
8610.38 1.92770130801211 3.38717024226403 5.88607164644054
8767.1 4.68479215683946 3.7208741206642 12.3974796183393
8794.06 7.85162743865259 5.54519647613033 12.8560554818814
8816.61 8.89969115185127 5.74354139869308 11.1415211468393
8911.54 8.99418325239646 4.45051766509636 11.0747483103787
9010.38 13.519580204916 5.79925288149607 11.6673672917641
9058.78 11.7579596484976 5.14199318583074 11.2353877317601
9170.01 7.39304902938571 3.28076147550551 9.91640978426949
9400.14 24.1694670793664 8.98506796396506 12.5429281841334
9460.41 12.556033626212 4.78131657531727 14.164791866102
10000.76 2.36942002627473 4.08335295668138 10.9135516724436
10030.46 2.26624197959659 3.69709128862328 6.61611761536551
10167.16 3.2167295772411 4.06640481005598 12.1565983224427
10208.59 5.93607582194915 7.55845002078972 11.262419665878
10316.08 2.65316171393715 3.12093205012818 12.2858450320709
10531.29 3.37443380128277 5.16981074578355 10.3016274924557
10808.02 1.58771975958012 3.03559818833967 7.21671805787992
10852.3 1.7071494940079 3.27148812824492 2.29545648173189
11108.86 2.929395914143 5.48411172006096 13.448301256698
11139.62 2.27970217958356 4.25012554318936 19.7265982609697
11364.66 2.07851359111832 4.25434130799719 12.54358140568
11689.01 2.13614585364798 6.52068922814179 14.8884158246874
11761.14 1.00756725953546 3.55624855442897 11.6488090440544
11778.28 0.913633034096285 3.35060567597333 4.3914493386601
