4022.92 8.51746601931531 4.74093831063337 5.68009859871108
4067.64 6.56055112442068 3.72273357128362 4.15644426420704
4192.15 10.9896836097133 3.908767386915 3.43552273332716
4207.93 45.3882050394732 15.1325426754804 7.70570872317876
4283.43 11.08594894685 3.15171383973184 4.57709972711837
4294.96 11.2962552935591 3.19309523506618 3.50321490822171
4344.64 10.2352099485324 3.13991617694319 4.88574193814839
4394.09 13.812004659035 5.12166409794946 6.63150795623096
4419.41 7.7842422138419 3.23807789597759 6.51265111145949
4591.6 22.5161172734671 8.08031037160879 5.52680963064449
4623.92 13.4385685320259 4.11746782717906 10.6268823001328
4673.04 14.0593581638547 4.54026831967897 6.36860599049123
5005.86 8.76226806515678 4.19300348125279 6.41980886730653
5057.36 21.6680262844872 10.02881401913 7.83370923345774
5075.51 7.2775604006934 3.26817185092314 11.422772115091
5248.41 32.9440906565546 15.1749291021479 8.67974693640372
5465.5 7.89784379528987 5.50068910841975 3.92019107055512
5482.52 4.35992208020657 3.00857643783776 2.44225360966084
5600.32 5.70300714097726 3.83496504373325 2.89367993047017
5702.33 4.46400194481756 3.13296877582214 1.24772060348823
5762.36 4.66057839652879 3.58048362500161 1.96814238512343
5979.8 2.93315724735925 3.02737796927367 1.3357016860773
5983.23 2.98217133418959 3.05969025046191 1.4432218440943
5996.26 6.20759530775925 5.71233465598674 6.71076815207834
6184.23 30.3370854571612 8.16617684230103 20.7753871844652
6271.1 42.6190027568967 10.8049902619384 8.61391123987778
6484.33 9.98535823986159 7.41027381858439 7.39281277035479
6754.32 6.93669979087701 5.11587768660844 8.62749081179209
7057.28 9.80752668012319 4.15537494133249 12.0696632187473
7144.14 22.6815586682073 6.87697373562982 9.63285339645972
7173.98 28.2570987902211 7.81892867050238 10.3035238804323
7219.94 24.8382708046316 7.21161610746816 9.56883029177516
7329.22 9.51050005525525 3.53758406300255 10.4568592778633
7581.75 100 22.0629128579573 10.1828183933849
7650.34 27.9408528116323 5.17558567308297 13.4107439293784
7944.32 7.63441268385216 5.20542957811682 8.09855285428512
8029.94 3.79812376042406 3.42980236307613 7.96505989544585
8282.84 7.99640019339175 7.70704649197621 10.2469784510322
8310.78 3.8546883786198 3.87670786816097 1.985065023473
8329.09 3.88176900762793 4.0263491610346 7.17927559483178
8581.48 2.72446978689113 3.88054598346451 4.02391681506379
8590.26 3.94990229635054 5.55970170490382 1.69235152927286
8597.36 3.33736227791042 4.65065052188682 3.14331371279332
8610.21 2.32925253917783 3.10261654082297 6.24873470192142
8793.2 8.36131608750243 4.94503631327776 15.0464479777947
8816.78 8.45457260477732 4.66947858798788 11.6732234669053
8910.51 7.99743868821399 3.70856500979919 11.88130270904
9009 12.4440284707233 5.47337947626044 9.58121640845457
9057.74 10.0697117785382 4.5626868658064 12.0677182842155
9397.32 25.7259007510293 8.2164560693788 11.6201720612789
9459.35 12.7229129404956 4.00010562618817 14.4871410236592
9998.04 3.05252857808519 4.73514091100392 5.35910456000238
10162.24 3.90386923083835 4.37871432341292 11.9244588312522
10206.58 6.78643173942842 7.7353009555105 8.76348983531534
10530.17 3.51828855575373 5.01791519713106 3.18181049954546
10849.3 2.0584533508316 3.77980447533589 6.5313603317627
11102.03 2.83607971257518 4.89456199705081 9.80779177954719
11134.68 2.19074525512793 3.72341714408187 15.3172815721791
11363.89 2.04214540666059 3.60943173007651 8.41174646883701
11684.16 2.36009495008892 5.54662807364517 2.97950229630806
11821.38 1.06814994018511 3.05799585150043 2.15444485305488
