4089.91 17.8918084549894 3.36088114500284 8.22196235752835
4152.46 21.3153739621035 4.25368274649984 9.91920676613699
4199.19 61.156887391638 12.1859660116688 8.51980562391691
4285.76 37.2449980873571 5.7951208805719 9.69791176340004
4354.51 24.429945588877 3.66039708103439 8.30294784535818
4461.14 19.937564707332 4.40666970568356 7.69315784001265
4638.28 51.4181296072037 4.71785649236838 13.2578801801519
4680.96 44.1023358441109 4.35817803281193 12.2231560316532
4951.2 43.4259841840202 12.3512170420723 10.4297394179348
5026.3 11.5100683366794 3.23668059148968 6.58525325866231
5079.48 20.0948031956534 5.6830288416487 13.1939548604232
5255.55 60.8542968144562 14.5749059628111 12.4925872414178
5383.59 17.2254619208885 4.54743332161615 11.4760070413149
5618.09 15.1711887521746 6.29289996055114 11.501029471633
5819.02 6.73224851332907 4.19422121004733 11.0057356957768
5934.24 30.1982388716178 11.4047334783153 11.603064492173
6006.57 88.5365916838221 21.4097210421846 11.701307742479
6118.72 97.3106325456139 13.9958962649274 12.2401253970465
6339.41 100 15.0974910713015 13.5305935633869
6574.16 57.9824650299083 16.2519483412557 13.9855356436965
6794.32 52.2903345332969 12.5902466827133 16.7113968317917
7110.95 25.2136811377169 4.58308527030793 24.6493588234198
7198.27 63.4916282890348 9.63577296455389 29.1959213743066
7509 7.81271215771684 4.07802012395085 18.012718277455
7743.69 22.2254223573293 11.3913598814562 14.7272755906906
7842.9 17.5213109260544 5.04917023504454 16.8642870363337
8710.75 5.71196591893055 4.71478246775913 13.4159233892933
8797.13 11.139310398266 7.22097934603613 46.7064587653695
8908.27 11.3103761418617 5.72062625501369 16.8021018453583
9033.53 11.481812983749 5.25196229312785 18.6132322711528
9140.1 19.5092724700955 9.60429904612151 22.9915105020045
9466.94 30.0960222848319 10.7607586061558 26.9021612798024
9561.43 13.3939210766052 3.88506647476562 32.7111720153189
9902.16 9.64590057927779 4.83982373232184 31.670946019658
10249 6.78948869802952 3.86367956890608 25.768116799487
10454.53 5.877979961304 4.96308607251837 20.3847508365343
10885.94 3.12442594628116 3.88249329969595 14.9986038518909
11113.6 5.03900843571696 6.58872307511815 23.9308078041267
11407.07 3.3077694531706 4.16021550271186 23.5307786460125
11694.25 1.68230944046186 3.01081673594297 6.71668288714682
11707.27 1.98665044875159 3.7165355921561 12.0487266601867
