4152.34 27.1596289729575 4.61310257362636 10.1510406997377
4199.31 57.8310333897062 10.6885876730825 11.8905207969592
4356.48 31.3796137832642 5.87815856736751 13.3901930448919
4637.9 77.7208042281542 4.14683661477468 13.8272166014876
4681.47 66.3542892351341 3.59574648692509 13.9091650554747
4950.02 86.641207301012 22.1556736159901 13.0725944211381
5255.95 71.1957240891235 11.5014438476148 16.4719580713063
5383.32 18.3613617026717 3.46999478807282 17.0329597785203
5620.46 12.0059348736336 4.66934454050375 15.2324614065046
5818.17 5.00825627207066 3.65888323656099 13.6599629628854
5933.39 13.1033833555483 4.03047218913749 14.2059241963025
6007 92.5720264672137 15.8654548280882 16.3899330630102
6118.86 100 9.80403028543779 16.6436400631828
6338.38 87.7295792091113 11.7302160574567 19.8512170237518
6574.01 46.846533028252 15.8998975259929 17.9296756594413
6794.01 49.1939735371801 11.1138007946846 22.3877119125736
7195 75.5843846727076 11.0801437426817 31.310944962036
7745.62 15.9002293996075 7.43760729249027 23.1733274068711
7843.71 19.1353141850901 4.70818862297358 24.5043435200505
8088.19 11.1715036289903 3.44125758070273 22.0084778489527
8819.86 8.8789131854362 3.88294261237852 53.8876343703632
8908.1 9.97461980228934 3.14109082681323 23.7868784733728
9032.32 16.9087031435038 4.29382950373757 27.5968235699947
9139.76 18.8935035900855 5.09450026165432 31.4072596231181
9467.29 29.5981161987932 9.18059505396479 37.4700305036713
9904.32 10.3231996982804 4.80013875528532 35.7712564430076
10244.25 7.86549265608631 4.15419177165099 31.4187192191694
10460.44 4.99632927978683 3.50560889703765 37.0925279111198
10924.14 2.2660680116518 3.04394229708079 27.5310613649344
11113.23 3.94127948915891 5.28542456616269 30.2728499621462
11702.02 1.76890425412527 3.49417977540658 12.2895222551379
