4151.38 16.6784350514263 4.30480731409704 8.26191850847317
4200.03 47.3740097277172 12.8420478195932 8.6364982507539
4286.25 24.6332225539894 5.56589034880248 8.69460300420906
4343.16 16.0386841380405 3.10862703168679 5.75147733615722
4354.38 18.4667650703254 3.4839759419014 7.69182565924166
4406.25 16.4294734571453 3.46929153388515 6.21609430631088
4461.02 28.1852385730761 7.21782431336878 7.39721905616534
4627.22 43.0565947019671 7.74116063231704 10.0566798962373
4674.83 17.0303119970517 3.19581431870251 14.5400027898659
4850.64 10.3394587480221 3.81782971025573 13.8420023463868
4951.07 23.6348167911015 8.95710120891917 9.13224756424188
5027.09 12.9547009014044 5.02032475886661 9.1367255961195
5079.22 12.3020753968305 4.61443723492932 9.56703995648877
5133.2 11.017499736461 3.89547622793823 8.65561238760529
5254.74 57.3563951226561 16.672274562313 11.6251934049933
5471.95 9.83540376721771 3.86752964278715 8.52199222746549
5616.43 9.42306166221706 4.36565227437541 23.7794255328963
5816.48 4.04925791408486 3.30170791699282 7.37702519723189
5932.96 20.9558017750568 10.74610848361 9.99681750289164
6005.71 78.0740402077619 24.8069336036657 11.0660810011241
6118.43 100 18.1851207474974 11.4242181856707
6220.31 21.2423717019049 3.23024134458214 10.7157074037614
6339.26 97.4789771762869 18.4701532399567 12.3327680335242
6572.52 46.3137743815836 17.4660758150569 12.6121361425867
6793.56 37.8455657480198 12.8478349372229 15.2558762248273
7113.43 19.6580362258844 4.43093399069271 25.9538119370163
7197.02 69.9031152254698 12.3362340193616 29.3454869514962
7742.72 22.5264508162583 13.5236616345376 14.3697717485766
7841.44 16.2099849092986 6.01229117570938 14.9989208293791
8086.21 9.55175976675686 3.78155909022105 15.9136915599383
8711.26 3.33916174994898 4.21979325347778 10.4711966056148
8795.94 9.17334429691021 7.84577677245134 24.6447223500581
8822.76 8.81194033645999 6.70852083237819 23.6263901569946
8908.1 11.2118817184972 6.6157697090318 18.9479705616777
9033.53 13.6268006727476 6.82230981448997 18.7927296107373
9138.71 21.1506667906682 11.2691198656654 21.8793552327807
9465.53 34.0441705951345 14.7369904442321 24.6440271098381
9554.52 9.97214271458584 3.54143899885491 27.4602523709891
9904.68 7.99649242163443 5.23917683515234 28.7575574846524
10248.27 6.4796398124095 5.08815070036233 24.5028352273621
10456.56 5.33446809812011 5.7196122847809 22.8116401673215
10880.49 2.08294385564489 3.61192923268487 18.770397134449
11112.85 3.73311206845289 7.51792334128869 23.739258451611
11404 1.91252636230956 3.44535344959665 20.3223550426283
11709.4 1.17265978347973 3.35244642069947 4.59599549457198
11831.14 0.804400004240328 3.41673971034349 2.95954466788862
