4089.91 16.2295342285467 3.09458349752605 9.61148693521409
4150.53 22.3389699941162 4.29360080447196 10.1783081727463
4198.09 63.3068412877327 12.3493426667086 10.4453547585326
4286.37 28.4179717820441 4.71502131299798 11.1818590044477
4353.89 24.9273835635262 3.52736284016917 10.9952857489916
4637.39 54.5206103865848 3.97068754129586 16.3898104450773
4681.08 44.6820033502289 3.42745406037818 14.4947604381914
4949.5 52.3137765223881 15.9751957192114 11.7039604281572
5025.11 10.7275153877365 3.20894489219533 11.6206651295315
5077.89 17.0224483384222 4.85944833622602 14.3214652623192
5254.87 73.8087080355353 13.6475757836867 14.1414111479389
5617.81 11.8203680120631 4.98275751686055 20.0679136962108
5933.53 19.4599931511258 5.83617884902255 14.0022697723753
6006.29 82.7908724216433 14.3990638333484 15.0504529359314
6118 94.4594189791761 9.51197354196587 15.6299901403981
6338.82 100 12.2388528248482 17.8395395457583
6572.97 46.3553435819428 14.069446263562 17.7342779351056
6794.17 43.6823646995407 10.0266623404685 21.7787165863174
7115.13 26.6373252139532 4.00729827734335 33.2533081548636
7195.46 68.2497699279104 8.33274632043831 31.3949344188159
7742.88 15.8536357511844 8.2952303344856 23.6736570530429
7841.93 15.9634182900191 3.97922890074686 23.1113512647635
8291.82 5.55272088532979 3.15117023617025 20.4895036848266
8821.39 11.1474797190209 4.71997740806393 50.8849704105887
8907.93 12.5658030595224 3.94947262108146 23.5080244248347
9030.76 18.3378674737513 4.8846634076078 21.9303054349839
9139.58 18.7296687640635 5.43408175240818 29.1645345678771
9465 27.9942376854404 9.15317605318828 38.6902997886245
9901.8 10.972107726265 5.71626177319624 38.0556606479004
10246.81 8.39973162663944 4.92624470694817 29.4315191432433
10454.34 5.14647524816223 4.00806680072758 36.0956960749845
10923.96 2.57314589743875 3.9438207902754 29.529007980118
11110.95 4.4917266819886 6.62400111648842 31.2047692811284
11704.16 2.11733171782022 3.81936378598015 19.5892284995298
