4149.57 29.7039049481934 6.18369881955396 9.38905280250765
4196.52 64.8419190909582 13.2742658078594 7.32902850567825
4284.05 48.0509748040521 7.51405808604701 8.23819616574565
4352.41 23.670645397135 3.27049200426487 7.75148220683241
4457.02 18.6586492018556 3.39831929556957 7.71881712934282
4632.81 21.290090145101 4.52397675209516 17.1010238128401
4673.04 27.5767239513516 6.44816409518697 12.3786526459826
4854.66 11.2610981761756 3.36442961096975 17.9168578174249
4948.06 31.3342699632555 7.80346892135562 8.85295834977114
4980.21 12.5103155763236 3.1527465666065 8.98936494520331
5076.83 39.8480501038506 10.7844510378163 9.57384897011161
5252.58 82.9858800052709 18.8043713496879 9.17876423540292
5381.96 28.4841720092011 7.90031502372708 9.05743754768901
5467.56 8.76938378035454 3.36361225785847 6.02860622316985
5601.7 9.354725105805 4.88092387898728 7.35312831721603
5615.31 19.451279283945 10.6287618516661 9.34431992141799
5773.06 3.99090358204529 3.16337814042736 9.18189786534731
5815.49 7.63044988940982 6.29465225435476 9.70334055911826
5930.82 38.2929739967247 19.0337796472217 9.25569055182041
6002.85 100 33.2106391150333 9.23725664657468
6115.54 98.623969922685 17.7994316712458 9.35397032018045
6217.83 24.7322918239169 3.34118557611815 9.88896195998223
6335.89 83.8658897984649 13.3304075052564 10.9587418498995
6446.52 12.2821756389942 3.09904083370256 10.1503161422024
6570.28 61.3101284737737 20.9403295273027 10.9412019183619
6746.3 20.9306625452523 4.61903040698883 12.3559302344056
6789.46 78.3885063840886 17.4732506377366 12.8000482610132
6923.24 11.5474186558761 3.17573089103127 16.3515942898493
7106.92 35.6334710460996 7.66954960521642 14.8251275229832
7178.03 42.0114070979335 7.45447311798513 11.8942990361966
7193.75 40.1411977840098 7.39132171584909 14.563526058786
7501.53 10.8488633260398 5.8247036668968 35.799433209123
7739.5 22.057075688407 14.2817001657959 11.9872211664242
7838.04 18.5809575042675 7.02476996994978 11.7628253353996
8083.26 10.2965953040604 3.09475473312269 15.164178422001
8706.67 8.17353256121376 7.89423916009636 12.5589204645657
8794.23 13.598748932048 7.51944681651046 43.5350861880161
8904.5 12.9950634385824 4.28227538695883 15.1805479135292
9013.83 23.7942262947818 5.92629723493781 30.1374490827675
9134.72 18.4223153133245 4.93737565567159 18.5487227204667
9462.35 21.6012835882844 11.2654337305009 15.9650023177201
9554.34 23.835199614307 10.1339039262526 18.8538379166275
9912.07 10.365427636013 5.19292463101651 34.137524158883
10033.18 6.7353920057515 3.05815617014453 15.2039152162433
10154.4 6.69537678563113 3.05789502886021 18.5208494465896
10242.42 6.09278828288784 3.09984464663461 25.9253645610879
10451.94 5.12195080610782 4.00890687759886 15.1093349923703
10588.6 3.37792595751923 3.84008105902409 27.0073443176807
10879.17 4.28658516054419 7.59643578402772 16.9928566466551
10923.77 2.58013768889439 4.54394322649806 14.3035532152426
11113.98 3.83532753540546 6.93353615742036 16.5114518109185
11397.28 4.46002429619161 6.04791782564779 23.1967599500113
11701.44 1.86721579097435 3.57382086423087 18.3119820322572
11835.63 1.14828097931227 3.5298502174867 15.3527285726777
11843.05 1.08257332598269 3.38592370527448 4.99107089243807
