4153.55 19.4134947291071 3.73960915490087 12.8175871689755
4199.91 50.9089971900434 10.6472413036184 11.9616278609892
4288.7 21.1821798431125 4.11720375085075 13.3884069163423
4356.73 32.109694859672 6.06917510151797 12.4522267177699
4638.66 33.8647146205204 4.36924337085445 15.494075806786
4680.7 23.3511399419575 3.23439046979218 14.5776961558349
4951.86 100 31.5823370086467 12.4938321664731
5082.93 20.0284330371732 6.59192510930465 17.8532233330343
5257.16 52.8493616292463 12.4033522099517 15.2380836442217
5622.12 7.37187395798527 4.86416502349253 27.936914191595
5937.1 18.9425459117392 5.15375717093861 15.5272502256603
6008.73 76.5936867015801 13.8146695551762 16.3440608406427
6119.88 78.6808595181764 10.2486229893902 16.5568875105782
6339.71 60.8381111290505 12.7933791479327 19.0526580875239
6575.06 45.4064601865607 22.1725619693523 18.9235190586351
6793.71 39.4756775031109 12.7551808900175 20.4749167034142
7114.67 15.0454918639107 3.90610360826667 23.5545807799699
7198.89 42.5787802733199 9.37062900217308 30.7640278187109
7505.34 4.66271977496621 3.00899351820253 32.9870450319122
7742.4 9.09232343651936 6.00295829423647 21.7908148519291
7844.2 15.9309944893533 5.22030942529846 22.6147178623169
8089.34 10.157998169513 4.07155312941504 24.6517771328172
8713.98 3.02625622947115 3.44454138546315 17.9139519458931
8823.45 6.41396879382025 4.42482625972068 49.5406894585994
8910.68 7.80080668213291 4.11064924252734 21.6603985337806
9035.08 10.0104893476613 4.46912071385003 38.8345359754458
9142.19 10.1690769282338 4.83013021151032 27.5685497330178
9468.53 16.0437355421125 9.81988027231709 31.8322927218178
9564.98 7.50886892391922 3.82102809380609 31.7812533980396
9907.92 9.15271888684872 6.65406624023924 35.9838443223798
10887.63 2.21468766283561 4.58510390316595 26.3148247331337
10922.26 1.55715800518021 3.20628117142905 30.9879263924267
11116.83 2.87707233685128 6.40831015658166 25.1696641753933
11406.11 2.52781933268755 5.18072919271695 28.9241204082809
11703.77 1.17941884890633 3.41555417309902 28.7910592255048
11846.56 0.731804132093683 3.1016717027794 13.4542239123693
